0 BRANCH 0 EU 28820368 1 NA 48067448 2 EU 149164968 3 NA 24371136 4 EU 43927184 5 EU 28672000 6 EU 48375432 7 NA 8388608 8 EU 56255160 9 EU 48375432 10 NA 48067448 11 EU 56255160 12 NA 66605352 13 EU 48375432 14 EU 28672000 15 EU 28820368 16 EU 55892616 17 EU 28672000 18 NA 41636560 19 NA 66605352 20 EU 149164968 21 EU 16777216 22 NA 48067448 23 EU 28672000 24 EU 176160768 25 NA 66605352 26 EU 56255160 27 EU 55892616 28 NA 66605352 29 EU 56255160 30 EU 176160768 31 NA 41636560 32 EU 56255160 33 EU 34292528 34 NA 48067448 35 EU 28672000 36 EU 16777216 37 EU 48375432 38 EU 149164968 39 EU 176160768 40 EU 48375432 41 EU 149164968 
1 CHAIN 0 EU 28820368 42 EU 16777216 43 NA 48067448 44 EU 56255160 45 NA 66605352 
2 CHAIN 1 NA 48067448 46 NA 5079504 47 EU 149164968 48 EU 176160768 49 NA 13480656 
3 CHAIN 2 EU 149164968 50 EU 149164968 51 EU 34292528 52 NA 66605352 53 EU 149164968 
4 CHAIN 3 NA 24371136 54 NA 24371136 55 EU 48375432 56 EU 56255160 57 NA 24371136 
5 CHAIN 4 EU 43927184 58 NA 5079504 59 EU 149164968 60 EU 28820368 61 EU 54222072 
6 CHAIN 5 EU 28672000 62 EU 56255160 63 EU 48375432 64 EU 55892616 65 EU 56255160 
7 CHAIN 6 EU 48375432 66 EU 19660800 67 EU 48375432 68 EU 149164968 69 NA 66605352 
8 CHAIN 7 NA 8388608 70 EU 176160768 71 EU 149164968 72 NA 41636560 73 EU 54222072 
9 CHAIN 8 EU 56255160 74 EU 149164968 75 NA 24371136 76 NA 48067448 77 EU 149164968 
10 CHAIN 9 EU 48375432 78 EU 48375432 79 NA 13480656 80 EU 11591680 81 EU 34292528 
11 CHAIN 10 NA 48067448 82 NA 4194304 83 EU 28672000 84 EU 176160768 85 EU 34292528 
12 CHAIN 11 EU 56255160 86 EU 149164968 87 NA 41636560 88 EU 48375432 89 EU 149164968 
13 CHAIN 12 NA 66605352 90 EU 48375432 91 EU 3178584 92 EU 56255160 93 EU 176160768 
14 CHAIN 13 EU 48375432 94 EU 5898240 95 EU 149164968 96 NA 41636560 97 NA 4194304 
15 CHAIN 14 EU 28672000 98 EU 149164968 99 EU 19660800 100 EU 12288000 101 EU 56255160 
16 CHAIN 15 EU 28820368 102 EU 28820368 103 EU 176160768 104 EU 149164968 105 EU 16777216 
17 CHAIN 16 EU 55892616 106 EU 6296704 107 EU 149164968 108 NA 24371136 109 EU 8192000 
18 CHAIN 17 EU 28672000 110 EU 56255160 111 EU 28820368 112 EU 43927184 113 EU 149164968 
19 CHAIN 18 NA 41636560 114 EU 48375432 115 NA 8388608 116 EU 28672000 117 NA 24371136 
20 CHAIN 19 NA 66605352 118 NA 66605352 119 EU 28672000 120 NA 41636560 121 NA 9216000 
21 CHAIN 20 EU 149164968 122 EU 149164968 123 EU 55892616 124 NA 4194304 125 EU 149164968 
22 CHAIN 21 EU 16777216 126 EU 176160768 127 NA 13480656 128 EU 149164968 129 NA 41636560 
23 CHAIN 22 NA 48067448 130 EU 54222072 131 EU 149164968 132 NA 66605352 133 NA 5079504 
24 CHAIN 23 EU 28672000 134 EU 56255160 135 EU 176160768 136 EU 8192000 137 EU 149164968 
25 CHAIN 24 EU 176160768 138 NA 24371136 139 NA 8388608 140 EU 149164968 141 NA 66605352 
26 CHAIN 25 NA 66605352 142 EU 54222072 143 EU 149164968 144 EU 176160768 145 NA 66605352 
27 CHAIN 26 EU 56255160 146 EU 149164968 147 EU 176160768 148 NA 8388608 149 EU 149164968 
28 CHAIN 27 EU 55892616 150 EU 16777216 151 EU 54222072 152 EU 149164968 153 EU 19660800 
29 CHAIN 28 NA 66605352 154 EU 54222072 155 EU 28672000 156 NA 41636560 157 EU 6296704 
30 CHAIN 29 EU 56255160 158 EU 149164968 159 EU 55892616 160 NA 9216000 161 EU 149164968 
31 CHAIN 30 EU 176160768 162 NA 41636560 163 EU 54222072 164 EU 11591680 165 NA 24371136 
32 CHAIN 31 NA 41636560 166 EU 19660800 167 EU 11591680 168 EU 48375432 169 NA 41636560 
33 CHAIN 32 EU 56255160 170 EU 149164968 171 NA 66605352 172 EU 54222072 173 EU 149164968 
34 CHAIN 33 EU 34292528 174 EU 34292528 175 NA 3391304 176 EU 149164968 177 NA 66605352 
35 CHAIN 34 NA 48067448 178 EU 176160768 179 EU 149164968 180 EU 176160768 181 NA 48067448 
36 CHAIN 35 EU 28672000 182 EU 56255160 183 NA 66605352 184 EU 176160768 185 EU 56255160 
37 CHAIN 36 EU 16777216 186 EU 48375432 187 EU 43927184 188 EU 11591680 189 EU 176160768 
38 CHAIN 37 EU 48375432 190 NA 5079504 191 EU 11591680 192 EU 55892616 193 EU 5898240 
39 CHAIN 38 EU 149164968 194 EU 149164968 195 NA 24371136 196 NA 66605352 197 EU 149164968 
40 CHAIN 39 EU 176160768 198 EU 34292528 199 EU 1638400 200 EU 149164968 201 EU 16777216 
41 CHAIN 40 EU 48375432 202 EU 12288000 203 EU 149164968 204 EU 176160768 205 NA 48067448 
42 CHAIN 41 EU 149164968 206 EU 56255160 207 EU 176160768 208 EU 6296704 209 EU 11591680 
