0 BRANCH 0 EU 55892616 1 EU 43927184 2 EU 28672000 3 EU 28820368 4 NA 13480656 5 EU 149164968 6 NA 24371136 7 EU 6296704 8 EU 28672000 9 NA 41636560 10 EU 54222072 11 EU 56255160 12 NA 66605352 13 EU 19660800 14 EU 149164968 15 EU 48375432 16 EU 43927184 17 EU 149164968 18 NA 41636560 19 EU 54222072 20 EU 56255160 21 EU 48375432 22 EU 43927184 23 EU 11591680 24 NA 41636560 25 NA 48067448 26 EU 149164968 27 EU 34292528 28 NA 48067448 29 EU 11591680 30 NA 41636560 31 NA 66605352 32 EU 149164968 33 EU 28820368 34 NA 48067448 35 EU 28672000 36 EU 34292528 37 EU 2129920 38 EU 11591680 39 EU 34292528 40 EU 19660800 41 EU 149164968 
1 CHAIN 0 EU 55892616 42 EU 19660800 43 EU 5898240 44 EU 149164968 45 EU 55892616 
2 CHAIN 1 EU 43927184 46 EU 54222072 47 EU 149164968 48 EU 34292528 49 EU 43927184 
3 CHAIN 2 EU 28672000 50 EU 149164968 51 NA 41636560 52 NA 8388608 53 EU 28672000 
4 CHAIN 3 EU 28820368 54 NA 41636560 55 EU 54222072 56 EU 56255160 57 NA 41636560 
5 CHAIN 4 NA 13480656 58 EU 34292528 59 EU 149164968 60 EU 176160768 61 NA 9216000 
6 CHAIN 5 EU 149164968 62 EU 56255160 63 NA 24371136 64 EU 43927184 65 EU 11591680 
7 CHAIN 6 NA 24371136 66 NA 66605352 67 EU 43927184 68 EU 149164968 69 EU 48375432 
8 CHAIN 7 EU 6296704 70 NA 48067448 71 EU 149164968 72 EU 176160768 73 EU 48375432 
9 CHAIN 8 EU 28672000 74 EU 56255160 75 EU 19660800 76 EU 55892616 77 EU 149164968 
10 CHAIN 9 NA 41636560 78 EU 34292528 79 EU 54222072 80 EU 56255160 81 EU 48375432 
11 CHAIN 10 EU 54222072 82 EU 28820368 83 EU 28672000 84 EU 48375432 85 NA 8044008 
12 CHAIN 11 EU 56255160 86 EU 56255160 87 EU 55892616 88 NA 48067448 89 EU 11591680 
13 CHAIN 12 NA 66605352 90 EU 55892616 91 EU 54222072 92 EU 149164968 93 EU 176160768 
14 CHAIN 13 EU 19660800 94 EU 16777216 95 EU 56255160 96 NA 41636560 97 EU 5898240 
15 CHAIN 14 EU 149164968 98 EU 149164968 99 EU 176160768 100 NA 8044008 101 EU 56255160 
16 CHAIN 15 EU 48375432 102 EU 176160768 103 EU 3178584 104 EU 149164968 105 NA 24371136 
17 CHAIN 16 EU 43927184 106 EU 34292528 107 EU 11591680 108 EU 48375432 109 EU 43927184 
18 CHAIN 17 EU 149164968 110 EU 149164968 111 EU 55892616 112 EU 48375432 113 EU 56255160 
19 CHAIN 18 NA 41636560 114 EU 55892616 115 EU 54222072 116 EU 28672000 117 EU 28820368 
20 CHAIN 19 EU 54222072 118 EU 54222072 119 EU 149164968 120 EU 48375432 121 NA 66605352 
21 CHAIN 20 EU 56255160 122 EU 28672000 123 EU 48375432 124 EU 34292528 125 EU 56255160 
22 CHAIN 21 EU 48375432 126 NA 66605352 127 EU 55892616 128 EU 56255160 129 EU 34292528 
23 CHAIN 22 EU 43927184 130 EU 176160768 131 EU 28672000 132 EU 28820368 133 EU 48375432 
24 CHAIN 23 EU 11591680 134 EU 56255160 135 EU 55892616 136 NA 41636560 137 EU 56255160 
25 CHAIN 24 NA 41636560 138 NA 41636560 139 EU 43927184 140 EU 149164968 141 EU 176160768 
26 CHAIN 25 NA 48067448 142 NA 48067448 143 EU 28672000 144 EU 176160768 145 EU 2457600 
27 CHAIN 26 EU 149164968 146 EU 149164968 147 NA 66605352 148 EU 176160768 149 EU 56255160 
28 CHAIN 27 EU 34292528 150 EU 55892616 151 NA 8388608 152 EU 56255160 153 EU 176160768 
29 CHAIN 28 NA 48067448 154 EU 2457600 155 EU 11591680 156 NA 66605352 157 NA 8388608 
30 CHAIN 29 EU 11591680 158 EU 56255160 159 EU 48375432 160 EU 54222072 161 EU 28672000 
31 CHAIN 30 NA 41636560 162 EU 19660800 163 EU 28820368 164 EU 56255160 165 EU 28820368 
32 CHAIN 31 NA 66605352 166 EU 43927184 167 EU 149164968 168 NA 66605352 169 NA 48067448 
33 CHAIN 32 EU 149164968 170 EU 149164968 171 EU 34292528 172 EU 16777216 173 EU 149164968 
34 CHAIN 33 EU 28820368 174 NA 41636560 175 NA 48067448 176 EU 149164968 177 EU 176160768 
35 CHAIN 34 NA 48067448 178 NA 13480656 179 EU 56255160 180 EU 34292528 181 EU 54222072 
36 CHAIN 35 EU 28672000 182 EU 149164968 183 NA 66605352 184 EU 55892616 185 EU 56255160 
37 CHAIN 36 EU 34292528 186 NA 66605352 187 EU 43927184 188 EU 149164968 189 NA 66605352 
38 CHAIN 37 EU 2129920 190 NA 48067448 191 EU 28672000 192 EU 34292528 193 EU 55892616 
39 CHAIN 38 EU 11591680 194 EU 56255160 195 EU 16777216 196 NA 48067448 197 EU 28672000 
40 CHAIN 39 EU 34292528 198 EU 48375432 199 NA 8044008 200 EU 149164968 201 NA 24371136 
41 CHAIN 40 EU 19660800 202 NA 48067448 203 EU 149164968 204 EU 48375432 205 EU 54222072 
42 CHAIN 41 EU 149164968 206 EU 56255160 207 EU 55892616 208 NA 48067448 209 EU 56255160 
