0 BRANCH 0 EU 19660800 1 EU 43927184 2 EU 56255160 3 EU 176160768 4 NA 8388608 5 EU 56255160 6 EU 16777216 7 EU 43927184 8 EU 149164968 9 EU 48375432 10 NA 66605352 11 EU 56255160 12 EU 176160768 13 EU 6296704 14 EU 56255160 15 NA 41636560 16 NA 8388608 17 EU 56255160 18 EU 16777216 19 EU 54222072 20 EU 28672000 21 EU 28820368 22 EU 55892616 23 EU 56255160 24 EU 28820368 25 NA 8388608 26 EU 149164968 27 NA 41636560 28 EU 55892616 29 EU 28672000 30 EU 34292528 31 NA 13480656 32 EU 149164968 33 EU 48375432 34 EU 176160768 35 EU 149164968 36 EU 55892616 37 NA 48067448 38 EU 149164968 39 EU 176160768 40 NA 48067448 41 EU 56255160 
1 CHAIN 0 EU 19660800 42 EU 16777216 43 EU 48375432 44 EU 149164968 45 EU 55892616 
2 CHAIN 1 EU 43927184 46 EU 54222072 47 EU 11591680 48 NA 41636560 49 EU 55892616 
3 CHAIN 2 EU 56255160 50 EU 56255160 51 EU 28820368 52 EU 54222072 53 EU 56255160 
4 CHAIN 3 EU 176160768 54 EU 28820368 55 EU 43927184 56 EU 56255160 57 EU 28820368 
5 CHAIN 4 NA 8388608 58 NA 8388608 59 EU 149164968 60 NA 41636560 61 EU 19660800 
6 CHAIN 5 EU 56255160 62 EU 56255160 63 EU 34292528 64 NA 48067448 65 EU 149164968 
7 CHAIN 6 EU 16777216 66 EU 55892616 67 EU 8192000 68 EU 56255160 69 EU 176160768 
8 CHAIN 7 EU 43927184 70 EU 54222072 71 EU 149164968 72 NA 41636560 73 NA 8044008 
9 CHAIN 8 EU 149164968 74 EU 56255160 75 EU 48375432 76 NA 8044008 77 EU 28672000 
10 CHAIN 9 EU 48375432 78 EU 34292528 79 EU 54222072 80 EU 56255160 81 NA 66605352 
11 CHAIN 10 NA 66605352 82 EU 5898240 83 EU 28672000 84 EU 55892616 85 EU 2457600 
12 CHAIN 11 EU 56255160 86 EU 56255160 87 NA 66605352 88 EU 54222072 89 EU 56255160 
13 CHAIN 12 EU 176160768 90 EU 28820368 91 NA 8044008 92 EU 149164968 93 NA 66605352 
14 CHAIN 13 EU 6296704 94 EU 54222072 95 EU 56255160 96 EU 16777216 97 NA 48067448 
15 CHAIN 14 EU 56255160 98 EU 149164968 99 NA 41636560 100 NA 13480656 101 EU 28672000 
16 CHAIN 15 NA 41636560 102 EU 48375432 103 NA 66605352 104 EU 56255160 105 EU 176160768 
17 CHAIN 16 NA 8388608 106 EU 1064960 107 EU 149164968 108 EU 28820368 109 EU 43927184 
18 CHAIN 17 EU 56255160 110 EU 56255160 111 NA 41636560 112 EU 1024000 113 EU 149164968 
19 CHAIN 18 EU 16777216 114 EU 19660800 115 EU 28820368 116 EU 149164968 117 EU 55892616 
20 CHAIN 19 EU 54222072 118 EU 28820368 119 EU 149164968 120 EU 28820368 121 EU 55892616 
21 CHAIN 20 EU 28672000 122 EU 149164968 123 NA 41636560 124 EU 19660800 125 EU 28672000 
22 CHAIN 21 EU 28820368 126 EU 19660800 127 EU 54222072 128 EU 56255160 129 NA 66605352 
23 CHAIN 22 EU 55892616 130 NA 4194304 131 EU 149164968 132 EU 34292528 133 EU 12288000 
24 CHAIN 23 EU 56255160 134 EU 56255160 135 EU 48375432 136 EU 43927184 137 EU 28672000 
25 CHAIN 24 EU 28820368 138 EU 19660800 139 EU 43927184 140 EU 56255160 141 EU 55892616 
26 CHAIN 25 NA 8388608 142 EU 54222072 143 EU 11591680 144 NA 66605352 145 EU 12288000 
27 CHAIN 26 EU 149164968 146 EU 56255160 147 EU 176160768 148 NA 4194304 149 EU 56255160 
28 CHAIN 27 NA 41636560 150 EU 19660800 151 EU 8192000 152 EU 56255160 153 EU 48375432 
29 CHAIN 28 EU 55892616 154 EU 54222072 155 EU 28672000 156 EU 48375432 157 EU 12288000 
30 CHAIN 29 EU 28672000 158 EU 56255160 159 EU 16777216 160 EU 12288000 161 EU 56255160 
31 CHAIN 30 EU 34292528 162 NA 66605352 163 EU 54222072 164 EU 56255160 165 EU 48375432 
32 CHAIN 31 NA 13480656 166 EU 54222072 167 EU 149164968 168 NA 66605352 169 EU 43927184 
33 CHAIN 32 EU 149164968 170 EU 149164968 171 EU 16777216 172 EU 43927184 173 EU 28672000 
34 CHAIN 33 EU 48375432 174 EU 55892616 175 NA 48067448 176 EU 149164968 177 NA 66605352 
35 CHAIN 34 EU 176160768 178 EU 54222072 179 EU 28672000 180 EU 16777216 181 EU 176160768 
36 CHAIN 35 EU 149164968 182 EU 56255160 183 EU 176160768 184 EU 54222072 185 EU 28672000 
37 CHAIN 36 EU 55892616 186 EU 34292528 187 EU 48375432 188 EU 149164968 189 EU 55892616 
38 CHAIN 37 NA 48067448 190 NA 13480656 191 EU 149164968 192 NA 24371136 193 EU 54222072 
39 CHAIN 38 EU 149164968 194 EU 28672000 195 EU 19660800 196 EU 54222072 197 EU 11591680 
40 CHAIN 39 EU 176160768 198 EU 28820368 199 EU 176160768 200 EU 56255160 201 NA 41636560 
41 CHAIN 40 NA 48067448 202 NA 8044008 203 EU 56255160 204 EU 48375432 205 NA 819200 
42 CHAIN 41 EU 56255160 206 EU 11591680 207 NA 66605352 208 EU 54222072 209 EU 149164968 
