0 BRANCH 0 NA 66605352 1 EU 43927184 2 EU 11591680 3 NA 66605352 4 EU 12288000 5 EU 149164968 6 EU 48375432 7 NA 48067448 8 EU 56255160 9 EU 176160768 10 EU 12288000 11 EU 149164968 12 EU 176160768 13 EU 6296704 14 EU 56255160 15 EU 55892616 16 EU 3178584 17 EU 149164968 18 EU 55892616 19 NA 48067448 20 EU 56255160 21 NA 66605352 22 NA 41636560 23 EU 149164968 24 EU 48375432 25 EU 54222072 26 EU 149164968 27 EU 19660800 28 EU 48375432 29 EU 56255160 30 EU 28820368 31 EU 19660800 32 EU 149164968 33 NA 66605352 34 EU 1638400 35 EU 56255160 36 EU 28820368 37 NA 24371136 38 EU 28672000 39 EU 34292528 40 NA 13480656 41 EU 56255160 
1 CHAIN 0 NA 66605352 42 EU 28820368 43 EU 12288000 44 EU 149164968 45 EU 19660800 
2 CHAIN 1 EU 43927184 46 EU 1024000 47 EU 149164968 48 EU 55892616 49 EU 43927184 
3 CHAIN 2 EU 11591680 50 EU 28672000 51 NA 66605352 52 NA 48067448 53 EU 149164968 
4 CHAIN 3 NA 66605352 54 NA 66605352 55 EU 54222072 56 EU 56255160 57 NA 41636560 
5 CHAIN 4 EU 12288000 58 NA 66605352 59 EU 56255160 60 EU 16777216 61 EU 54222072 
6 CHAIN 5 EU 149164968 62 EU 149164968 63 NA 66605352 64 NA 8388608 65 EU 149164968 
7 CHAIN 6 EU 48375432 66 EU 48375432 67 NA 48067448 68 EU 28672000 69 EU 48375432 
8 CHAIN 7 NA 48067448 70 EU 2129920 71 EU 56255160 72 EU 34292528 73 EU 43927184 
9 CHAIN 8 EU 56255160 74 EU 56255160 75 NA 41636560 76 NA 13480656 77 EU 56255160 
10 CHAIN 9 EU 176160768 78 NA 66605352 79 EU 43927184 80 EU 149164968 81 NA 66605352 
11 CHAIN 10 EU 12288000 82 EU 6296704 83 EU 149164968 84 NA 41636560 85 EU 54222072 
12 CHAIN 11 EU 149164968 86 EU 11591680 87 EU 176160768 88 NA 48067448 89 EU 149164968 
13 CHAIN 12 EU 176160768 90 EU 19660800 91 EU 54222072 92 EU 149164968 93 EU 34292528 
14 CHAIN 13 EU 6296704 94 NA 66605352 95 EU 56255160 96 EU 19660800 97 EU 28820368 
15 CHAIN 14 EU 56255160 98 EU 149164968 99 NA 41636560 100 EU 16777216 101 EU 28672000 
16 CHAIN 15 EU 55892616 102 NA 41636560 103 EU 54222072 104 EU 149164968 105 NA 41636560 
17 CHAIN 16 EU 3178584 106 EU 2129920 107 EU 149164968 108 EU 34292528 109 NA 819200 
18 CHAIN 17 EU 149164968 110 EU 11591680 111 NA 41636560 112 EU 48375432 113 EU 149164968 
19 CHAIN 18 EU 55892616 114 NA 66605352 115 NA 13480656 116 EU 56255160 117 EU 48375432 
20 CHAIN 19 NA 48067448 118 NA 48067448 119 EU 149164968 120 EU 48375432 121 EU 43927184 
21 CHAIN 20 EU 56255160 122 EU 56255160 123 NA 41636560 124 EU 5898240 125 EU 149164968 
22 CHAIN 21 NA 66605352 126 EU 34292528 127 NA 9216000 128 EU 11591680 129 EU 34292528 
23 CHAIN 22 NA 41636560 130 EU 54222072 131 EU 56255160 132 EU 55892616 133 EU 54222072 
24 CHAIN 23 EU 149164968 134 EU 56255160 135 EU 176160768 136 NA 8044008 137 EU 149164968 
25 CHAIN 24 EU 48375432 138 NA 41636560 139 EU 43927184 140 EU 149164968 141 EU 28820368 
26 CHAIN 25 EU 54222072 142 EU 1638400 143 EU 149164968 144 NA 41636560 145 EU 48375432 
27 CHAIN 26 EU 149164968 146 EU 56255160 147 NA 24371136 148 EU 54222072 149 EU 149164968 
28 CHAIN 27 EU 19660800 150 EU 34292528 151 EU 43927184 152 EU 28672000 153 NA 24371136 
29 CHAIN 28 EU 48375432 154 NA 5079504 155 EU 28672000 156 EU 28820368 157 EU 1638400 
30 CHAIN 29 EU 56255160 158 EU 149164968 159 EU 176160768 160 EU 54222072 161 EU 149164968 
31 CHAIN 30 EU 28820368 162 EU 19660800 163 EU 1638400 164 EU 149164968 165 EU 34292528 
32 CHAIN 31 EU 19660800 166 EU 5898240 167 EU 149164968 168 NA 41636560 169 EU 54222072 
33 CHAIN 32 EU 149164968 170 EU 149164968 171 EU 16777216 172 NA 13480656 173 EU 56255160 
34 CHAIN 33 NA 66605352 174 NA 66605352 175 EU 54222072 176 EU 149164968 177 EU 16777216 
35 CHAIN 34 EU 1638400 178 NA 9216000 179 EU 149164968 180 NA 41636560 181 EU 12288000 
36 CHAIN 35 EU 56255160 182 EU 2097152 183 NA 66605352 184 EU 5898240 185 EU 149164968 
37 CHAIN 36 EU 28820368 186 EU 16777216 187 EU 2048000 188 EU 149164968 189 NA 66605352 
38 CHAIN 37 NA 24371136 190 EU 43927184 191 EU 56255160 192 EU 176160768 193 NA 66605352 
39 CHAIN 38 EU 28672000 194 EU 149164968 195 EU 176160768 196 NA 48067448 197 EU 28672000 
40 CHAIN 39 EU 34292528 198 EU 48375432 199 NA 8044008 200 EU 149164968 201 EU 19660800 
41 CHAIN 40 NA 13480656 202 EU 54222072 203 EU 28672000 204 NA 66605352 205 EU 54222072 
42 CHAIN 41 EU 56255160 206 EU 149164968 207 EU 176160768 208 EU 19660800 209 EU 149164968 
