0 BRANCH 0 EU 34292528 1 EU 2048000 2 EU 149164968 3 EU 55892616 4 NA 819200 5 EU 56255160 6 EU 48375432 7 NA 8044008 8 EU 11591680 9 EU 176160768 10 NA 8388608 11 EU 149164968 12 EU 16777216 13 EU 3178584 14 EU 149164968 15 EU 48375432 16 EU 43927184 17 EU 28672000 18 EU 55892616 19 EU 54222072 20 EU 149164968 21 EU 176160768 22 EU 34292528 23 EU 149164968 24 EU 176160768 25 EU 43927184 26 EU 149164968 27 NA 66605352 28 EU 55892616 29 EU 56255160 30 NA 66605352 31 NA 48067448 32 EU 56255160 33 EU 55892616 34 EU 43927184 35 EU 56255160 36 EU 28820368 37 NA 8388608 38 EU 149164968 39 EU 28820368 40 NA 13480656 41 EU 149164968 
1 CHAIN 0 EU 34292528 42 EU 28820368 43 EU 43927184 44 EU 149164968 45 NA 41636560 
2 CHAIN 1 EU 2048000 46 EU 54222072 47 EU 149164968 48 EU 16777216 49 EU 4096000 
3 CHAIN 2 EU 149164968 50 EU 149164968 51 EU 55892616 52 NA 66605352 53 EU 149164968 
4 CHAIN 3 EU 55892616 54 NA 66605352 55 EU 43927184 56 EU 56255160 57 NA 41636560 
5 CHAIN 4 NA 819200 58 EU 43927184 59 EU 149164968 60 EU 34292528 61 EU 54222072 
6 CHAIN 5 EU 56255160 62 EU 149164968 63 EU 176160768 64 NA 8388608 65 EU 28672000 
7 CHAIN 6 EU 48375432 66 NA 41636560 67 NA 3391304 68 EU 28672000 69 NA 41636560 
8 CHAIN 7 NA 8044008 70 NA 4194304 71 EU 56255160 72 EU 19660800 73 EU 43927184 
9 CHAIN 8 EU 11591680 74 EU 149164968 75 EU 48375432 76 EU 176160768 77 EU 28672000 
10 CHAIN 9 EU 176160768 78 NA 66605352 79 NA 48067448 80 EU 149164968 81 NA 66605352 
11 CHAIN 10 NA 8388608 82 EU 54222072 83 EU 56255160 84 EU 48375432 85 NA 48067448 
12 CHAIN 11 EU 149164968 86 EU 149164968 87 EU 176160768 88 NA 8388608 89 EU 149164968 
13 CHAIN 12 EU 16777216 90 EU 176160768 91 EU 5898240 92 EU 56255160 93 NA 66605352 
14 CHAIN 13 EU 3178584 94 EU 54222072 95 EU 149164968 96 NA 24371136 97 NA 41636560 
15 CHAIN 14 EU 149164968 98 EU 149164968 99 NA 41636560 100 NA 8044008 101 EU 56255160 
16 CHAIN 15 EU 48375432 102 EU 34292528 103 EU 54222072 104 EU 149164968 105 EU 176160768 
17 CHAIN 16 EU 43927184 106 EU 48375432 107 EU 56255160 108 EU 48375432 109 EU 28820368 
18 CHAIN 17 EU 28672000 110 EU 149164968 111 NA 24371136 112 NA 13480656 113 EU 149164968 
19 CHAIN 18 EU 55892616 114 NA 41636560 115 EU 176160768 116 EU 56255160 117 NA 24371136 
20 CHAIN 19 EU 54222072 118 EU 2457600 119 EU 28672000 120 EU 48375432 121 EU 55892616 
21 CHAIN 20 EU 149164968 122 EU 149164968 123 EU 28820368 124 EU 43927184 125 EU 11591680 
22 CHAIN 21 EU 176160768 126 NA 41636560 127 NA 8388608 128 EU 149164968 129 EU 48375432 
23 CHAIN 22 EU 34292528 130 EU 12288000 131 EU 56255160 132 EU 34292528 133 EU 176160768 
24 CHAIN 23 EU 149164968 134 EU 149164968 135 EU 55892616 136 EU 54222072 137 EU 56255160 
25 CHAIN 24 EU 176160768 138 EU 176160768 139 EU 43927184 140 EU 2097152 141 NA 66605352 
26 CHAIN 25 EU 43927184 142 NA 24371136 143 EU 149164968 144 NA 41636560 145 NA 66605352 
27 CHAIN 26 EU 149164968 146 EU 56255160 147 NA 24371136 148 NA 8044008 149 EU 56255160 
28 CHAIN 27 NA 66605352 150 EU 176160768 151 NA 8388608 152 EU 11591680 153 NA 41636560 
29 CHAIN 28 EU 55892616 154 EU 54222072 155 EU 28672000 156 NA 66605352 157 EU 55892616 
30 CHAIN 29 EU 56255160 158 EU 149164968 159 EU 16777216 160 EU 43927184 161 EU 11591680 
31 CHAIN 30 NA 66605352 162 NA 66605352 163 EU 176160768 164 EU 149164968 165 EU 48375432 
32 CHAIN 31 NA 48067448 166 EU 28820368 167 EU 56255160 168 NA 24371136 169 NA 8388608 
33 CHAIN 32 EU 56255160 170 EU 56255160 171 EU 34292528 172 NA 66605352 173 EU 149164968 
34 CHAIN 33 EU 55892616 174 EU 34292528 175 NA 48067448 176 EU 56255160 177 EU 28820368 
35 CHAIN 34 EU 43927184 178 NA 66605352 179 EU 56255160 180 EU 28820368 181 EU 54222072 
36 CHAIN 35 EU 56255160 182 EU 149164968 183 EU 176160768 184 EU 48375432 185 EU 28672000 
37 CHAIN 36 EU 28820368 186 EU 176160768 187 EU 54222072 188 EU 56255160 189 EU 28820368 
38 CHAIN 37 NA 8388608 190 NA 48067448 191 EU 149164968 192 EU 176160768 193 NA 13480656 
39 CHAIN 38 EU 149164968 194 EU 56255160 195 EU 34292528 196 NA 48067448 197 EU 56255160 
40 CHAIN 39 EU 28820368 198 EU 34292528 199 EU 54222072 200 EU 56255160 201 EU 55892616 
41 CHAIN 40 NA 13480656 202 NA 9216000 203 EU 149164968 204 EU 16777216 205 EU 48375432 
42 CHAIN 41 EU 149164968 206 EU 149164968 207 EU 28820368 208 EU 12288000 209 EU 149164968 
