0 BRANCH 0 EU 19660800 1 EU 43927184 2 EU 56255160 3 EU 176160768 4 EU 28820368 5 EU 11591680 6 EU 34292528 7 NA 8044008 8 EU 56255160 9 NA 24371136 10 EU 176160768 11 EU 149164968 12 NA 24371136 13 EU 55892616 14 EU 56255160 15 EU 34292528 16 NA 48067448 17 EU 149164968 18 EU 34292528 19 NA 13480656 20 EU 28672000 21 NA 41636560 22 EU 5898240 23 EU 28672000 24 EU 48375432 25 EU 43927184 26 EU 28672000 27 NA 41636560 28 EU 19660800 29 EU 11591680 30 EU 176160768 31 NA 48067448 32 EU 149164968 33 EU 19660800 34 EU 5898240 35 EU 149164968 36 EU 19660800 37 EU 16777216 38 EU 56255160 39 EU 34292528 40 EU 43927184 41 EU 28672000 
1 CHAIN 0 EU 19660800 42 EU 28820368 43 EU 176160768 44 EU 149164968 45 EU 55892616 
2 CHAIN 1 EU 43927184 46 EU 43927184 47 EU 56255160 48 EU 176160768 49 EU 34292528 
3 CHAIN 2 EU 56255160 50 EU 149164968 51 EU 34292528 52 EU 176160768 53 EU 149164968 
4 CHAIN 3 EU 176160768 54 EU 28820368 55 NA 48067448 56 EU 56255160 57 EU 176160768 
5 CHAIN 4 EU 28820368 58 EU 54222072 59 EU 56255160 60 EU 176160768 61 NA 13480656 
6 CHAIN 5 EU 11591680 62 EU 149164968 63 EU 176160768 64 NA 8388608 65 EU 56255160 
7 CHAIN 6 EU 34292528 66 NA 41636560 67 NA 9216000 68 EU 149164968 69 NA 66605352 
8 CHAIN 7 NA 8044008 70 EU 12288000 71 EU 149164968 72 EU 16777216 73 EU 176160768 
9 CHAIN 8 EU 56255160 74 EU 56255160 75 EU 48375432 76 NA 24371136 77 EU 149164968 
10 CHAIN 9 NA 24371136 78 EU 48375432 79 NA 24371136 80 EU 11591680 81 EU 55892616 
11 CHAIN 10 EU 176160768 82 EU 54222072 83 EU 149164968 84 EU 34292528 85 NA 66605352 
12 CHAIN 11 EU 149164968 86 EU 149164968 87 EU 16777216 88 NA 4194304 89 EU 56255160 
13 CHAIN 12 NA 24371136 90 NA 41636560 91 EU 6296704 92 EU 149164968 93 EU 48375432 
14 CHAIN 13 EU 55892616 94 EU 43927184 95 EU 56255160 96 EU 48375432 97 NA 48067448 
15 CHAIN 14 EU 56255160 98 EU 56255160 99 EU 16777216 100 EU 4096000 101 EU 149164968 
16 CHAIN 15 EU 34292528 102 NA 66605352 103 NA 41636560 104 EU 11591680 105 EU 48375432 
17 CHAIN 16 NA 48067448 106 NA 8044008 107 EU 56255160 108 EU 28820368 109 NA 48067448 
18 CHAIN 17 EU 149164968 110 EU 11591680 111 NA 41636560 112 EU 12288000 113 EU 28672000 
19 CHAIN 18 EU 34292528 114 NA 24371136 115 NA 1605632 116 EU 149164968 117 NA 66605352 
20 CHAIN 19 NA 13480656 118 EU 176160768 119 EU 56255160 120 EU 176160768 121 EU 54222072 
21 CHAIN 20 EU 28672000 122 EU 56255160 123 NA 66605352 124 EU 54222072 125 EU 56255160 
22 CHAIN 21 NA 41636560 126 EU 176160768 127 NA 48067448 128 EU 56255160 129 EU 48375432 
23 CHAIN 22 EU 5898240 130 EU 16777216 131 EU 56255160 132 NA 24371136 133 EU 4096000 
24 CHAIN 23 EU 28672000 134 EU 149164968 135 EU 55892616 136 NA 8044008 137 EU 149164968 
25 CHAIN 24 EU 48375432 138 NA 41636560 139 EU 3178584 140 EU 28672000 141 NA 41636560 
26 CHAIN 25 EU 43927184 142 EU 8192000 143 EU 28672000 144 NA 41636560 145 NA 8388608 
27 CHAIN 26 EU 28672000 146 EU 149164968 147 EU 16777216 148 NA 48067448 149 EU 11591680 
28 CHAIN 27 NA 41636560 150 EU 176160768 151 NA 48067448 152 EU 149164968 153 NA 66605352 
29 CHAIN 28 EU 19660800 154 NA 48067448 155 EU 149164968 156 NA 66605352 157 NA 48067448 
30 CHAIN 29 EU 11591680 158 EU 28672000 159 EU 48375432 160 EU 12288000 161 EU 28672000 
31 CHAIN 30 EU 176160768 162 NA 41636560 163 EU 54222072 164 EU 56255160 165 NA 41636560 
32 CHAIN 31 NA 48067448 166 EU 4096000 167 EU 11591680 168 NA 66605352 169 EU 55892616 
33 CHAIN 32 EU 149164968 170 EU 56255160 171 NA 66605352 172 EU 176160768 173 EU 28672000 
34 CHAIN 33 EU 19660800 174 EU 48375432 175 NA 8388608 176 EU 149164968 177 EU 34292528 
35 CHAIN 34 EU 5898240 178 EU 176160768 179 EU 56255160 180 EU 34292528 181 NA 24371136 
36 CHAIN 35 EU 149164968 182 EU 149164968 183 EU 176160768 184 EU 4096000 185 EU 56255160 
37 CHAIN 36 EU 19660800 186 EU 34292528 187 EU 55892616 188 EU 11591680 189 NA 41636560 
38 CHAIN 37 EU 16777216 190 EU 55892616 191 EU 56255160 192 EU 16777216 193 EU 3178584 
39 CHAIN 38 EU 56255160 194 EU 149164968 195 NA 41636560 196 EU 54222072 197 EU 149164968 
40 CHAIN 39 EU 34292528 198 NA 41636560 199 NA 8388608 200 EU 56255160 201 EU 34292528 
41 CHAIN 40 EU 43927184 202 EU 4096000 203 EU 56255160 204 NA 41636560 205 EU 176160768 
42 CHAIN 41 EU 28672000 206 EU 149164968 207 NA 24371136 208 NA 48067448 209 EU 149164968 
