0 BRANCH 0 EU 55892616 1 NA 48067448 2 EU 56255160 3 NA 41636560 4 EU 8192000 5 EU 28672000 6 EU 55892616 7 EU 43927184 8 EU 149164968 9 NA 66605352 10 NA 5079504 11 EU 149164968 12 EU 48375432 13 NA 13480656 14 EU 149164968 15 NA 41636560 16 NA 66605352 17 EU 56255160 18 EU 55892616 19 NA 8388608 20 EU 11591680 21 EU 176160768 22 EU 54222072 23 EU 56255160 24 NA 66605352 25 EU 54222072 26 EU 56255160 27 EU 28820368 28 EU 54222072 29 EU 11591680 30 NA 41636560 31 NA 48067448 32 EU 149164968 33 EU 176160768 34 EU 43927184 35 EU 11591680 36 NA 66605352 37 NA 9216000 38 EU 28672000 39 NA 24371136 40 EU 43927184 41 EU 11591680 
1 CHAIN 0 EU 55892616 42 EU 176160768 43 EU 48375432 44 EU 149164968 45 NA 41636560 
2 CHAIN 1 NA 48067448 46 EU 43927184 47 EU 56255160 48 NA 24371136 49 EU 8192000 
3 CHAIN 2 EU 56255160 50 EU 56255160 51 NA 66605352 52 EU 1638400 53 EU 56255160 
4 CHAIN 3 NA 41636560 54 EU 176160768 55 NA 13480656 56 EU 149164968 57 EU 48375432 
5 CHAIN 4 EU 8192000 58 NA 41636560 59 EU 149164968 60 EU 19660800 61 EU 43927184 
6 CHAIN 5 EU 28672000 62 EU 149164968 63 NA 66605352 64 EU 43927184 65 EU 149164968 
7 CHAIN 6 EU 55892616 66 EU 34292528 67 EU 176160768 68 EU 56255160 69 NA 41636560 
8 CHAIN 7 EU 43927184 70 NA 8044008 71 EU 149164968 72 NA 24371136 73 NA 5079504 
9 CHAIN 8 EU 149164968 74 EU 149164968 75 EU 55892616 76 EU 2457600 77 EU 28672000 
10 CHAIN 9 NA 66605352 78 EU 55892616 79 NA 9216000 80 EU 149164968 81 EU 16777216 
11 CHAIN 10 NA 5079504 82 EU 54222072 83 EU 149164968 84 EU 16777216 85 EU 43927184 
12 CHAIN 11 EU 149164968 86 EU 149164968 87 EU 176160768 88 NA 48067448 89 EU 149164968 
13 CHAIN 12 EU 48375432 90 EU 48375432 91 EU 34292528 92 EU 149164968 93 EU 55892616 
14 CHAIN 13 NA 13480656 94 EU 43927184 95 EU 149164968 96 EU 176160768 97 NA 8044008 
15 CHAIN 14 EU 149164968 98 EU 28672000 99 EU 16777216 100 NA 66605352 101 EU 149164968 
16 CHAIN 15 NA 41636560 102 EU 176160768 103 EU 5898240 104 EU 28672000 105 NA 66605352 
17 CHAIN 16 NA 66605352 106 EU 43927184 107 EU 149164968 108 EU 19660800 109 EU 54222072 
18 CHAIN 17 EU 56255160 110 EU 28672000 111 NA 41636560 112 NA 48067448 113 EU 149164968 
19 CHAIN 18 EU 55892616 114 NA 24371136 115 EU 54222072 116 EU 149164968 117 NA 66605352 
20 CHAIN 19 NA 8388608 118 NA 3391304 119 EU 56255160 120 EU 34292528 121 EU 43927184 
21 CHAIN 20 EU 11591680 122 EU 11591680 123 NA 41636560 124 NA 48067448 125 EU 2097152 
22 CHAIN 21 EU 176160768 126 NA 66605352 127 EU 43927184 128 EU 149164968 129 NA 66605352 
23 CHAIN 22 EU 54222072 130 EU 34292528 131 EU 56255160 132 EU 19660800 133 NA 41636560 
24 CHAIN 23 EU 56255160 134 EU 2097152 135 EU 48375432 136 EU 2129920 137 EU 11591680 
25 CHAIN 24 NA 66605352 138 NA 41636560 139 EU 48375432 140 EU 149164968 141 EU 34292528 
26 CHAIN 25 EU 54222072 142 EU 43927184 143 EU 56255160 144 NA 41636560 145 EU 28820368 
27 CHAIN 26 EU 56255160 146 EU 149164968 147 NA 24371136 148 EU 176160768 149 EU 149164968 
28 CHAIN 27 EU 28820368 150 EU 48375432 151 EU 43927184 152 EU 149164968 153 NA 41636560 
29 CHAIN 28 EU 54222072 154 NA 3391304 155 EU 149164968 156 EU 34292528 157 EU 54222072 
30 CHAIN 29 EU 11591680 158 EU 11591680 159 NA 66605352 160 NA 24371136 161 EU 28672000 
31 CHAIN 30 NA 41636560 162 EU 176160768 163 EU 43927184 164 EU 149164968 165 EU 19660800 
32 CHAIN 31 NA 48067448 166 EU 43927184 167 EU 149164968 168 EU 28820368 169 NA 3391304 
33 CHAIN 32 EU 149164968 170 EU 28672000 171 EU 28820368 172 EU 54222072 173 EU 149164968 
34 CHAIN 33 EU 176160768 174 EU 19660800 175 EU 5898240 176 EU 149164968 177 EU 176160768 
35 CHAIN 34 EU 43927184 178 NA 9216000 179 EU 28672000 180 EU 48375432 181 EU 1638400 
36 CHAIN 35 EU 11591680 182 EU 149164968 183 EU 55892616 184 EU 43927184 185 EU 56255160 
37 CHAIN 36 NA 66605352 186 NA 66605352 187 EU 55892616 188 EU 56255160 189 NA 66605352 
38 CHAIN 37 NA 9216000 190 NA 48067448 191 EU 149164968 192 NA 66605352 193 NA 48067448 
39 CHAIN 38 EU 28672000 194 EU 56255160 195 NA 24371136 196 EU 54222072 197 EU 149164968 
40 CHAIN 39 NA 24371136 198 EU 176160768 199 EU 2129920 200 EU 149164968 201 NA 41636560 
41 CHAIN 40 EU 43927184 202 NA 66605352 203 EU 149164968 204 EU 176160768 205 EU 48375432 
42 CHAIN 41 EU 11591680 206 EU 2097152 207 EU 16777216 208 EU 55892616 209 EU 149164968 
