0 BRANCH 0 EU 55892616 1 NA 48067448 2 EU 149164968 3 EU 34292528 4 NA 24371136 5 EU 149164968 6 EU 34292528 7 EU 2048000 8 EU 28672000 9 EU 16777216 10 EU 5898240 11 EU 149164968 12 EU 48375432 13 EU 54222072 14 EU 149164968 15 EU 55892616 16 NA 66605352 17 NA 819200 18 NA 24371136 19 EU 819200 20 EU 56255160 21 EU 48375432 22 NA 8044008 23 EU 149164968 24 NA 24371136 25 NA 41636560 26 EU 56255160 27 EU 48375432 28 NA 8388608 29 EU 149164968 30 NA 66605352 31 EU 48375432 32 EU 56255160 33 EU 55892616 34 EU 54222072 35 EU 28672000 36 EU 34292528 37 EU 12288000 38 EU 149164968 39 EU 28820368 40 NA 48067448 41 EU 149164968 
1 CHAIN 0 EU 55892616 42 EU 176160768 43 NA 48067448 44 EU 149164968 45 EU 48375432 
2 CHAIN 1 NA 48067448 46 NA 8388608 47 EU 56255160 48 EU 176160768 49 NA 48067448 
3 CHAIN 2 EU 149164968 50 EU 56255160 51 NA 66605352 52 EU 19660800 53 EU 149164968 
4 CHAIN 3 EU 34292528 54 EU 48375432 55 EU 43927184 56 EU 149164968 57 NA 24371136 
5 CHAIN 4 NA 24371136 58 EU 28820368 59 EU 56255160 60 EU 176160768 61 NA 48067448 
6 CHAIN 5 EU 149164968 62 EU 149164968 63 EU 55892616 64 EU 8192000 65 EU 56255160 
7 CHAIN 6 EU 34292528 66 EU 28820368 67 EU 43927184 68 EU 149164968 69 EU 48375432 
8 CHAIN 7 EU 2048000 70 NA 48067448 71 EU 149164968 72 NA 24371136 73 EU 16777216 
9 CHAIN 8 EU 28672000 74 EU 56255160 75 NA 66605352 76 NA 13480656 77 EU 149164968 
10 CHAIN 9 EU 16777216 78 EU 55892616 79 EU 43927184 80 EU 56255160 81 EU 48375432 
11 CHAIN 10 EU 5898240 82 EU 54222072 83 EU 149164968 84 NA 66605352 85 NA 41636560 
12 CHAIN 11 EU 149164968 86 EU 11591680 87 EU 34292528 88 NA 48067448 89 EU 149164968 
13 CHAIN 12 EU 48375432 90 EU 19660800 91 EU 54222072 92 EU 149164968 93 EU 176160768 
14 CHAIN 13 EU 54222072 94 NA 48067448 95 EU 149164968 96 EU 19660800 97 EU 1024000 
15 CHAIN 14 EU 149164968 98 EU 56255160 99 NA 66605352 100 NA 13480656 101 EU 56255160 
16 CHAIN 15 EU 55892616 102 EU 28820368 103 NA 9216000 104 EU 11591680 105 EU 55892616 
17 CHAIN 16 NA 66605352 106 NA 3391304 107 EU 149164968 108 EU 34292528 109 NA 48067448 
18 CHAIN 17 NA 819200 110 EU 149164968 111 NA 66605352 112 EU 48375432 113 EU 28672000 
19 CHAIN 18 NA 24371136 114 EU 55892616 115 EU 48375432 116 EU 56255160 117 NA 41636560 
20 CHAIN 19 EU 819200 118 EU 43927184 119 EU 149164968 120 NA 66605352 121 NA 48067448 
21 CHAIN 20 EU 56255160 122 EU 149164968 123 NA 66605352 124 NA 4194304 125 EU 28672000 
22 CHAIN 21 EU 48375432 126 NA 66605352 127 EU 54222072 128 EU 28672000 129 EU 28820368 
23 CHAIN 22 NA 8044008 130 EU 54222072 131 EU 149164968 132 NA 41636560 133 EU 2129920 
24 CHAIN 23 EU 149164968 134 EU 149164968 135 NA 66605352 136 EU 8192000 137 EU 11591680 
25 CHAIN 24 NA 24371136 138 EU 176160768 139 EU 6296704 140 EU 56255160 141 EU 34292528 
26 CHAIN 25 NA 41636560 142 NA 48067448 143 EU 56255160 144 NA 41636560 145 NA 66605352 
27 CHAIN 26 EU 56255160 146 EU 11591680 147 EU 176160768 148 NA 48067448 149 EU 28672000 
28 CHAIN 27 EU 48375432 150 NA 41636560 151 NA 48067448 152 EU 149164968 153 NA 24371136 
29 CHAIN 28 NA 8388608 154 NA 8044008 155 EU 149164968 156 EU 19660800 157 EU 1638400 
30 CHAIN 29 EU 149164968 158 EU 149164968 159 EU 48375432 160 EU 43927184 161 EU 149164968 
31 CHAIN 30 NA 66605352 162 EU 48375432 163 NA 66605352 164 EU 149164968 165 EU 19660800 
32 CHAIN 31 EU 48375432 166 NA 48067448 167 EU 28672000 168 NA 41636560 169 EU 176160768 
33 CHAIN 32 EU 56255160 170 EU 56255160 171 EU 55892616 172 NA 9216000 173 EU 56255160 
34 CHAIN 33 EU 55892616 174 EU 19660800 175 EU 3178584 176 EU 56255160 177 NA 41636560 
35 CHAIN 34 EU 54222072 178 NA 48067448 179 EU 56255160 180 NA 41636560 181 NA 48067448 
36 CHAIN 35 EU 28672000 182 EU 149164968 183 EU 176160768 184 EU 48375432 185 EU 149164968 
37 CHAIN 36 EU 34292528 186 EU 55892616 187 EU 54222072 188 EU 149164968 189 EU 34292528 
38 CHAIN 37 EU 12288000 190 EU 43927184 191 EU 28672000 192 NA 41636560 193 NA 48067448 
39 CHAIN 38 EU 149164968 194 EU 56255160 195 NA 66605352 196 EU 43927184 197 EU 149164968 
40 CHAIN 39 EU 28820368 198 NA 41636560 199 EU 43927184 200 EU 149164968 201 EU 16777216 
41 CHAIN 40 NA 48067448 202 EU 12288000 203 EU 149164968 204 NA 66605352 205 EU 55892616 
42 CHAIN 41 EU 149164968 206 EU 149164968 207 NA 41636560 208 EU 55892616 209 EU 149164968 
