0 BRANCH 0 EU 34292528 1 EU 48375432 2 EU 149164968 3 EU 28820368 4 EU 54222072 5 EU 28672000 6 NA 66605352 7 NA 8044008 8 EU 149164968 9 EU 176160768 10 EU 3178584 11 EU 149164968 12 NA 66605352 13 EU 176160768 14 EU 149164968 15 NA 66605352 16 NA 4194304 17 EU 149164968 18 NA 66605352 19 EU 5898240 20 EU 56255160 21 NA 66605352 22 EU 16777216 23 EU 28672000 24 NA 24371136 25 EU 54222072 26 EU 11591680 27 NA 66605352 28 EU 19660800 29 EU 149164968 30 NA 66605352 31 NA 3391304 32 EU 56255160 33 EU 19660800 34 EU 55892616 35 EU 149164968 36 EU 34292528 37 EU 176160768 38 EU 11591680 39 EU 48375432 40 NA 48067448 41 EU 56255160 
1 CHAIN 0 EU 34292528 42 NA 66605352 43 EU 54222072 44 EU 56255160 45 NA 41636560 
2 CHAIN 1 EU 48375432 46 NA 48067448 47 EU 149164968 48 NA 66605352 49 EU 54222072 
3 CHAIN 2 EU 149164968 50 EU 2097152 51 EU 16777216 52 EU 176160768 53 EU 56255160 
4 CHAIN 3 EU 28820368 54 NA 66605352 55 NA 48067448 56 EU 149164968 57 EU 28820368 
5 CHAIN 4 EU 54222072 58 EU 54222072 59 EU 149164968 60 EU 55892616 61 EU 2457600 
6 CHAIN 5 EU 28672000 62 EU 56255160 63 EU 176160768 64 NA 48067448 65 EU 149164968 
7 CHAIN 6 NA 66605352 66 EU 176160768 67 EU 34292528 68 EU 56255160 69 EU 16777216 
8 CHAIN 7 NA 8044008 70 EU 1638400 71 EU 56255160 72 NA 41636560 73 EU 54222072 
9 CHAIN 8 EU 149164968 74 EU 28672000 75 EU 34292528 76 NA 66605352 77 EU 149164968 
10 CHAIN 9 EU 176160768 78 EU 16777216 79 NA 48067448 80 EU 56255160 81 EU 34292528 
11 CHAIN 10 EU 3178584 82 EU 2129920 83 EU 28672000 84 NA 41636560 85 NA 4194304 
12 CHAIN 11 EU 149164968 86 EU 56255160 87 NA 66605352 88 NA 4194304 89 EU 28672000 
13 CHAIN 12 NA 66605352 90 NA 24371136 91 NA 48067448 92 EU 28672000 93 NA 66605352 
14 CHAIN 13 EU 176160768 94 EU 5898240 95 EU 149164968 96 EU 176160768 97 NA 48067448 
15 CHAIN 14 EU 149164968 98 EU 56255160 99 EU 19660800 100 EU 28820368 101 EU 149164968 
16 CHAIN 15 NA 66605352 102 EU 34292528 103 EU 43927184 104 EU 56255160 105 EU 176160768 
17 CHAIN 16 NA 4194304 106 NA 13480656 107 EU 149164968 108 NA 24371136 109 EU 55892616 
18 CHAIN 17 EU 149164968 110 EU 28672000 111 EU 28820368 112 EU 12288000 113 EU 56255160 
19 CHAIN 18 NA 66605352 114 NA 41636560 115 EU 43927184 116 EU 28672000 117 NA 66605352 
20 CHAIN 19 EU 5898240 118 EU 176160768 119 EU 11591680 120 EU 34292528 121 EU 4096000 
21 CHAIN 20 EU 56255160 122 EU 56255160 123 EU 176160768 124 NA 24371136 125 EU 11591680 
22 CHAIN 21 NA 66605352 126 EU 55892616 127 NA 41636560 128 EU 56255160 129 NA 66605352 
23 CHAIN 22 EU 16777216 130 EU 8192000 131 EU 56255160 132 EU 176160768 133 EU 12288000 
24 CHAIN 23 EU 28672000 134 EU 149164968 135 EU 55892616 136 EU 34292528 137 EU 56255160 
25 CHAIN 24 NA 24371136 138 NA 66605352 139 EU 43927184 140 EU 28672000 141 EU 16777216 
26 CHAIN 25 EU 54222072 142 EU 8192000 143 EU 149164968 144 NA 66605352 145 NA 8044008 
27 CHAIN 26 EU 11591680 146 EU 56255160 147 NA 66605352 148 EU 176160768 149 EU 149164968 
28 CHAIN 27 NA 66605352 150 NA 24371136 151 NA 5079504 152 EU 28672000 153 NA 66605352 
29 CHAIN 28 EU 19660800 154 EU 12288000 155 EU 11591680 156 NA 41636560 157 EU 55892616 
30 CHAIN 29 EU 149164968 158 EU 149164968 159 EU 176160768 160 NA 48067448 161 EU 149164968 
31 CHAIN 30 NA 66605352 162 EU 55892616 163 NA 9216000 164 EU 149164968 165 EU 34292528 
32 CHAIN 31 NA 3391304 166 EU 6296704 167 EU 56255160 168 EU 55892616 169 EU 819200 
33 CHAIN 32 EU 56255160 170 EU 28672000 171 EU 55892616 172 EU 12288000 173 EU 149164968 
34 CHAIN 33 EU 19660800 174 EU 19660800 175 NA 8044008 176 EU 28672000 177 EU 176160768 
35 CHAIN 34 EU 55892616 178 NA 8388608 179 EU 11591680 180 EU 16777216 181 EU 19660800 
36 CHAIN 35 EU 149164968 182 EU 56255160 183 EU 19660800 184 NA 8388608 185 EU 56255160 
37 CHAIN 36 EU 34292528 186 NA 41636560 187 EU 54222072 188 EU 56255160 189 EU 55892616 
38 CHAIN 37 EU 176160768 190 EU 34292528 191 EU 149164968 192 EU 19660800 193 EU 54222072 
39 CHAIN 38 EU 11591680 194 EU 56255160 195 NA 41636560 196 EU 54222072 197 EU 56255160 
40 CHAIN 39 EU 48375432 198 NA 66605352 199 EU 34292528 200 EU 149164968 201 EU 176160768 
41 CHAIN 40 NA 48067448 202 NA 13480656 203 EU 149164968 204 NA 66605352 205 NA 48067448 
42 CHAIN 41 EU 56255160 206 EU 28672000 207 EU 176160768 208 NA 8044008 209 EU 56255160 
