0 BRANCH 0 EU 48375432 1 EU 43927184 2 EU 149164968 3 NA 41636560 4 EU 8192000 5 EU 28672000 6 NA 66605352 7 EU 54222072 8 EU 149164968 9 NA 41636560 10 EU 16777216 11 EU 28672000 12 EU 55892616 13 EU 54222072 14 EU 28672000 15 NA 66605352 16 EU 43927184 17 EU 56255160 18 EU 176160768 19 EU 43927184 20 EU 56255160 21 NA 66605352 22 EU 54222072 23 EU 11591680 24 NA 66605352 25 EU 19660800 26 EU 149164968 27 EU 19660800 28 EU 1024000 29 EU 149164968 30 EU 176160768 31 NA 8388608 32 EU 28672000 33 NA 41636560 34 NA 24371136 35 EU 149164968 36 EU 55892616 37 EU 54222072 38 EU 149164968 39 EU 176160768 40 NA 9216000 41 EU 56255160 
1 CHAIN 0 EU 48375432 42 NA 41636560 43 NA 9216000 44 EU 56255160 45 EU 176160768 
2 CHAIN 1 EU 43927184 46 NA 24371136 47 EU 149164968 48 EU 176160768 49 EU 54222072 
3 CHAIN 2 EU 149164968 50 EU 149164968 51 EU 48375432 52 NA 66605352 53 EU 149164968 
4 CHAIN 3 NA 41636560 54 NA 24371136 55 NA 9216000 56 EU 149164968 57 EU 55892616 
5 CHAIN 4 EU 8192000 58 EU 54222072 59 EU 149164968 60 NA 41636560 61 EU 34292528 
6 CHAIN 5 EU 28672000 62 EU 56255160 63 EU 176160768 64 EU 43927184 65 EU 56255160 
7 CHAIN 6 NA 66605352 66 NA 66605352 67 NA 48067448 68 EU 28672000 69 EU 48375432 
8 CHAIN 7 EU 54222072 70 NA 48067448 71 EU 56255160 72 EU 55892616 73 NA 48067448 
9 CHAIN 8 EU 149164968 74 EU 56255160 75 NA 66605352 76 NA 48067448 77 EU 149164968 
10 CHAIN 9 NA 41636560 78 EU 28820368 79 EU 2129920 80 EU 28672000 81 NA 66605352 
11 CHAIN 10 EU 16777216 82 EU 2129920 83 EU 56255160 84 EU 55892616 85 EU 54222072 
12 CHAIN 11 EU 28672000 86 EU 56255160 87 EU 55892616 88 NA 8044008 89 EU 56255160 
13 CHAIN 12 EU 55892616 90 NA 41636560 91 EU 176160768 92 EU 28672000 93 NA 41636560 
14 CHAIN 13 EU 54222072 94 EU 54222072 95 EU 56255160 96 NA 66605352 97 EU 55892616 
15 CHAIN 14 EU 28672000 98 EU 149164968 99 EU 176160768 100 EU 8192000 101 EU 56255160 
16 CHAIN 15 NA 66605352 102 EU 16777216 103 EU 43927184 104 EU 149164968 105 NA 24371136 
17 CHAIN 16 EU 43927184 106 EU 48375432 107 EU 56255160 108 EU 48375432 109 NA 48067448 
18 CHAIN 17 EU 56255160 110 EU 149164968 111 EU 176160768 112 NA 48067448 113 EU 56255160 
19 CHAIN 18 EU 176160768 114 EU 48375432 115 EU 54222072 116 EU 149164968 117 NA 41636560 
20 CHAIN 19 EU 43927184 118 EU 55892616 119 EU 56255160 120 EU 176160768 121 NA 13480656 
21 CHAIN 20 EU 56255160 122 EU 149164968 123 NA 66605352 124 NA 48067448 125 EU 149164968 
22 CHAIN 21 NA 66605352 126 EU 176160768 127 NA 48067448 128 EU 149164968 129 EU 55892616 
23 CHAIN 22 EU 54222072 130 EU 43927184 131 EU 149164968 132 NA 66605352 133 NA 13480656 
24 CHAIN 23 EU 11591680 134 EU 56255160 135 EU 48375432 136 EU 43927184 137 EU 149164968 
25 CHAIN 24 NA 66605352 138 NA 41636560 139 EU 176160768 140 EU 56255160 141 EU 48375432 
26 CHAIN 25 EU 19660800 142 EU 28820368 143 EU 149164968 144 EU 176160768 145 EU 43927184 
27 CHAIN 26 EU 149164968 146 EU 149164968 147 EU 176160768 148 NA 48067448 149 EU 149164968 
28 CHAIN 27 EU 19660800 150 EU 16777216 151 NA 13480656 152 EU 149164968 153 EU 55892616 
29 CHAIN 28 EU 1024000 154 NA 8388608 155 EU 149164968 156 EU 55892616 157 EU 54222072 
30 CHAIN 29 EU 149164968 158 EU 56255160 159 EU 34292528 160 EU 54222072 161 EU 28672000 
31 CHAIN 30 EU 176160768 162 NA 66605352 163 EU 43927184 164 EU 28672000 165 EU 34292528 
32 CHAIN 31 NA 8388608 166 EU 176160768 167 EU 11591680 168 NA 66605352 169 NA 8044008 
33 CHAIN 32 EU 28672000 170 EU 56255160 171 NA 66605352 172 EU 176160768 173 EU 149164968 
34 CHAIN 33 NA 41636560 174 EU 55892616 175 NA 9216000 176 EU 56255160 177 EU 176160768 
35 CHAIN 34 NA 24371136 178 EU 12288000 179 EU 56255160 180 EU 48375432 181 EU 28820368 
36 CHAIN 35 EU 149164968 182 EU 56255160 183 NA 66605352 184 EU 176160768 185 EU 149164968 
37 CHAIN 36 EU 55892616 186 EU 48375432 187 NA 48067448 188 EU 2097152 189 EU 176160768 
38 CHAIN 37 EU 54222072 190 EU 5898240 191 EU 149164968 192 EU 176160768 193 EU 16777216 
39 CHAIN 38 EU 149164968 194 EU 56255160 195 NA 41636560 196 EU 176160768 197 EU 149164968 
40 CHAIN 39 EU 176160768 198 NA 66605352 199 EU 43927184 200 EU 28672000 201 EU 176160768 
41 CHAIN 40 NA 9216000 202 EU 43927184 203 EU 149164968 204 EU 55892616 205 NA 48067448 
42 CHAIN 41 EU 56255160 206 EU 56255160 207 EU 34292528 208 EU 48375432 209 EU 28672000 
