0 BRANCH 0 EU 176160768 1 NA 48067448 2 EU 149164968 3 EU 55892616 4 NA 8044008 5 EU 56255160 6 EU 19660800 7 EU 12288000 8 EU 149164968 9 EU 34292528 10 EU 2048000 11 EU 149164968 12 EU 48375432 13 EU 5898240 14 EU 149164968 15 NA 66605352 16 NA 48067448 17 EU 28672000 18 EU 55892616 19 NA 8044008 20 EU 56255160 21 NA 66605352 22 EU 176160768 23 EU 56255160 24 EU 176160768 25 EU 3178584 26 EU 149164968 27 EU 176160768 28 EU 1638400 29 EU 149164968 30 EU 55892616 31 NA 41636560 32 EU 11591680 33 EU 176160768 34 NA 1605632 35 EU 28672000 36 EU 19660800 37 EU 4096000 38 EU 28672000 39 NA 66605352 40 NA 48067448 41 EU 149164968 
1 CHAIN 0 EU 176160768 42 NA 66605352 43 EU 34292528 44 EU 56255160 45 EU 176160768 
2 CHAIN 1 NA 48067448 46 EU 4096000 47 EU 28672000 48 NA 66605352 49 NA 5079504 
3 CHAIN 2 EU 149164968 50 EU 28672000 51 EU 176160768 52 NA 41636560 53 EU 56255160 
4 CHAIN 3 EU 55892616 54 EU 176160768 55 EU 4096000 56 EU 28672000 57 EU 19660800 
5 CHAIN 4 NA 8044008 58 NA 48067448 59 EU 28672000 60 NA 66605352 61 EU 3178584 
6 CHAIN 5 EU 56255160 62 EU 149164968 63 EU 48375432 64 EU 34292528 65 EU 11591680 
7 CHAIN 6 EU 19660800 66 NA 66605352 67 NA 13480656 68 EU 149164968 69 NA 24371136 
8 CHAIN 7 EU 12288000 70 EU 8192000 71 EU 56255160 72 NA 66605352 73 EU 176160768 
9 CHAIN 8 EU 149164968 74 EU 56255160 75 EU 28820368 76 NA 48067448 77 EU 28672000 
10 CHAIN 9 EU 34292528 78 NA 24371136 79 EU 54222072 80 EU 149164968 81 NA 24371136 
11 CHAIN 10 EU 2048000 82 EU 54222072 83 EU 28672000 84 NA 66605352 85 NA 13480656 
12 CHAIN 11 EU 149164968 86 EU 11591680 87 EU 19660800 88 EU 55892616 89 EU 149164968 
13 CHAIN 12 EU 48375432 90 NA 41636560 91 EU 6296704 92 EU 149164968 93 EU 55892616 
14 CHAIN 13 EU 5898240 94 EU 54222072 95 EU 56255160 96 EU 55892616 97 EU 54222072 
15 CHAIN 14 EU 149164968 98 EU 11591680 99 NA 24371136 100 NA 8388608 101 EU 149164968 
16 CHAIN 15 NA 66605352 102 EU 48375432 103 EU 43927184 104 EU 149164968 105 NA 66605352 
17 CHAIN 16 NA 48067448 106 EU 4096000 107 EU 149164968 108 NA 41636560 109 EU 43927184 
18 CHAIN 17 EU 28672000 110 EU 149164968 111 EU 55892616 112 NA 9216000 113 EU 149164968 
19 CHAIN 18 EU 55892616 114 NA 41636560 115 EU 1024000 116 EU 149164968 117 EU 34292528 
20 CHAIN 19 NA 8044008 118 NA 48067448 119 EU 56255160 120 EU 176160768 121 NA 24371136 
21 CHAIN 20 EU 56255160 122 EU 149164968 123 EU 34292528 124 NA 41636560 125 EU 28672000 
22 CHAIN 21 NA 66605352 126 NA 24371136 127 NA 13480656 128 EU 56255160 129 EU 16777216 
23 CHAIN 22 EU 176160768 130 EU 6296704 131 EU 149164968 132 EU 34292528 133 EU 54222072 
24 CHAIN 23 EU 56255160 134 EU 28672000 135 NA 41636560 136 EU 48375432 137 EU 149164968 
25 CHAIN 24 EU 176160768 138 EU 16777216 139 NA 4194304 140 EU 56255160 141 EU 176160768 
26 CHAIN 25 EU 3178584 142 EU 28820368 143 EU 149164968 144 EU 55892616 145 NA 8044008 
27 CHAIN 26 EU 149164968 146 EU 11591680 147 EU 34292528 148 NA 13480656 149 EU 56255160 
28 CHAIN 27 EU 176160768 150 EU 48375432 151 EU 6296704 152 EU 149164968 153 EU 16777216 
29 CHAIN 28 EU 1638400 154 EU 54222072 155 EU 56255160 156 NA 24371136 157 NA 5079504 
30 CHAIN 29 EU 149164968 158 EU 28672000 159 EU 28820368 160 EU 43927184 161 NA 819200 
31 CHAIN 30 EU 55892616 162 EU 34292528 163 NA 48067448 164 EU 149164968 165 EU 55892616 
32 CHAIN 31 NA 41636560 166 EU 43927184 167 EU 149164968 168 EU 176160768 169 NA 48067448 
33 CHAIN 32 EU 11591680 170 EU 149164968 171 NA 66605352 172 EU 43927184 173 EU 56255160 
34 CHAIN 33 EU 176160768 174 EU 34292528 175 NA 48067448 176 EU 149164968 177 EU 176160768 
35 CHAIN 34 NA 1605632 178 EU 54222072 179 EU 28672000 180 EU 34292528 181 EU 2457600 
36 CHAIN 35 EU 28672000 182 EU 11591680 183 EU 16777216 184 EU 43927184 185 EU 28672000 
37 CHAIN 36 EU 19660800 186 EU 34292528 187 EU 54222072 188 EU 149164968 189 EU 48375432 
38 CHAIN 37 EU 4096000 190 EU 12288000 191 EU 149164968 192 NA 41636560 193 NA 66605352 
39 CHAIN 38 EU 28672000 194 EU 56255160 195 NA 41636560 196 NA 8388608 197 EU 149164968 
40 CHAIN 39 NA 66605352 198 EU 55892616 199 EU 54222072 200 EU 56255160 201 EU 176160768 
41 CHAIN 40 NA 48067448 202 EU 43927184 203 EU 149164968 204 NA 66605352 205 NA 9216000 
42 CHAIN 41 EU 149164968 206 EU 149164968 207 EU 16777216 208 EU 48375432 209 EU 149164968 
