0 BRANCH 0 NA 24371136 1 NA 8044008 2 EU 56255160 3 EU 48375432 4 EU 54222072 5 EU 56255160 6 NA 66605352 7 NA 13480656 8 EU 56255160 9 EU 48375432 10 NA 8388608 11 EU 56255160 12 NA 66605352 13 NA 24371136 14 EU 11591680 15 EU 176160768 16 EU 3178584 17 EU 56255160 18 NA 66605352 19 EU 48375432 20 EU 56255160 21 EU 34292528 22 EU 176160768 23 EU 28672000 24 EU 176160768 25 NA 48067448 26 EU 56255160 27 EU 34292528 28 NA 9216000 29 EU 149164968 30 EU 34292528 31 NA 48067448 32 EU 56255160 33 EU 176160768 34 NA 48067448 35 EU 56255160 36 EU 34292528 37 NA 24371136 38 EU 56255160 39 NA 24371136 40 NA 9216000 41 EU 149164968 
1 CHAIN 0 NA 24371136 42 NA 66605352 43 NA 13480656 44 EU 149164968 45 NA 66605352 
2 CHAIN 1 NA 8044008 46 EU 34292528 47 EU 56255160 48 NA 41636560 49 EU 1638400 
3 CHAIN 2 EU 56255160 50 EU 56255160 51 NA 41636560 52 NA 48067448 53 EU 56255160 
4 CHAIN 3 EU 48375432 54 EU 48375432 55 EU 54222072 56 EU 56255160 57 EU 176160768 
5 CHAIN 4 EU 54222072 58 NA 66605352 59 EU 28672000 60 EU 48375432 61 NA 48067448 
6 CHAIN 5 EU 56255160 62 EU 149164968 63 EU 19660800 64 NA 48067448 65 EU 149164968 
7 CHAIN 6 NA 66605352 66 EU 176160768 67 EU 12288000 68 EU 56255160 69 NA 66605352 
8 CHAIN 7 NA 13480656 70 EU 6296704 71 EU 149164968 72 EU 55892616 73 EU 3178584 
9 CHAIN 8 EU 56255160 74 EU 56255160 75 EU 48375432 76 EU 12288000 77 EU 56255160 
10 CHAIN 9 EU 48375432 78 EU 176160768 79 EU 54222072 80 EU 149164968 81 EU 55892616 
11 CHAIN 10 NA 8388608 82 NA 48067448 83 EU 28672000 84 NA 66605352 85 EU 2129920 
12 CHAIN 11 EU 56255160 86 EU 28672000 87 EU 16777216 88 EU 43927184 89 EU 149164968 
13 CHAIN 12 NA 66605352 90 NA 66605352 91 NA 13480656 92 EU 56255160 93 NA 66605352 
14 CHAIN 13 NA 24371136 94 NA 8388608 95 EU 56255160 96 NA 41636560 97 EU 43927184 
15 CHAIN 14 EU 11591680 98 EU 56255160 99 EU 48375432 100 EU 43927184 101 EU 149164968 
16 CHAIN 15 EU 176160768 102 EU 176160768 103 NA 9216000 104 EU 56255160 105 NA 41636560 
17 CHAIN 16 EU 3178584 106 EU 54222072 107 EU 149164968 108 EU 55892616 109 EU 43927184 
18 CHAIN 17 EU 56255160 110 EU 149164968 111 EU 16777216 112 NA 48067448 113 EU 56255160 
19 CHAIN 18 NA 66605352 114 EU 34292528 115 NA 8044008 116 EU 56255160 117 NA 41636560 
20 CHAIN 19 EU 48375432 118 EU 176160768 119 EU 149164968 120 NA 41636560 121 EU 19660800 
21 CHAIN 20 EU 56255160 122 EU 28672000 123 NA 66605352 124 EU 54222072 125 EU 149164968 
22 CHAIN 21 EU 34292528 126 NA 41636560 127 NA 3391304 128 EU 149164968 129 EU 34292528 
23 CHAIN 22 EU 176160768 130 NA 8044008 131 EU 56255160 132 NA 41636560 133 EU 176160768 
24 CHAIN 23 EU 28672000 134 EU 56255160 135 EU 19660800 136 EU 54222072 137 EU 28672000 
25 CHAIN 24 EU 176160768 138 EU 19660800 139 EU 34292528 140 EU 149164968 141 NA 66605352 
26 CHAIN 25 NA 48067448 142 EU 43927184 143 EU 149164968 144 NA 24371136 145 EU 54222072 
27 CHAIN 26 EU 56255160 146 EU 149164968 147 NA 66605352 148 NA 48067448 149 EU 149164968 
28 CHAIN 27 EU 34292528 150 EU 55892616 151 EU 43927184 152 EU 56255160 153 NA 24371136 
29 CHAIN 28 NA 9216000 154 EU 28820368 155 EU 56255160 156 NA 66605352 157 NA 48067448 
30 CHAIN 29 EU 149164968 158 EU 56255160 159 EU 48375432 160 EU 54222072 161 EU 56255160 
31 CHAIN 30 EU 34292528 162 EU 28820368 163 NA 41636560 164 EU 11591680 165 NA 41636560 
32 CHAIN 31 NA 48067448 166 EU 1638400 167 EU 149164968 168 EU 176160768 169 EU 2457600 
33 CHAIN 32 EU 56255160 170 EU 149164968 171 EU 55892616 172 EU 34292528 173 EU 149164968 
34 CHAIN 33 EU 176160768 174 EU 176160768 175 NA 13480656 176 EU 56255160 177 EU 176160768 
35 CHAIN 34 NA 48067448 178 NA 8388608 179 EU 11591680 180 EU 55892616 181 NA 48067448 
36 CHAIN 35 EU 56255160 182 EU 56255160 183 EU 16777216 184 EU 54222072 185 EU 56255160 
37 CHAIN 36 EU 34292528 186 EU 176160768 187 EU 34292528 188 EU 56255160 189 NA 41636560 
38 CHAIN 37 NA 24371136 190 EU 28820368 191 EU 11591680 192 EU 55892616 193 NA 48067448 
39 CHAIN 38 EU 56255160 194 EU 56255160 195 EU 48375432 196 EU 43927184 197 EU 149164968 
40 CHAIN 39 NA 24371136 198 NA 66605352 199 EU 55892616 200 EU 149164968 201 EU 19660800 
41 CHAIN 40 NA 9216000 202 EU 43927184 203 EU 28672000 204 EU 55892616 205 NA 4194304 
42 CHAIN 41 EU 149164968 206 EU 28672000 207 NA 24371136 208 EU 54222072 209 EU 56255160 
