0 BRANCH 0 EU 48375432 1 NA 13480656 2 EU 28672000 3 EU 55892616 4 NA 9216000 5 EU 149164968 6 NA 66605352 7 NA 13480656 8 EU 149164968 9 EU 55892616 10 NA 8044008 11 EU 56255160 12 NA 66605352 13 EU 54222072 14 EU 149164968 15 EU 19660800 16 EU 43927184 17 EU 149164968 18 NA 41636560 19 NA 8388608 20 EU 56255160 21 EU 176160768 22 EU 1024000 23 EU 56255160 24 EU 176160768 25 EU 54222072 26 EU 149164968 27 NA 66605352 28 EU 176160768 29 EU 149164968 30 EU 28820368 31 EU 54222072 32 EU 56255160 33 NA 66605352 34 EU 48375432 35 EU 2097152 36 EU 176160768 37 EU 4096000 38 EU 56255160 39 EU 48375432 40 EU 43927184 41 EU 149164968 
1 CHAIN 0 EU 48375432 42 NA 66605352 43 EU 54222072 44 EU 28672000 45 EU 48375432 
2 CHAIN 1 NA 13480656 46 EU 43927184 47 EU 56255160 48 EU 28820368 49 EU 16777216 
3 CHAIN 2 EU 28672000 50 EU 56255160 51 EU 48375432 52 EU 176160768 53 EU 56255160 
4 CHAIN 3 EU 55892616 54 EU 28820368 55 EU 43927184 56 EU 149164968 57 NA 41636560 
5 CHAIN 4 NA 9216000 58 EU 3178584 59 EU 28672000 60 EU 48375432 61 EU 54222072 
6 CHAIN 5 EU 149164968 62 EU 149164968 63 EU 55892616 64 NA 13480656 65 EU 11591680 
7 CHAIN 6 NA 66605352 66 EU 28820368 67 EU 54222072 68 EU 56255160 69 NA 41636560 
8 CHAIN 7 NA 13480656 70 NA 8388608 71 EU 149164968 72 EU 176160768 73 EU 34292528 
9 CHAIN 8 EU 149164968 74 EU 56255160 75 NA 41636560 76 NA 8388608 77 EU 149164968 
10 CHAIN 9 EU 55892616 78 NA 41636560 79 EU 28820368 80 EU 11591680 81 EU 28820368 
11 CHAIN 10 NA 8044008 82 EU 43927184 83 EU 149164968 84 EU 176160768 85 EU 2048000 
12 CHAIN 11 EU 56255160 86 EU 149164968 87 EU 34292528 88 EU 54222072 89 EU 56255160 
13 CHAIN 12 NA 66605352 90 NA 41636560 91 EU 12288000 92 EU 149164968 93 EU 34292528 
14 CHAIN 13 EU 54222072 94 EU 176160768 95 EU 149164968 96 EU 55892616 97 EU 2048000 
15 CHAIN 14 EU 149164968 98 EU 56255160 99 NA 66605352 100 EU 43927184 101 EU 149164968 
16 CHAIN 15 EU 19660800 102 EU 55892616 103 EU 54222072 104 EU 56255160 105 EU 55892616 
17 CHAIN 16 EU 43927184 106 EU 43927184 107 EU 149164968 108 NA 41636560 109 EU 43927184 
18 CHAIN 17 EU 149164968 110 EU 56255160 111 NA 66605352 112 EU 43927184 113 EU 149164968 
19 CHAIN 18 NA 41636560 114 EU 48375432 115 NA 48067448 116 EU 149164968 117 EU 176160768 
20 CHAIN 19 NA 8388608 118 EU 3178584 119 EU 149164968 120 EU 28820368 121 EU 54222072 
21 CHAIN 20 EU 56255160 122 EU 11591680 123 NA 41636560 124 EU 1024000 125 EU 149164968 
22 CHAIN 21 EU 176160768 126 NA 41636560 127 EU 43927184 128 EU 149164968 129 NA 66605352 
23 CHAIN 22 EU 1024000 130 NA 13480656 131 EU 149164968 132 NA 66605352 133 EU 12288000 
24 CHAIN 23 EU 56255160 134 EU 56255160 135 NA 24371136 136 EU 55892616 137 EU 149164968 
25 CHAIN 24 EU 176160768 138 EU 48375432 139 EU 43927184 140 EU 56255160 141 NA 66605352 
26 CHAIN 25 EU 54222072 142 NA 48067448 143 EU 56255160 144 NA 66605352 145 EU 176160768 
27 CHAIN 26 EU 149164968 146 EU 11591680 147 EU 176160768 148 NA 48067448 149 EU 149164968 
28 CHAIN 27 NA 66605352 150 EU 34292528 151 NA 8044008 152 EU 56255160 153 EU 55892616 
29 CHAIN 28 EU 176160768 154 EU 3178584 155 EU 28672000 156 EU 176160768 157 EU 2457600 
30 CHAIN 29 EU 149164968 158 EU 28672000 159 EU 19660800 160 NA 41636560 161 EU 56255160 
31 CHAIN 30 EU 28820368 162 EU 48375432 163 EU 6296704 164 EU 149164968 165 EU 176160768 
32 CHAIN 31 EU 54222072 166 EU 12288000 167 EU 149164968 168 EU 48375432 169 NA 48067448 
33 CHAIN 32 EU 56255160 170 EU 149164968 171 EU 28820368 172 NA 48067448 173 EU 28672000 
34 CHAIN 33 NA 66605352 174 NA 24371136 175 EU 43927184 176 EU 56255160 177 EU 28820368 
35 CHAIN 34 EU 48375432 178 EU 4096000 179 EU 149164968 180 EU 34292528 181 NA 66605352 
36 CHAIN 35 EU 2097152 182 EU 149164968 183 EU 48375432 184 EU 12288000 185 EU 56255160 
37 CHAIN 36 EU 176160768 186 EU 48375432 187 EU 43927184 188 EU 2097152 189 EU 55892616 
38 CHAIN 37 EU 4096000 190 EU 2457600 191 EU 56255160 192 EU 176160768 193 NA 8044008 
39 CHAIN 38 EU 56255160 194 EU 149164968 195 EU 19660800 196 EU 5898240 197 EU 56255160 
40 CHAIN 39 EU 48375432 198 EU 16777216 199 EU 55892616 200 EU 149164968 201 EU 176160768 
41 CHAIN 40 EU 43927184 202 EU 6296704 203 EU 149164968 204 EU 55892616 205 EU 54222072 
42 CHAIN 41 EU 149164968 206 EU 149164968 207 EU 176160768 208 NA 66605352 209 EU 28672000 
