0 BRANCH 0 NA 66605352 1 EU 54222072 2 EU 28672000 3 NA 66605352 4 EU 4096000 5 EU 56255160 6 NA 24371136 7 NA 8044008 8 EU 56255160 9 EU 48375432 10 EU 6296704 11 EU 149164968 12 NA 66605352 13 NA 48067448 14 EU 149164968 15 EU 48375432 16 NA 24371136 17 EU 149164968 18 EU 28820368 19 NA 1605632 20 EU 56255160 21 NA 41636560 22 EU 28820368 23 EU 149164968 24 EU 34292528 25 EU 48375432 26 EU 28672000 27 EU 176160768 28 NA 8388608 29 EU 149164968 30 EU 34292528 31 EU 8192000 32 EU 28672000 33 NA 66605352 34 NA 9216000 35 EU 28672000 36 EU 176160768 37 NA 48067448 38 EU 149164968 39 NA 66605352 40 EU 6296704 41 EU 56255160 
1 CHAIN 0 NA 66605352 42 NA 41636560 43 EU 4096000 44 EU 149164968 45 EU 28820368 
2 CHAIN 1 EU 54222072 46 EU 54222072 47 EU 149164968 48 NA 41636560 49 NA 9216000 
3 CHAIN 2 EU 28672000 50 EU 149164968 51 EU 34292528 52 NA 48067448 53 EU 56255160 
4 CHAIN 3 NA 66605352 54 EU 28820368 55 EU 12288000 56 EU 56255160 57 NA 66605352 
5 CHAIN 4 EU 4096000 58 NA 48067448 59 EU 56255160 60 NA 66605352 61 NA 48067448 
6 CHAIN 5 EU 56255160 62 EU 149164968 63 NA 41636560 64 NA 8044008 65 EU 149164968 
7 CHAIN 6 NA 24371136 66 NA 41636560 67 NA 13480656 68 EU 28672000 69 EU 34292528 
8 CHAIN 7 NA 8044008 70 EU 2129920 71 EU 28672000 72 EU 55892616 73 EU 6296704 
9 CHAIN 8 EU 56255160 74 EU 11591680 75 EU 55892616 76 NA 8388608 77 EU 28672000 
10 CHAIN 9 EU 48375432 78 EU 176160768 79 EU 54222072 80 EU 56255160 81 EU 34292528 
11 CHAIN 10 EU 6296704 82 NA 66605352 83 EU 28672000 84 EU 48375432 85 EU 176160768 
12 CHAIN 11 EU 149164968 86 EU 56255160 87 EU 48375432 88 NA 66605352 89 EU 56255160 
13 CHAIN 12 NA 66605352 90 NA 24371136 91 EU 8192000 92 EU 56255160 93 EU 34292528 
14 CHAIN 13 NA 48067448 94 EU 55892616 95 EU 149164968 96 NA 66605352 97 NA 5079504 
15 CHAIN 14 EU 149164968 98 EU 11591680 99 EU 176160768 100 EU 54222072 101 EU 56255160 
16 CHAIN 15 EU 48375432 102 EU 28820368 103 EU 176160768 104 EU 149164968 105 EU 34292528 
17 CHAIN 16 NA 24371136 106 EU 6296704 107 EU 56255160 108 NA 24371136 109 EU 54222072 
18 CHAIN 17 EU 149164968 110 EU 56255160 111 EU 176160768 112 NA 9216000 113 EU 28672000 
19 CHAIN 18 EU 28820368 114 NA 24371136 115 EU 54222072 116 EU 149164968 117 EU 176160768 
20 CHAIN 19 NA 1605632 118 EU 12288000 119 EU 149164968 120 EU 176160768 121 NA 4194304 
21 CHAIN 20 EU 56255160 122 EU 28672000 123 EU 176160768 124 NA 48067448 125 EU 28672000 
22 CHAIN 21 NA 41636560 126 NA 41636560 127 EU 48375432 128 EU 149164968 129 EU 176160768 
23 CHAIN 22 EU 28820368 130 EU 43927184 131 EU 28672000 132 EU 176160768 133 EU 1024000 
24 CHAIN 23 EU 149164968 134 EU 28672000 135 EU 16777216 136 EU 176160768 137 EU 149164968 
25 CHAIN 24 EU 34292528 138 EU 55892616 139 NA 48067448 140 EU 149164968 141 EU 55892616 
26 CHAIN 25 EU 48375432 142 NA 9216000 143 EU 56255160 144 NA 41636560 145 EU 6296704 
27 CHAIN 26 EU 28672000 146 EU 149164968 147 EU 28820368 148 EU 43927184 149 EU 149164968 
28 CHAIN 27 EU 176160768 150 EU 16777216 151 EU 43927184 152 EU 11591680 153 EU 48375432 
29 CHAIN 28 NA 8388608 154 EU 43927184 155 EU 11591680 156 EU 48375432 157 NA 24371136 
30 CHAIN 29 EU 149164968 158 EU 149164968 159 NA 41636560 160 NA 48067448 161 EU 56255160 
31 CHAIN 30 EU 34292528 162 NA 24371136 163 EU 4096000 164 EU 56255160 165 EU 16777216 
32 CHAIN 31 EU 8192000 166 EU 2048000 167 EU 149164968 168 NA 41636560 169 EU 54222072 
33 CHAIN 32 EU 28672000 170 EU 11591680 171 EU 28820368 172 EU 4096000 173 EU 149164968 
34 CHAIN 33 NA 66605352 174 NA 41636560 175 NA 8388608 176 EU 149164968 177 NA 41636560 
35 CHAIN 34 NA 9216000 178 EU 1064960 179 NA 819200 180 EU 28820368 181 NA 8388608 
36 CHAIN 35 EU 28672000 182 EU 149164968 183 NA 24371136 184 NA 8388608 185 EU 149164968 
37 CHAIN 36 EU 176160768 186 NA 66605352 187 EU 43927184 188 EU 149164968 189 EU 176160768 
38 CHAIN 37 NA 48067448 190 NA 4194304 191 EU 56255160 192 NA 24371136 193 NA 48067448 
39 CHAIN 38 EU 149164968 194 EU 149164968 195 NA 66605352 196 EU 43927184 197 EU 28672000 
40 CHAIN 39 NA 66605352 198 EU 48375432 199 EU 176160768 200 EU 149164968 201 EU 48375432 
41 CHAIN 40 EU 6296704 202 EU 16777216 203 EU 28672000 204 EU 19660800 205 NA 13480656 
42 CHAIN 41 EU 56255160 206 EU 149164968 207 EU 34292528 208 NA 48067448 209 EU 149164968 
