0 BRANCH 0 NA 41636560 1 EU 1638400 2 EU 149164968 3 EU 176160768 4 EU 43927184 5 EU 149164968 6 EU 55892616 7 EU 43927184 8 EU 56255160 9 EU 16777216 10 EU 43927184 11 EU 149164968 12 EU 48375432 13 EU 54222072 14 EU 149164968 15 NA 66605352 16 EU 43927184 17 EU 149164968 18 EU 55892616 19 NA 9216000 20 EU 149164968 21 NA 24371136 22 EU 12288000 23 EU 149164968 24 EU 34292528 25 NA 48067448 26 EU 56255160 27 EU 48375432 28 EU 176160768 29 EU 28672000 30 EU 34292528 31 EU 12288000 32 EU 28672000 33 EU 55892616 34 EU 43927184 35 EU 56255160 36 EU 28820368 37 EU 43927184 38 EU 149164968 39 NA 41636560 40 EU 55892616 41 EU 56255160 
1 CHAIN 0 NA 41636560 42 EU 48375432 43 EU 8192000 44 EU 56255160 45 EU 176160768 
2 CHAIN 1 EU 1638400 46 EU 8192000 47 EU 2097152 48 EU 28820368 49 NA 48067448 
3 CHAIN 2 EU 149164968 50 EU 56255160 51 NA 24371136 52 EU 54222072 53 EU 28672000 
4 CHAIN 3 EU 176160768 54 EU 55892616 55 NA 41636560 56 EU 28672000 57 EU 34292528 
5 CHAIN 4 EU 43927184 58 EU 176160768 59 EU 149164968 60 EU 34292528 61 EU 54222072 
6 CHAIN 5 EU 149164968 62 EU 11591680 63 NA 41636560 64 NA 66605352 65 EU 28672000 
7 CHAIN 6 EU 55892616 66 NA 66605352 67 EU 12288000 68 EU 149164968 69 EU 28820368 
8 CHAIN 7 EU 43927184 70 NA 5079504 71 EU 149164968 72 EU 48375432 73 NA 48067448 
9 CHAIN 8 EU 56255160 74 EU 56255160 75 EU 176160768 76 NA 66605352 77 EU 28672000 
10 CHAIN 9 EU 16777216 78 NA 41636560 79 EU 43927184 80 EU 56255160 81 EU 55892616 
11 CHAIN 10 EU 43927184 82 EU 43927184 83 EU 2097152 84 EU 48375432 85 NA 66605352 
12 CHAIN 11 EU 149164968 86 EU 56255160 87 EU 48375432 88 NA 8388608 89 EU 28672000 
13 CHAIN 12 EU 48375432 90 NA 66605352 91 EU 176160768 92 EU 149164968 93 EU 34292528 
14 CHAIN 13 EU 54222072 94 EU 55892616 95 EU 149164968 96 NA 66605352 97 EU 55892616 
15 CHAIN 14 EU 149164968 98 EU 149164968 99 NA 66605352 100 EU 176160768 101 EU 28672000 
16 CHAIN 15 NA 66605352 102 EU 176160768 103 EU 34292528 104 EU 56255160 105 NA 41636560 
17 CHAIN 16 EU 43927184 106 NA 66605352 107 EU 56255160 108 NA 66605352 109 EU 16777216 
18 CHAIN 17 EU 149164968 110 EU 28672000 111 EU 28820368 112 EU 176160768 113 EU 149164968 
19 CHAIN 18 EU 55892616 114 EU 34292528 115 EU 54222072 116 EU 149164968 117 NA 66605352 
20 CHAIN 19 NA 9216000 118 EU 8192000 119 EU 28672000 120 EU 28820368 121 EU 8192000 
21 CHAIN 20 EU 149164968 122 EU 11591680 123 EU 19660800 124 EU 16777216 125 EU 28672000 
22 CHAIN 21 NA 24371136 126 NA 24371136 127 EU 54222072 128 EU 149164968 129 EU 34292528 
23 CHAIN 22 EU 12288000 130 EU 43927184 131 EU 28672000 132 EU 55892616 133 EU 16777216 
24 CHAIN 23 EU 149164968 134 EU 149164968 135 EU 34292528 136 EU 12288000 137 EU 56255160 
25 CHAIN 24 EU 34292528 138 EU 55892616 139 EU 54222072 140 EU 149164968 141 EU 16777216 
26 CHAIN 25 NA 48067448 142 NA 24371136 143 EU 56255160 144 NA 66605352 145 NA 48067448 
27 CHAIN 26 EU 56255160 146 EU 28672000 147 EU 176160768 148 EU 43927184 149 EU 28672000 
28 CHAIN 27 EU 48375432 150 EU 176160768 151 NA 66605352 152 EU 149164968 153 EU 16777216 
29 CHAIN 28 EU 176160768 154 EU 55892616 155 EU 11591680 156 EU 176160768 157 EU 43927184 
30 CHAIN 29 EU 28672000 158 EU 56255160 159 EU 48375432 160 NA 13480656 161 EU 149164968 
31 CHAIN 30 EU 34292528 162 EU 28820368 163 NA 4194304 164 EU 28672000 165 EU 176160768 
32 CHAIN 31 EU 12288000 166 EU 54222072 167 EU 149164968 168 EU 19660800 169 EU 54222072 
33 CHAIN 32 EU 28672000 170 EU 149164968 171 EU 28820368 172 EU 43927184 173 EU 28672000 
34 CHAIN 33 EU 55892616 174 EU 28820368 175 EU 34292528 176 EU 56255160 177 NA 66605352 
35 CHAIN 34 EU 43927184 178 EU 43927184 179 EU 149164968 180 NA 66605352 181 EU 34292528 
36 CHAIN 35 EU 56255160 182 EU 56255160 183 NA 24371136 184 EU 54222072 185 EU 149164968 
37 CHAIN 36 EU 28820368 186 NA 24371136 187 EU 54222072 188 EU 149164968 189 NA 66605352 
38 CHAIN 37 EU 43927184 190 EU 54222072 191 EU 56255160 192 EU 19660800 193 EU 54222072 
39 CHAIN 38 EU 149164968 194 EU 56255160 195 EU 176160768 196 EU 5898240 197 EU 149164968 
40 CHAIN 39 NA 41636560 198 NA 41636560 199 NA 24371136 200 EU 56255160 201 NA 66605352 
41 CHAIN 40 EU 55892616 202 EU 55892616 203 EU 149164968 204 EU 48375432 205 NA 5079504 
42 CHAIN 41 EU 56255160 206 EU 28672000 207 NA 24371136 208 NA 13480656 209 EU 28672000 
