0 BRANCH 0 NA 66605352 1 EU 48375432 2 EU 149164968 3 EU 176160768 4 NA 24371136 5 EU 56255160 6 EU 28820368 7 EU 48375432 8 EU 28672000 9 NA 66605352 10 NA 5079504 11 EU 149164968 12 EU 55892616 13 NA 66605352 14 EU 56255160 15 EU 28820368 16 EU 43927184 17 EU 149164968 18 NA 66605352 19 EU 176160768 20 EU 28672000 21 EU 176160768 22 EU 12288000 23 EU 149164968 24 EU 28820368 25 EU 176160768 26 EU 56255160 27 NA 66605352 28 NA 8388608 29 EU 28672000 30 EU 28820368 31 NA 48067448 32 EU 56255160 33 EU 28820368 34 EU 54222072 35 EU 149164968 36 EU 176160768 37 NA 5079504 38 EU 149164968 39 NA 66605352 40 NA 5079504 41 EU 28672000 
1 CHAIN 0 NA 66605352 42 NA 66605352 43 NA 48067448 44 EU 149164968 45 EU 55892616 
2 CHAIN 1 EU 48375432 46 EU 54222072 47 EU 149164968 48 NA 41636560 49 NA 9216000 
3 CHAIN 2 EU 149164968 50 EU 28672000 51 EU 34292528 52 EU 2129920 53 EU 56255160 
4 CHAIN 3 EU 176160768 54 NA 24371136 55 NA 66605352 56 EU 28672000 57 EU 48375432 
5 CHAIN 4 NA 24371136 58 EU 176160768 59 EU 56255160 60 EU 176160768 61 NA 9216000 
6 CHAIN 5 EU 56255160 62 EU 56255160 63 NA 24371136 64 EU 16777216 65 EU 56255160 
7 CHAIN 6 EU 28820368 66 EU 55892616 67 EU 54222072 68 EU 28672000 69 NA 66605352 
8 CHAIN 7 EU 48375432 70 EU 34292528 71 EU 149164968 72 EU 176160768 73 EU 54222072 
9 CHAIN 8 EU 28672000 74 EU 28672000 75 EU 176160768 76 EU 12288000 77 EU 56255160 
10 CHAIN 9 NA 66605352 78 NA 41636560 79 EU 54222072 80 EU 149164968 81 EU 176160768 
11 CHAIN 10 NA 5079504 82 NA 48067448 83 EU 149164968 84 EU 55892616 85 EU 54222072 
12 CHAIN 11 EU 149164968 86 EU 56255160 87 EU 19660800 88 EU 48375432 89 EU 28672000 
13 CHAIN 12 EU 55892616 90 EU 48375432 91 EU 5898240 92 EU 28672000 93 NA 41636560 
14 CHAIN 13 NA 66605352 94 EU 43927184 95 EU 56255160 96 EU 28820368 97 NA 48067448 
15 CHAIN 14 EU 56255160 98 EU 28672000 99 EU 176160768 100 EU 1024000 101 EU 56255160 
16 CHAIN 15 EU 28820368 102 NA 41636560 103 NA 13480656 104 EU 149164968 105 NA 66605352 
17 CHAIN 16 EU 43927184 106 EU 2129920 107 EU 28672000 108 EU 16777216 109 EU 55892616 
18 CHAIN 17 EU 149164968 110 EU 56255160 111 NA 41636560 112 NA 48067448 113 EU 28672000 
19 CHAIN 18 NA 66605352 114 NA 66605352 115 NA 48067448 116 EU 56255160 117 EU 28820368 
20 CHAIN 19 EU 176160768 118 NA 48067448 119 EU 56255160 120 EU 48375432 121 EU 3178584 
21 CHAIN 20 EU 28672000 122 EU 56255160 123 EU 176160768 124 EU 43927184 125 EU 56255160 
22 CHAIN 21 EU 176160768 126 NA 66605352 127 EU 4096000 128 EU 28672000 129 NA 66605352 
23 CHAIN 22 EU 12288000 130 EU 4096000 131 EU 149164968 132 NA 66605352 133 EU 54222072 
24 CHAIN 23 EU 149164968 134 EU 28672000 135 EU 176160768 136 EU 48375432 137 EU 56255160 
25 CHAIN 24 EU 28820368 138 EU 28820368 139 NA 48067448 140 EU 149164968 141 NA 66605352 
26 CHAIN 25 EU 176160768 142 NA 8388608 143 EU 56255160 144 EU 28820368 145 NA 9216000 
27 CHAIN 26 EU 56255160 146 EU 149164968 147 EU 48375432 148 EU 54222072 149 EU 149164968 
28 CHAIN 27 NA 66605352 150 NA 66605352 151 EU 1024000 152 EU 56255160 153 EU 176160768 
29 CHAIN 28 NA 8388608 154 EU 43927184 155 EU 11591680 156 EU 55892616 157 NA 8044008 
30 CHAIN 29 EU 28672000 158 EU 56255160 159 NA 66605352 160 NA 8388608 161 EU 56255160 
31 CHAIN 30 EU 28820368 162 EU 16777216 163 NA 48067448 164 EU 11591680 165 NA 66605352 
32 CHAIN 31 NA 48067448 166 EU 55892616 167 EU 149164968 168 NA 41636560 169 EU 54222072 
33 CHAIN 32 EU 56255160 170 EU 11591680 171 EU 48375432 172 EU 12288000 173 EU 56255160 
34 CHAIN 33 EU 28820368 174 NA 24371136 175 NA 8388608 176 EU 56255160 177 EU 48375432 
35 CHAIN 34 EU 54222072 178 EU 16777216 179 EU 149164968 180 NA 66605352 181 EU 43927184 
36 CHAIN 35 EU 149164968 182 EU 149164968 183 EU 34292528 184 EU 2457600 185 EU 11591680 
37 CHAIN 36 EU 176160768 186 EU 48375432 187 EU 1638400 188 EU 149164968 189 NA 41636560 
38 CHAIN 37 NA 5079504 190 NA 8388608 191 EU 56255160 192 EU 28820368 193 NA 9216000 
39 CHAIN 38 EU 149164968 194 EU 56255160 195 EU 19660800 196 NA 66605352 197 EU 149164968 
40 CHAIN 39 NA 66605352 198 EU 55892616 199 EU 819200 200 EU 28672000 201 EU 48375432 
41 CHAIN 40 NA 5079504 202 NA 48067448 203 EU 149164968 204 EU 34292528 205 NA 8388608 
42 CHAIN 41 EU 28672000 206 EU 28672000 207 NA 66605352 208 EU 8192000 209 EU 28672000 
