0 BRANCH 0 NA 66605352 1 NA 41636560 2 EU 11591680 3 NA 66605352 4 EU 4096000 5 EU 56255160 6 EU 48375432 7 NA 9216000 8 EU 149164968 9 NA 41636560 10 NA 8388608 11 EU 56255160 12 NA 66605352 13 NA 9216000 14 EU 56255160 15 EU 176160768 16 EU 54222072 17 EU 149164968 18 NA 66605352 19 NA 4194304 20 EU 149164968 21 EU 48375432 22 NA 8388608 23 EU 149164968 24 EU 48375432 25 NA 9216000 26 EU 149164968 27 EU 48375432 28 EU 43927184 29 EU 11591680 30 NA 41636560 31 NA 8044008 32 EU 149164968 33 EU 34292528 34 EU 48375432 35 EU 28672000 36 EU 34292528 37 EU 1638400 38 EU 149164968 39 NA 66605352 40 EU 176160768 41 EU 149164968 
1 CHAIN 0 NA 66605352 42 EU 16777216 43 EU 48375432 44 EU 149164968 45 EU 176160768 
2 CHAIN 1 NA 41636560 46 EU 43927184 47 EU 56255160 48 NA 66605352 49 EU 176160768 
3 CHAIN 2 EU 11591680 50 EU 56255160 51 EU 48375432 52 EU 176160768 53 EU 56255160 
4 CHAIN 3 NA 66605352 54 EU 34292528 55 NA 9216000 56 EU 149164968 57 EU 28820368 
5 CHAIN 4 EU 4096000 58 EU 43927184 59 EU 28672000 60 NA 66605352 61 NA 13480656 
6 CHAIN 5 EU 56255160 62 EU 149164968 63 EU 48375432 64 NA 24371136 65 EU 11591680 
7 CHAIN 6 EU 48375432 66 EU 16777216 67 NA 9216000 68 EU 149164968 69 NA 66605352 
8 CHAIN 7 NA 9216000 70 NA 4194304 71 EU 28672000 72 EU 48375432 73 EU 5898240 
9 CHAIN 8 EU 149164968 74 EU 28672000 75 EU 16777216 76 NA 4194304 77 EU 56255160 
10 CHAIN 9 NA 41636560 78 NA 24371136 79 EU 176160768 80 EU 149164968 81 EU 34292528 
11 CHAIN 10 NA 8388608 82 NA 66605352 83 EU 149164968 84 EU 176160768 85 EU 54222072 
12 CHAIN 11 EU 56255160 86 EU 56255160 87 NA 66605352 88 EU 54222072 89 EU 149164968 
13 CHAIN 12 NA 66605352 90 NA 24371136 91 NA 8388608 92 EU 56255160 93 EU 55892616 
14 CHAIN 13 NA 9216000 94 EU 54222072 95 EU 56255160 96 EU 176160768 97 NA 48067448 
15 CHAIN 14 EU 56255160 98 EU 56255160 99 EU 55892616 100 NA 8044008 101 EU 56255160 
16 CHAIN 15 EU 176160768 102 EU 34292528 103 EU 28820368 104 EU 11591680 105 EU 28820368 
17 CHAIN 16 EU 54222072 106 EU 5898240 107 EU 28672000 108 EU 16777216 109 NA 48067448 
18 CHAIN 17 EU 149164968 110 EU 11591680 111 NA 66605352 112 EU 54222072 113 EU 149164968 
19 CHAIN 18 NA 66605352 114 EU 176160768 115 NA 8388608 116 EU 149164968 117 EU 34292528 
20 CHAIN 19 NA 4194304 118 EU 8192000 119 EU 56255160 120 NA 66605352 121 EU 54222072 
21 CHAIN 20 EU 149164968 122 EU 56255160 123 EU 176160768 124 EU 12288000 125 EU 149164968 
22 CHAIN 21 EU 48375432 126 EU 34292528 127 NA 41636560 128 EU 56255160 129 EU 28820368 
23 CHAIN 22 NA 8388608 130 EU 43927184 131 EU 11591680 132 EU 19660800 133 EU 8192000 
24 CHAIN 23 EU 149164968 134 EU 149164968 135 NA 41636560 136 EU 12288000 137 EU 149164968 
25 CHAIN 24 EU 48375432 138 NA 66605352 139 NA 48067448 140 EU 28672000 141 EU 176160768 
26 CHAIN 25 NA 9216000 142 NA 4194304 143 EU 56255160 144 NA 24371136 145 NA 48067448 
27 CHAIN 26 EU 149164968 146 EU 149164968 147 EU 16777216 148 NA 13480656 149 EU 56255160 
28 CHAIN 27 EU 48375432 150 EU 55892616 151 EU 1638400 152 EU 56255160 153 EU 28820368 
29 CHAIN 28 EU 43927184 154 EU 43927184 155 EU 149164968 156 EU 176160768 157 EU 54222072 
30 CHAIN 29 EU 11591680 158 EU 28672000 159 EU 34292528 160 EU 16777216 161 EU 149164968 
31 CHAIN 30 NA 41636560 162 EU 55892616 163 NA 48067448 164 EU 149164968 165 EU 176160768 
32 CHAIN 31 NA 8044008 166 NA 3391304 167 EU 56255160 168 NA 66605352 169 EU 43927184 
33 CHAIN 32 EU 149164968 170 EU 149164968 171 EU 19660800 172 NA 66605352 173 EU 149164968 
34 CHAIN 33 EU 34292528 174 EU 16777216 175 EU 2457600 176 EU 149164968 177 NA 66605352 
35 CHAIN 34 EU 48375432 178 EU 176160768 179 EU 149164968 180 EU 55892616 181 NA 48067448 
36 CHAIN 35 EU 28672000 182 EU 149164968 183 EU 176160768 184 EU 54222072 185 EU 149164968 
37 CHAIN 36 EU 34292528 186 EU 28820368 187 EU 176160768 188 EU 28672000 189 EU 55892616 
38 CHAIN 37 EU 1638400 190 EU 34292528 191 EU 149164968 192 EU 16777216 193 NA 48067448 
39 CHAIN 38 EU 149164968 194 EU 56255160 195 EU 34292528 196 EU 28820368 197 EU 56255160 
40 CHAIN 39 NA 66605352 198 EU 55892616 199 EU 54222072 200 EU 149164968 201 NA 41636560 
41 CHAIN 40 EU 176160768 202 EU 4096000 203 EU 149164968 204 EU 34292528 205 NA 48067448 
42 CHAIN 41 EU 149164968 206 EU 149164968 207 EU 176160768 208 NA 48067448 209 EU 56255160 
