0 BRANCH 0 EU 16777216 1 EU 5898240 2 EU 56255160 3 EU 176160768 4 NA 8388608 5 EU 56255160 6 EU 16777216 7 EU 8192000 8 EU 56255160 9 NA 66605352 10 NA 13480656 11 EU 149164968 12 NA 66605352 13 EU 5898240 14 EU 56255160 15 NA 41636560 16 EU 54222072 17 EU 149164968 18 EU 55892616 19 NA 9216000 20 EU 149164968 21 NA 66605352 22 NA 41636560 23 EU 149164968 24 EU 48375432 25 EU 6296704 26 EU 56255160 27 EU 55892616 28 NA 66605352 29 EU 56255160 30 NA 66605352 31 EU 43927184 32 EU 149164968 33 EU 48375432 34 EU 2457600 35 EU 28672000 36 NA 24371136 37 EU 54222072 38 EU 11591680 39 EU 176160768 40 EU 28820368 41 EU 149164968 
1 CHAIN 0 EU 16777216 42 NA 41636560 43 EU 54222072 44 EU 149164968 45 NA 41636560 
2 CHAIN 1 EU 5898240 46 NA 48067448 47 EU 56255160 48 EU 55892616 49 EU 2048000 
3 CHAIN 2 EU 56255160 50 EU 56255160 51 NA 66605352 52 NA 4194304 53 EU 56255160 
4 CHAIN 3 EU 176160768 54 EU 176160768 55 EU 28820368 56 EU 28672000 57 NA 41636560 
5 CHAIN 4 NA 8388608 58 EU 2048000 59 EU 149164968 60 EU 19660800 61 EU 1638400 
6 CHAIN 5 EU 56255160 62 EU 149164968 63 NA 66605352 64 EU 54222072 65 EU 56255160 
7 CHAIN 6 EU 16777216 66 NA 41636560 67 EU 55892616 68 EU 56255160 69 NA 66605352 
8 CHAIN 7 EU 8192000 70 EU 54222072 71 EU 11591680 72 EU 34292528 73 EU 12288000 
9 CHAIN 8 EU 56255160 74 EU 56255160 75 EU 55892616 76 NA 8388608 77 EU 149164968 
10 CHAIN 9 NA 66605352 78 EU 176160768 79 NA 48067448 80 EU 56255160 81 NA 24371136 
11 CHAIN 10 NA 13480656 82 NA 13480656 83 EU 149164968 84 EU 48375432 85 NA 41636560 
12 CHAIN 11 EU 149164968 86 EU 149164968 87 EU 28820368 88 EU 54222072 89 EU 149164968 
13 CHAIN 12 NA 66605352 90 NA 66605352 91 NA 5079504 92 EU 56255160 93 EU 34292528 
14 CHAIN 13 EU 5898240 94 EU 54222072 95 EU 56255160 96 EU 34292528 97 EU 54222072 
15 CHAIN 14 EU 56255160 98 EU 56255160 99 EU 176160768 100 EU 54222072 101 EU 56255160 
16 CHAIN 15 NA 41636560 102 NA 66605352 103 EU 4096000 104 EU 149164968 105 EU 55892616 
17 CHAIN 16 EU 54222072 106 NA 66605352 107 EU 149164968 108 NA 41636560 109 EU 54222072 
18 CHAIN 17 EU 149164968 110 EU 149164968 111 EU 176160768 112 EU 34292528 113 EU 56255160 
19 CHAIN 18 EU 55892616 114 EU 48375432 115 EU 43927184 116 EU 11591680 117 EU 34292528 
20 CHAIN 19 NA 9216000 118 NA 48067448 119 EU 11591680 120 NA 66605352 121 EU 176160768 
21 CHAIN 20 EU 149164968 122 EU 28672000 123 NA 66605352 124 EU 54222072 125 EU 56255160 
22 CHAIN 21 NA 66605352 126 EU 176160768 127 EU 43927184 128 EU 56255160 129 EU 48375432 
23 CHAIN 22 NA 41636560 130 NA 8044008 131 EU 149164968 132 NA 66605352 133 EU 176160768 
24 CHAIN 23 EU 149164968 134 EU 11591680 135 EU 19660800 136 EU 43927184 137 EU 28672000 
25 CHAIN 24 EU 48375432 138 EU 176160768 139 NA 3391304 140 EU 149164968 141 EU 34292528 
26 CHAIN 25 EU 6296704 142 EU 54222072 143 EU 28672000 144 NA 66605352 145 EU 1024000 
27 CHAIN 26 EU 56255160 146 EU 56255160 147 NA 41636560 148 NA 66605352 149 EU 149164968 
28 CHAIN 27 EU 55892616 150 EU 28820368 151 EU 43927184 152 EU 149164968 153 NA 66605352 
29 CHAIN 28 NA 66605352 154 EU 43927184 155 EU 149164968 156 EU 34292528 157 NA 48067448 
30 CHAIN 29 EU 56255160 158 EU 149164968 159 EU 48375432 160 EU 43927184 161 EU 11591680 
31 CHAIN 30 NA 66605352 162 NA 41636560 163 EU 12288000 164 EU 2097152 165 NA 24371136 
32 CHAIN 31 EU 43927184 166 EU 4096000 167 EU 56255160 168 EU 48375432 169 EU 43927184 
33 CHAIN 32 EU 149164968 170 EU 56255160 171 EU 16777216 172 EU 54222072 173 EU 56255160 
34 CHAIN 33 EU 48375432 174 NA 24371136 175 NA 3391304 176 EU 56255160 177 EU 48375432 
35 CHAIN 34 EU 2457600 178 EU 54222072 179 EU 56255160 180 EU 28820368 181 EU 176160768 
36 CHAIN 35 EU 28672000 182 EU 28672000 183 NA 24371136 184 EU 54222072 185 EU 56255160 
37 CHAIN 36 NA 24371136 186 EU 19660800 187 NA 13480656 188 EU 149164968 189 EU 176160768 
38 CHAIN 37 EU 54222072 190 EU 5898240 191 EU 149164968 192 EU 176160768 193 NA 3391304 
39 CHAIN 38 EU 11591680 194 EU 56255160 195 NA 66605352 196 EU 8192000 197 EU 56255160 
40 CHAIN 39 EU 176160768 198 EU 176160768 199 NA 48067448 200 EU 149164968 201 NA 66605352 
41 CHAIN 40 EU 28820368 202 EU 2129920 203 EU 28672000 204 NA 24371136 205 EU 54222072 
42 CHAIN 41 EU 149164968 206 EU 56255160 207 NA 66605352 208 EU 8192000 209 EU 28672000 
