0 BRANCH 0 EU 176160768 1 NA 66605352 2 EU 56255160 3 EU 55892616 4 EU 54222072 5 EU 149164968 6 NA 66605352 7 NA 9216000 8 EU 56255160 9 EU 48375432 10 EU 2457600 11 EU 149164968 12 EU 55892616 13 EU 5898240 14 EU 149164968 15 EU 48375432 16 NA 8388608 17 EU 149164968 18 EU 34292528 19 EU 2457600 20 EU 149164968 21 EU 176160768 22 EU 54222072 23 EU 149164968 24 NA 41636560 25 EU 3178584 26 EU 56255160 27 EU 28820368 28 NA 48067448 29 EU 28672000 30 EU 28820368 31 EU 54222072 32 EU 149164968 33 EU 48375432 34 EU 176160768 35 EU 149164968 36 NA 66605352 37 NA 48067448 38 EU 149164968 39 EU 55892616 40 EU 43927184 41 EU 149164968 
1 CHAIN 0 EU 176160768 42 EU 55892616 43 EU 54222072 44 EU 149164968 45 EU 19660800 
2 CHAIN 1 NA 66605352 46 EU 12288000 47 EU 149164968 48 NA 66605352 49 EU 54222072 
3 CHAIN 2 EU 56255160 50 EU 149164968 51 NA 24371136 52 EU 43927184 53 EU 28672000 
4 CHAIN 3 EU 55892616 54 EU 34292528 55 NA 48067448 56 EU 28672000 57 NA 24371136 
5 CHAIN 4 EU 54222072 58 EU 54222072 59 EU 149164968 60 NA 66605352 61 EU 55892616 
6 CHAIN 5 EU 149164968 62 EU 149164968 63 EU 16777216 64 NA 41636560 65 EU 56255160 
7 CHAIN 6 NA 66605352 66 NA 24371136 67 NA 5079504 68 EU 149164968 69 EU 55892616 
8 CHAIN 7 NA 9216000 70 NA 48067448 71 EU 149164968 72 NA 66605352 73 NA 48067448 
9 CHAIN 8 EU 56255160 74 EU 149164968 75 NA 66605352 76 NA 41636560 77 EU 11591680 
10 CHAIN 9 EU 48375432 78 EU 55892616 79 NA 66605352 80 EU 56255160 81 NA 41636560 
11 CHAIN 10 EU 2457600 82 NA 8044008 83 EU 149164968 84 EU 48375432 85 EU 43927184 
12 CHAIN 11 EU 149164968 86 EU 28672000 87 EU 19660800 88 EU 55892616 89 EU 149164968 
13 CHAIN 12 EU 55892616 90 NA 41636560 91 EU 2457600 92 EU 149164968 93 EU 48375432 
14 CHAIN 13 EU 5898240 94 NA 66605352 95 EU 149164968 96 EU 34292528 97 NA 41636560 
15 CHAIN 14 EU 149164968 98 EU 28672000 99 NA 41636560 100 EU 4096000 101 EU 56255160 
16 CHAIN 15 EU 48375432 102 EU 55892616 103 NA 8044008 104 EU 149164968 105 EU 34292528 
17 CHAIN 16 NA 8388608 106 NA 4194304 107 EU 149164968 108 NA 24371136 109 EU 55892616 
18 CHAIN 17 EU 149164968 110 EU 28672000 111 NA 41636560 112 EU 176160768 113 EU 56255160 
19 CHAIN 18 EU 34292528 114 NA 24371136 115 NA 3391304 116 EU 28672000 117 NA 66605352 
20 CHAIN 19 EU 2457600 118 NA 48067448 119 EU 56255160 120 EU 48375432 121 EU 54222072 
21 CHAIN 20 EU 149164968 122 EU 149164968 123 EU 28820368 124 EU 54222072 125 EU 149164968 
22 CHAIN 21 EU 176160768 126 EU 48375432 127 EU 54222072 128 EU 149164968 129 EU 55892616 
23 CHAIN 22 EU 54222072 130 EU 34292528 131 EU 56255160 132 EU 48375432 133 EU 43927184 
24 CHAIN 23 EU 149164968 134 EU 149164968 135 EU 28820368 136 NA 13480656 137 EU 149164968 
25 CHAIN 24 NA 41636560 138 NA 41636560 139 NA 8388608 140 EU 149164968 141 EU 19660800 
26 CHAIN 25 EU 3178584 142 EU 55892616 143 EU 149164968 144 NA 66605352 145 EU 54222072 
27 CHAIN 26 EU 56255160 146 EU 149164968 147 EU 48375432 148 NA 48067448 149 EU 28672000 
28 CHAIN 27 EU 28820368 150 NA 24371136 151 EU 54222072 152 EU 28672000 153 EU 16777216 
29 CHAIN 28 NA 48067448 154 EU 43927184 155 EU 149164968 156 NA 24371136 157 EU 8192000 
30 CHAIN 29 EU 28672000 158 EU 56255160 159 EU 19660800 160 EU 176160768 161 EU 149164968 
31 CHAIN 30 EU 28820368 162 EU 19660800 163 EU 176160768 164 EU 11591680 165 EU 48375432 
32 CHAIN 31 EU 54222072 166 EU 19660800 167 EU 56255160 168 NA 66605352 169 EU 43927184 
33 CHAIN 32 EU 149164968 170 EU 149164968 171 NA 66605352 172 NA 24371136 173 EU 56255160 
34 CHAIN 33 EU 48375432 174 EU 34292528 175 NA 66605352 176 EU 149164968 177 NA 66605352 
35 CHAIN 34 EU 176160768 178 NA 8388608 179 EU 149164968 180 EU 28820368 181 EU 2048000 
36 CHAIN 35 EU 149164968 182 EU 56255160 183 EU 55892616 184 NA 48067448 185 EU 149164968 
37 CHAIN 36 NA 66605352 186 EU 28820368 187 EU 819200 188 EU 149164968 189 NA 66605352 
38 CHAIN 37 NA 48067448 190 EU 28820368 191 EU 149164968 192 NA 24371136 193 EU 54222072 
39 CHAIN 38 EU 149164968 194 EU 56255160 195 NA 66605352 196 NA 4194304 197 EU 149164968 
40 CHAIN 39 EU 55892616 198 NA 66605352 199 NA 8388608 200 EU 56255160 201 NA 66605352 
41 CHAIN 40 EU 43927184 202 EU 55892616 203 EU 149164968 204 EU 16777216 205 NA 48067448 
42 CHAIN 41 EU 149164968 206 EU 56255160 207 EU 28820368 208 EU 54222072 209 EU 149164968 
