0 BRANCH 0 EU 34292528 1 NA 8388608 2 EU 149164968 3 EU 28820368 4 NA 48067448 5 EU 149164968 6 NA 41636560 7 EU 54222072 8 EU 11591680 9 NA 66605352 10 EU 16777216 11 EU 149164968 12 EU 19660800 13 NA 8388608 14 EU 56255160 15 EU 176160768 16 EU 54222072 17 EU 149164968 18 NA 66605352 19 EU 5898240 20 EU 56255160 21 NA 41636560 22 NA 8388608 23 EU 56255160 24 EU 176160768 25 NA 8044008 26 EU 149164968 27 EU 176160768 28 EU 54222072 29 EU 149164968 30 EU 19660800 31 EU 54222072 32 EU 56255160 33 NA 41636560 34 EU 3178584 35 EU 56255160 36 NA 41636560 37 EU 5898240 38 EU 28672000 39 NA 41636560 40 EU 55892616 41 EU 56255160 
1 CHAIN 0 EU 34292528 42 NA 66605352 43 EU 54222072 44 EU 149164968 45 EU 55892616 
2 CHAIN 1 NA 8388608 46 EU 8192000 47 EU 56255160 48 EU 176160768 49 EU 1638400 
3 CHAIN 2 EU 149164968 50 EU 28672000 51 EU 176160768 52 EU 48375432 53 EU 56255160 
4 CHAIN 3 EU 28820368 54 NA 41636560 55 NA 8388608 56 EU 28672000 57 EU 176160768 
5 CHAIN 4 NA 48067448 58 NA 13480656 59 EU 149164968 60 NA 66605352 61 NA 48067448 
6 CHAIN 5 EU 149164968 62 EU 149164968 63 NA 41636560 64 EU 48375432 65 EU 149164968 
7 CHAIN 6 NA 41636560 66 EU 48375432 67 EU 54222072 68 EU 149164968 69 EU 16777216 
8 CHAIN 7 EU 54222072 70 EU 43927184 71 EU 149164968 72 EU 28820368 73 EU 43927184 
9 CHAIN 8 EU 11591680 74 EU 56255160 75 EU 55892616 76 EU 12288000 77 EU 56255160 
10 CHAIN 9 NA 66605352 78 EU 34292528 79 NA 48067448 80 EU 149164968 81 EU 55892616 
11 CHAIN 10 EU 16777216 82 EU 2457600 83 EU 28672000 84 EU 28820368 85 EU 48375432 
12 CHAIN 11 EU 149164968 86 EU 28672000 87 NA 24371136 88 EU 43927184 89 EU 149164968 
13 CHAIN 12 EU 19660800 90 NA 66605352 91 EU 8192000 92 EU 149164968 93 NA 41636560 
14 CHAIN 13 NA 8388608 94 NA 4194304 95 EU 149164968 96 EU 28820368 97 EU 12288000 
15 CHAIN 14 EU 56255160 98 EU 149164968 99 EU 176160768 100 EU 54222072 101 EU 56255160 
16 CHAIN 15 EU 176160768 102 EU 48375432 103 NA 13480656 104 EU 28672000 105 NA 41636560 
17 CHAIN 16 EU 54222072 106 EU 54222072 107 EU 56255160 108 EU 19660800 109 EU 55892616 
18 CHAIN 17 EU 149164968 110 EU 28672000 111 EU 28820368 112 NA 48067448 113 EU 149164968 
19 CHAIN 18 NA 66605352 114 EU 34292528 115 NA 13480656 116 EU 28672000 117 EU 176160768 
20 CHAIN 19 EU 5898240 118 NA 8044008 119 EU 28672000 120 NA 24371136 121 EU 55892616 
21 CHAIN 20 EU 56255160 122 EU 28672000 123 EU 48375432 124 EU 43927184 125 EU 28672000 
22 CHAIN 21 NA 41636560 126 EU 55892616 127 EU 6296704 128 EU 56255160 129 EU 48375432 
23 CHAIN 22 NA 8388608 130 EU 54222072 131 EU 149164968 132 EU 34292528 133 NA 8388608 
24 CHAIN 23 EU 56255160 134 EU 56255160 135 NA 66605352 136 NA 4194304 137 EU 149164968 
25 CHAIN 24 EU 176160768 138 EU 16777216 139 EU 54222072 140 EU 56255160 141 NA 66605352 
26 CHAIN 25 NA 8044008 142 EU 54222072 143 EU 56255160 144 NA 66605352 145 EU 55892616 
27 CHAIN 26 EU 149164968 146 EU 149164968 147 EU 19660800 148 EU 43927184 149 EU 56255160 
28 CHAIN 27 EU 176160768 150 NA 66605352 151 NA 24371136 152 EU 28672000 153 EU 48375432 
29 CHAIN 28 EU 54222072 154 EU 176160768 155 EU 11591680 156 EU 48375432 157 NA 9216000 
30 CHAIN 29 EU 149164968 158 EU 149164968 159 EU 55892616 160 NA 66605352 161 EU 149164968 
31 CHAIN 30 EU 19660800 162 EU 34292528 163 NA 48067448 164 EU 149164968 165 EU 176160768 
32 CHAIN 31 EU 54222072 166 NA 5079504 167 EU 56255160 168 NA 24371136 169 EU 48375432 
33 CHAIN 32 EU 56255160 170 EU 149164968 171 EU 48375432 172 EU 34292528 173 EU 56255160 
34 CHAIN 33 NA 41636560 174 EU 16777216 175 EU 48375432 176 EU 28672000 177 EU 176160768 
35 CHAIN 34 EU 3178584 178 EU 43927184 179 EU 28672000 180 NA 24371136 181 NA 48067448 
36 CHAIN 35 EU 56255160 182 EU 149164968 183 NA 41636560 184 EU 48375432 185 EU 149164968 
37 CHAIN 36 NA 41636560 186 EU 176160768 187 EU 34292528 188 EU 56255160 189 EU 48375432 
38 CHAIN 37 EU 5898240 190 NA 66605352 191 EU 56255160 192 NA 41636560 193 EU 12288000 
39 CHAIN 38 EU 28672000 194 EU 28672000 195 NA 41636560 196 EU 43927184 197 EU 149164968 
40 CHAIN 39 NA 41636560 198 EU 176160768 199 NA 48067448 200 EU 56255160 201 EU 48375432 
41 CHAIN 40 EU 55892616 202 NA 66605352 203 EU 28672000 204 EU 28820368 205 EU 43927184 
42 CHAIN 41 EU 56255160 206 EU 149164968 207 NA 41636560 208 NA 5079504 209 EU 149164968 
