0 BRANCH 0 EU 34292528 1 NA 24371136 2 EU 149164968 3 EU 55892616 4 NA 48067448 5 EU 28672000 6 NA 41636560 7 NA 8388608 8 EU 28672000 9 EU 48375432 10 NA 8044008 11 EU 56255160 12 NA 66605352 13 NA 9216000 14 EU 28672000 15 EU 34292528 16 NA 8044008 17 EU 149164968 18 EU 34292528 19 EU 1638400 20 EU 149164968 21 EU 48375432 22 EU 54222072 23 EU 56255160 24 EU 176160768 25 EU 34292528 26 EU 149164968 27 EU 55892616 28 NA 48067448 29 EU 11591680 
1 CHAIN 0 EU 34292528 30 EU 28820368 31 NA 8388608 32 EU 56255160 33 EU 55892616 
2 CHAIN 1 NA 24371136 34 EU 43927184 35 EU 56255160 36 EU 48375432 37 EU 43927184 
3 CHAIN 2 EU 149164968 38 EU 149164968 39 NA 41636560 40 EU 1638400 41 EU 11591680 
4 CHAIN 3 EU 55892616 42 NA 66605352 43 EU 34292528 44 EU 149164968 45 NA 66605352 
5 CHAIN 4 NA 48067448 46 EU 54222072 47 EU 56255160 48 EU 34292528 49 NA 66605352 
6 CHAIN 5 EU 28672000 50 EU 149164968 51 EU 16777216 52 EU 48375432 53 EU 56255160 
7 CHAIN 6 NA 41636560 54 NA 66605352 55 EU 19660800 56 EU 11591680 57 EU 48375432 
8 CHAIN 7 NA 8388608 58 EU 54222072 59 EU 149164968 60 EU 55892616 61 NA 5079504 
9 CHAIN 8 EU 28672000 62 EU 149164968 63 NA 41636560 64 NA 66605352 65 EU 11591680 
10 CHAIN 9 EU 48375432 66 EU 28820368 67 EU 12288000 68 EU 149164968 69 EU 19660800 
11 CHAIN 10 NA 8044008 70 NA 66605352 71 EU 28672000 72 NA 41636560 73 EU 43927184 
12 CHAIN 11 EU 56255160 74 EU 149164968 75 NA 66605352 76 EU 48375432 77 EU 149164968 
13 CHAIN 12 NA 66605352 78 NA 66605352 79 EU 34292528 80 EU 149164968 81 EU 48375432 
14 CHAIN 13 NA 9216000 82 EU 55892616 83 EU 56255160 84 EU 34292528 85 NA 41636560 
15 CHAIN 14 EU 28672000 86 EU 28672000 87 EU 48375432 88 EU 54222072 89 EU 56255160 
16 CHAIN 15 EU 34292528 90 EU 176160768 91 NA 13480656 92 EU 11591680 93 NA 24371136 
17 CHAIN 16 NA 8044008 94 NA 48067448 95 EU 28672000 96 EU 176160768 97 NA 8044008 
18 CHAIN 17 EU 149164968 98 EU 149164968 99 NA 66605352 100 NA 4194304 101 EU 149164968 
19 CHAIN 18 EU 34292528 102 NA 41636560 103 EU 54222072 104 EU 149164968 105 EU 19660800 
20 CHAIN 19 EU 1638400 106 EU 54222072 107 EU 149164968 108 EU 34292528 109 NA 8388608 
21 CHAIN 20 EU 149164968 110 EU 56255160 111 EU 48375432 112 EU 8192000 113 EU 149164968 
22 CHAIN 21 EU 48375432 114 EU 55892616 115 NA 5079504 116 EU 56255160 117 EU 48375432 
23 CHAIN 22 EU 54222072 118 NA 48067448 119 EU 56255160 120 NA 66605352 121 EU 5898240 
24 CHAIN 23 EU 56255160 122 EU 149164968 123 EU 28820368 124 EU 12288000 125 EU 56255160 
25 CHAIN 24 EU 176160768 126 NA 66605352 127 NA 48067448 128 EU 56255160 129 EU 34292528 
26 CHAIN 25 EU 34292528 130 EU 54222072 131 EU 149164968 132 NA 66605352 133 EU 5898240 
27 CHAIN 26 EU 149164968 134 EU 56255160 135 EU 34292528 136 EU 176160768 137 EU 149164968 
28 CHAIN 27 EU 55892616 138 EU 34292528 139 NA 48067448 140 EU 149164968 141 NA 24371136 
29 CHAIN 28 NA 48067448 142 NA 66605352 143 EU 149164968 144 NA 66605352 145 NA 4194304 
30 CHAIN 29 EU 11591680 146 EU 149164968 147 NA 41636560 148 NA 66605352 149 EU 149164968 
