0 BRANCH 0 EU 176160768 1 EU 12288000 2 EU 149164968 3 EU 55892616 4 EU 43927184 5 EU 149164968 6 NA 66605352 7 EU 176160768 8 EU 28672000 9 EU 16777216 10 EU 48375432 11 EU 149164968 12 NA 24371136 13 EU 54222072 14 EU 56255160 15 EU 55892616 16 NA 48067448 17 EU 149164968 18 EU 55892616 19 EU 2457600 20 EU 149164968 21 EU 28820368 22 EU 43927184 23 EU 149164968 24 EU 48375432 25 EU 43927184 26 EU 56255160 27 EU 48375432 28 NA 48067448 29 EU 149164968 
1 CHAIN 0 EU 176160768 30 EU 19660800 31 NA 9216000 32 EU 56255160 33 NA 24371136 
2 CHAIN 1 EU 12288000 34 NA 9216000 35 EU 56255160 36 EU 176160768 37 NA 48067448 
3 CHAIN 2 EU 149164968 38 EU 56255160 39 NA 41636560 40 NA 8044008 41 EU 56255160 
4 CHAIN 3 EU 55892616 42 EU 55892616 43 NA 48067448 44 EU 11591680 45 EU 28820368 
5 CHAIN 4 EU 43927184 46 EU 43927184 47 EU 56255160 48 EU 16777216 49 NA 8044008 
6 CHAIN 5 EU 149164968 50 EU 149164968 51 EU 34292528 52 EU 176160768 53 EU 56255160 
7 CHAIN 6 NA 66605352 54 NA 66605352 55 EU 12288000 56 EU 11591680 57 EU 176160768 
8 CHAIN 7 EU 176160768 58 NA 4194304 59 EU 2097152 60 EU 19660800 61 EU 54222072 
9 CHAIN 8 EU 28672000 62 EU 56255160 63 NA 66605352 64 NA 4194304 65 EU 28672000 
10 CHAIN 9 EU 16777216 66 EU 19660800 67 NA 66605352 68 EU 56255160 69 EU 48375432 
11 CHAIN 10 EU 48375432 70 NA 41636560 71 EU 149164968 72 NA 66605352 73 EU 54222072 
12 CHAIN 11 EU 149164968 74 EU 56255160 75 NA 41636560 76 EU 43927184 77 EU 56255160 
13 CHAIN 12 NA 24371136 78 EU 28820368 79 EU 54222072 80 EU 149164968 81 EU 19660800 
14 CHAIN 13 EU 54222072 82 NA 48067448 83 EU 28672000 84 EU 176160768 85 EU 54222072 
15 CHAIN 14 EU 56255160 86 EU 149164968 87 EU 55892616 88 NA 4194304 89 EU 56255160 
16 CHAIN 15 EU 55892616 90 NA 41636560 91 NA 4194304 92 EU 56255160 93 EU 55892616 
17 CHAIN 16 NA 48067448 94 EU 34292528 95 EU 56255160 96 EU 34292528 97 EU 6296704 
18 CHAIN 17 EU 149164968 98 EU 28672000 99 NA 41636560 100 EU 1024000 101 EU 149164968 
19 CHAIN 18 EU 55892616 102 NA 66605352 103 EU 54222072 104 EU 149164968 105 EU 19660800 
20 CHAIN 19 EU 2457600 106 EU 2457600 107 EU 11591680 108 EU 55892616 109 EU 54222072 
21 CHAIN 20 EU 149164968 110 EU 149164968 111 NA 66605352 112 EU 43927184 113 EU 149164968 
22 CHAIN 21 EU 28820368 114 EU 176160768 115 NA 66605352 116 EU 28672000 117 EU 176160768 
23 CHAIN 22 EU 43927184 118 EU 54222072 119 EU 28672000 120 EU 48375432 121 NA 8388608 
24 CHAIN 23 EU 149164968 122 EU 149164968 123 EU 55892616 124 EU 43927184 125 EU 56255160 
25 CHAIN 24 EU 48375432 126 EU 176160768 127 EU 28820368 128 EU 56255160 129 NA 66605352 
26 CHAIN 25 EU 43927184 130 EU 54222072 131 EU 149164968 132 NA 41636560 133 EU 1064960 
27 CHAIN 26 EU 56255160 134 NA 819200 135 EU 48375432 136 NA 24371136 137 EU 28672000 
28 CHAIN 27 EU 48375432 138 EU 48375432 139 NA 3391304 140 EU 149164968 141 NA 41636560 
29 CHAIN 28 NA 48067448 142 NA 8388608 143 EU 149164968 144 EU 28820368 145 NA 48067448 
30 CHAIN 29 EU 149164968 146 EU 149164968 147 NA 66605352 148 NA 8388608 149 EU 28672000 
