0 BRANCH 0 EU 176160768 1 NA 41636560 2 EU 56255160 3 EU 28820368 4 EU 55892616 5 EU 28672000 6 EU 28820368 7 NA 24371136 8 EU 28672000 9 EU 176160768 10 EU 16777216 11 EU 11591680 12 EU 28820368 13 NA 4194304 14 EU 56255160 15 EU 55892616 16 NA 9216000 17 EU 56255160 18 NA 41636560 19 EU 55892616 20 EU 56255160 21 EU 28820368 22 EU 176160768 23 EU 56255160 24 NA 66605352 25 NA 9216000 26 EU 28672000 27 EU 48375432 28 EU 43927184 29 EU 56255160 
1 CHAIN 0 EU 176160768 30 EU 34292528 31 EU 54222072 32 EU 149164968 33 EU 48375432 
2 CHAIN 1 NA 41636560 34 EU 43927184 35 EU 149164968 36 EU 176160768 37 NA 9216000 
3 CHAIN 2 EU 56255160 38 EU 28672000 39 EU 16777216 40 EU 819200 41 EU 56255160 
4 CHAIN 3 EU 28820368 42 EU 176160768 43 EU 43927184 44 NA 819200 45 EU 48375432 
5 CHAIN 4 EU 55892616 46 NA 5079504 47 EU 56255160 48 NA 41636560 49 EU 54222072 
6 CHAIN 5 EU 28672000 50 EU 28672000 51 NA 24371136 52 EU 176160768 53 EU 149164968 
7 CHAIN 6 EU 28820368 54 EU 176160768 55 NA 48067448 56 EU 28672000 57 EU 34292528 
8 CHAIN 7 NA 24371136 58 EU 54222072 59 EU 56255160 60 NA 66605352 61 EU 55892616 
9 CHAIN 8 EU 28672000 62 EU 149164968 63 NA 66605352 64 NA 48067448 65 EU 56255160 
10 CHAIN 9 EU 176160768 66 NA 66605352 67 NA 4194304 68 EU 28672000 69 EU 34292528 
11 CHAIN 10 EU 16777216 70 EU 6296704 71 EU 28672000 72 NA 66605352 73 NA 48067448 
12 CHAIN 11 EU 11591680 74 EU 149164968 75 EU 28820368 76 NA 5079504 77 EU 149164968 
13 CHAIN 12 EU 28820368 78 EU 55892616 79 EU 54222072 80 EU 149164968 81 NA 24371136 
14 CHAIN 13 NA 4194304 82 NA 8388608 83 EU 56255160 84 EU 28820368 85 EU 5898240 
15 CHAIN 14 EU 56255160 86 EU 28672000 87 EU 19660800 88 NA 8388608 89 EU 149164968 
16 CHAIN 15 EU 55892616 90 EU 34292528 91 NA 41636560 92 EU 56255160 93 EU 28820368 
17 CHAIN 16 NA 9216000 94 EU 2457600 95 EU 56255160 96 EU 48375432 97 EU 16777216 
18 CHAIN 17 EU 56255160 98 EU 56255160 99 EU 176160768 100 EU 1638400 101 EU 149164968 
19 CHAIN 18 NA 41636560 102 EU 48375432 103 EU 34292528 104 EU 56255160 105 EU 55892616 
20 CHAIN 19 EU 55892616 106 EU 1638400 107 EU 56255160 108 NA 66605352 109 EU 176160768 
21 CHAIN 20 EU 56255160 110 EU 149164968 111 EU 55892616 112 NA 48067448 113 EU 149164968 
22 CHAIN 21 EU 28820368 114 EU 176160768 115 NA 48067448 116 EU 149164968 117 NA 66605352 
23 CHAIN 22 EU 176160768 118 EU 5898240 119 EU 56255160 120 NA 66605352 121 NA 48067448 
24 CHAIN 23 EU 56255160 122 EU 28672000 123 NA 66605352 124 EU 54222072 125 EU 28672000 
25 CHAIN 24 NA 66605352 126 EU 16777216 127 EU 54222072 128 EU 56255160 129 EU 55892616 
26 CHAIN 25 NA 9216000 130 NA 48067448 131 EU 149164968 132 NA 66605352 133 EU 48375432 
27 CHAIN 26 EU 28672000 134 EU 149164968 135 NA 41636560 136 EU 4096000 137 EU 28672000 
28 CHAIN 27 EU 48375432 138 NA 66605352 139 NA 13480656 140 EU 56255160 141 EU 176160768 
29 CHAIN 28 EU 43927184 142 EU 3178584 143 EU 149164968 144 EU 176160768 145 EU 6296704 
30 CHAIN 29 EU 56255160 146 EU 149164968 147 EU 34292528 148 EU 54222072 149 EU 149164968 
