0 BRANCH 0 EU 176160768 1 NA 48067448 2 EU 2097152 3 EU 48375432 4 EU 2457600 5 EU 149164968 6 NA 66605352 7 NA 8388608 8 EU 56255160 9 NA 66605352 10 EU 16777216 11 EU 28672000 12 EU 55892616 13 EU 43927184 14 EU 149164968 15 EU 176160768 16 EU 54222072 17 EU 11591680 18 EU 28820368 19 NA 48067448 20 EU 56255160 21 NA 66605352 22 NA 48067448 23 EU 149164968 24 EU 48375432 25 EU 43927184 26 EU 56255160 27 NA 24371136 28 NA 48067448 29 EU 149164968 
1 CHAIN 0 EU 176160768 30 EU 48375432 31 EU 43927184 32 EU 28672000 33 EU 28820368 
2 CHAIN 1 NA 48067448 34 EU 43927184 35 EU 28672000 36 NA 66605352 37 EU 55892616 
3 CHAIN 2 EU 2097152 38 EU 149164968 39 EU 19660800 40 EU 54222072 41 EU 28672000 
4 CHAIN 3 EU 48375432 42 NA 24371136 43 EU 8192000 44 EU 56255160 45 EU 48375432 
5 CHAIN 4 EU 2457600 46 EU 176160768 47 EU 56255160 48 EU 176160768 49 NA 8388608 
6 CHAIN 5 EU 149164968 50 EU 56255160 51 NA 41636560 52 EU 16777216 53 EU 28672000 
7 CHAIN 6 NA 66605352 54 EU 34292528 55 EU 6296704 56 EU 28672000 57 EU 28820368 
8 CHAIN 7 NA 8388608 58 NA 48067448 59 EU 56255160 60 EU 19660800 61 EU 12288000 
9 CHAIN 8 EU 56255160 62 EU 149164968 63 EU 34292528 64 EU 54222072 65 EU 149164968 
10 CHAIN 9 NA 66605352 66 EU 48375432 67 EU 176160768 68 EU 149164968 69 EU 176160768 
11 CHAIN 10 EU 16777216 70 NA 9216000 71 EU 56255160 72 EU 176160768 73 NA 9216000 
12 CHAIN 11 EU 28672000 74 EU 56255160 75 NA 66605352 76 NA 48067448 77 EU 56255160 
13 CHAIN 12 EU 55892616 78 NA 66605352 79 NA 1605632 80 EU 56255160 81 EU 34292528 
14 CHAIN 13 EU 43927184 82 NA 48067448 83 EU 56255160 84 NA 66605352 85 EU 54222072 
15 CHAIN 14 EU 149164968 86 EU 149164968 87 EU 176160768 88 EU 43927184 89 EU 149164968 
16 CHAIN 15 EU 176160768 90 NA 41636560 91 NA 48067448 92 EU 28672000 93 NA 66605352 
17 CHAIN 16 EU 54222072 94 EU 54222072 95 EU 149164968 96 EU 28820368 97 EU 48375432 
18 CHAIN 17 EU 11591680 98 EU 56255160 99 NA 41636560 100 NA 8388608 101 EU 149164968 
19 CHAIN 18 EU 28820368 102 NA 66605352 103 NA 48067448 104 EU 149164968 105 EU 34292528 
20 CHAIN 19 NA 48067448 106 NA 13480656 107 EU 56255160 108 NA 41636560 109 EU 43927184 
21 CHAIN 20 EU 56255160 110 EU 56255160 111 EU 48375432 112 EU 28820368 113 EU 56255160 
22 CHAIN 21 NA 66605352 114 EU 48375432 115 NA 8388608 116 EU 149164968 117 EU 28820368 
23 CHAIN 22 NA 48067448 118 NA 24371136 119 EU 28672000 120 EU 176160768 121 EU 34292528 
24 CHAIN 23 EU 149164968 122 EU 56255160 123 EU 55892616 124 EU 819200 125 EU 28672000 
25 CHAIN 24 EU 48375432 126 EU 28820368 127 NA 48067448 128 EU 28672000 129 EU 19660800 
26 CHAIN 25 EU 43927184 130 NA 13480656 131 EU 28672000 132 EU 48375432 133 EU 54222072 
27 CHAIN 26 EU 56255160 134 EU 149164968 135 NA 66605352 136 EU 34292528 137 EU 149164968 
28 CHAIN 27 NA 24371136 138 EU 55892616 139 NA 13480656 140 EU 2097152 141 NA 41636560 
29 CHAIN 28 NA 48067448 142 NA 66605352 143 EU 149164968 144 NA 66605352 145 EU 55892616 
30 CHAIN 29 EU 149164968 146 EU 149164968 147 EU 48375432 148 EU 55892616 149 EU 149164968 
