0 BRANCH 0 EU 55892616 1 NA 8388608 2 EU 56255160 3 NA 24371136 4 NA 8388608 5 EU 56255160 6 EU 176160768 7 EU 54222072 8 EU 28672000 9 EU 34292528 10 NA 41636560 11 EU 149164968 12 EU 48375432 13 NA 13480656 14 EU 56255160 15 EU 34292528 16 EU 12288000 17 EU 28672000 18 NA 41636560 19 NA 8044008 20 EU 149164968 21 NA 41636560 22 NA 4194304 23 EU 149164968 24 NA 66605352 25 EU 54222072 26 EU 11591680 27 EU 34292528 28 NA 66605352 29 EU 56255160 
1 CHAIN 0 EU 55892616 30 NA 66605352 31 EU 55892616 32 EU 149164968 33 EU 48375432 
2 CHAIN 1 NA 8388608 34 EU 43927184 35 EU 56255160 36 EU 48375432 37 EU 43927184 
3 CHAIN 2 EU 56255160 38 EU 149164968 39 EU 55892616 40 EU 54222072 41 EU 56255160 
4 CHAIN 3 NA 24371136 42 EU 34292528 43 EU 54222072 44 EU 149164968 45 NA 66605352 
5 CHAIN 4 NA 8388608 46 NA 4194304 47 EU 28672000 48 EU 34292528 49 NA 13480656 
6 CHAIN 5 EU 56255160 50 EU 28672000 51 EU 176160768 52 EU 43927184 53 EU 56255160 
7 CHAIN 6 EU 176160768 54 EU 176160768 55 EU 43927184 56 EU 149164968 57 NA 66605352 
8 CHAIN 7 EU 54222072 58 EU 176160768 59 EU 149164968 60 EU 55892616 61 NA 9216000 
9 CHAIN 8 EU 28672000 62 EU 149164968 63 EU 16777216 64 NA 5079504 65 EU 28672000 
10 CHAIN 9 EU 34292528 66 NA 41636560 67 EU 12288000 68 EU 28672000 69 EU 55892616 
11 CHAIN 10 NA 41636560 70 NA 24371136 71 EU 149164968 72 EU 48375432 73 EU 54222072 
12 CHAIN 11 EU 149164968 74 EU 149164968 75 EU 55892616 76 NA 9216000 77 EU 149164968 
13 CHAIN 12 EU 48375432 78 NA 66605352 79 EU 8192000 80 EU 149164968 81 EU 28820368 
14 CHAIN 13 NA 13480656 82 EU 54222072 83 EU 11591680 84 EU 19660800 85 EU 28820368 
15 CHAIN 14 EU 56255160 86 EU 149164968 87 EU 34292528 88 NA 48067448 89 EU 56255160 
16 CHAIN 15 EU 34292528 90 EU 28820368 91 EU 54222072 92 EU 56255160 93 NA 66605352 
17 CHAIN 16 EU 12288000 94 NA 41636560 95 EU 56255160 96 EU 16777216 97 EU 34292528 
18 CHAIN 17 EU 28672000 98 EU 28672000 99 NA 41636560 100 EU 4096000 101 EU 149164968 
19 CHAIN 18 NA 41636560 102 NA 41636560 103 EU 19660800 104 EU 28672000 105 EU 176160768 
20 CHAIN 19 NA 8044008 106 EU 1638400 107 EU 149164968 108 NA 41636560 109 NA 66605352 
21 CHAIN 20 EU 149164968 110 EU 11591680 111 NA 66605352 112 NA 13480656 113 EU 56255160 
22 CHAIN 21 NA 41636560 114 EU 48375432 115 NA 66605352 116 EU 149164968 117 EU 48375432 
23 CHAIN 22 NA 4194304 118 EU 34292528 119 EU 149164968 120 EU 176160768 121 EU 34292528 
24 CHAIN 23 EU 149164968 122 EU 56255160 123 EU 176160768 124 EU 12288000 125 EU 56255160 
25 CHAIN 24 NA 66605352 126 EU 176160768 127 EU 43927184 128 EU 28672000 129 EU 55892616 
26 CHAIN 25 EU 54222072 130 NA 48067448 131 EU 149164968 132 EU 176160768 133 NA 48067448 
27 CHAIN 26 EU 11591680 134 EU 28672000 135 NA 66605352 136 EU 43927184 137 EU 56255160 
28 CHAIN 27 EU 34292528 138 EU 176160768 139 EU 43927184 140 EU 149164968 141 EU 176160768 
29 CHAIN 28 NA 66605352 142 NA 66605352 143 EU 149164968 144 EU 176160768 145 EU 6296704 
30 CHAIN 29 EU 56255160 146 EU 149164968 147 NA 66605352 148 NA 13480656 149 EU 149164968 
