0 BRANCH 0 NA 66605352 1 EU 12288000 2 EU 149164968 3 EU 48375432 4 EU 6296704 5 EU 149164968 6 NA 66605352 7 EU 54222072 8 EU 149164968 9 NA 24371136 10 EU 819200 11 EU 56255160 12 EU 55892616 13 NA 48067448 14 EU 56255160 15 NA 41636560 16 EU 43927184 17 EU 56255160 18 EU 48375432 19 EU 176160768 20 EU 28672000 21 EU 34292528 22 NA 8044008 23 EU 56255160 24 EU 16777216 25 EU 3178584 26 EU 149164968 27 EU 176160768 28 EU 48375432 29 EU 56255160 
1 CHAIN 0 NA 66605352 30 EU 48375432 31 EU 176160768 32 EU 149164968 33 EU 19660800 
2 CHAIN 1 EU 12288000 34 EU 5898240 35 EU 149164968 36 NA 66605352 37 NA 48067448 
3 CHAIN 2 EU 149164968 38 EU 149164968 39 NA 41636560 40 EU 54222072 41 EU 56255160 
4 CHAIN 3 EU 48375432 42 EU 176160768 43 EU 34292528 44 EU 149164968 45 EU 176160768 
5 CHAIN 4 EU 6296704 46 EU 43927184 47 EU 56255160 48 EU 55892616 49 NA 66605352 
6 CHAIN 5 EU 149164968 50 EU 28672000 51 NA 66605352 52 NA 41636560 53 EU 28672000 
7 CHAIN 6 NA 66605352 54 NA 41636560 55 EU 43927184 56 EU 149164968 57 NA 41636560 
8 CHAIN 7 EU 54222072 58 NA 66605352 59 EU 56255160 60 EU 34292528 61 NA 1605632 
9 CHAIN 8 EU 149164968 62 EU 11591680 63 NA 24371136 64 EU 34292528 65 EU 149164968 
10 CHAIN 9 NA 24371136 66 EU 48375432 67 EU 54222072 68 EU 28672000 69 EU 176160768 
11 CHAIN 10 EU 819200 70 NA 5079504 71 EU 149164968 72 EU 176160768 73 EU 43927184 
12 CHAIN 11 EU 56255160 74 EU 149164968 75 EU 48375432 76 EU 28820368 77 EU 149164968 
13 CHAIN 12 EU 55892616 78 EU 48375432 79 EU 43927184 80 EU 56255160 81 EU 55892616 
14 CHAIN 13 NA 48067448 82 NA 8388608 83 EU 149164968 84 EU 176160768 85 NA 66605352 
15 CHAIN 14 EU 56255160 86 EU 149164968 87 EU 48375432 88 EU 6296704 89 EU 28672000 
16 CHAIN 15 NA 41636560 90 NA 66605352 91 EU 1024000 92 EU 149164968 93 NA 66605352 
17 CHAIN 16 EU 43927184 94 NA 48067448 95 EU 28672000 96 EU 34292528 97 EU 28820368 
18 CHAIN 17 EU 56255160 98 EU 149164968 99 EU 176160768 100 NA 4194304 101 EU 149164968 
19 CHAIN 18 EU 48375432 102 EU 48375432 103 NA 66605352 104 EU 28672000 105 EU 55892616 
20 CHAIN 19 EU 176160768 106 NA 48067448 107 EU 149164968 108 NA 66605352 109 NA 8388608 
21 CHAIN 20 EU 28672000 110 EU 149164968 111 EU 48375432 112 NA 41636560 113 EU 56255160 
22 CHAIN 21 EU 34292528 114 NA 66605352 115 NA 48067448 116 EU 56255160 117 EU 19660800 
23 CHAIN 22 NA 8044008 118 NA 8388608 119 EU 149164968 120 NA 24371136 121 EU 43927184 
24 CHAIN 23 EU 56255160 122 EU 149164968 123 NA 24371136 124 NA 13480656 125 EU 56255160 
25 CHAIN 24 EU 16777216 126 EU 176160768 127 EU 5898240 128 EU 56255160 129 EU 176160768 
26 CHAIN 25 EU 3178584 130 NA 48067448 131 NA 819200 132 EU 48375432 133 NA 9216000 
27 CHAIN 26 EU 149164968 134 EU 149164968 135 NA 24371136 136 EU 12288000 137 EU 149164968 
28 CHAIN 27 EU 176160768 138 EU 28820368 139 NA 48067448 140 EU 28672000 141 NA 41636560 
29 CHAIN 28 EU 48375432 142 NA 8388608 143 EU 149164968 144 EU 176160768 145 EU 34292528 
30 CHAIN 29 EU 56255160 146 EU 56255160 147 EU 176160768 148 EU 48375432 149 EU 149164968 
