0 BRANCH 0 EU 19660800 1 NA 9216000 2 EU 149164968 3 NA 41636560 4 NA 48067448 5 EU 149164968 6 EU 28820368 7 NA 24371136 8 EU 28672000 9 NA 41636560 10 EU 43927184 11 EU 56255160 12 EU 55892616 13 NA 48067448 14 EU 28672000 15 EU 48375432 16 EU 28820368 17 EU 56255160 18 EU 34292528 19 EU 43927184 20 EU 56255160 21 EU 28820368 22 NA 48067448 23 EU 28672000 24 EU 19660800 25 EU 43927184 26 EU 149164968 27 NA 41636560 28 EU 1638400 29 EU 56255160 
1 CHAIN 0 EU 19660800 30 NA 66605352 31 EU 176160768 32 EU 56255160 33 EU 34292528 
2 CHAIN 1 NA 9216000 34 EU 43927184 35 EU 28672000 36 NA 66605352 37 EU 43927184 
3 CHAIN 2 EU 149164968 38 EU 28672000 39 EU 48375432 40 EU 12288000 41 EU 56255160 
4 CHAIN 3 NA 41636560 42 EU 28820368 43 EU 8192000 44 EU 56255160 45 EU 176160768 
5 CHAIN 4 NA 48067448 46 NA 8388608 47 EU 56255160 48 NA 41636560 49 NA 48067448 
6 CHAIN 5 EU 149164968 50 EU 56255160 51 EU 34292528 52 NA 66605352 53 EU 149164968 
7 CHAIN 6 EU 28820368 54 EU 16777216 55 EU 48375432 56 EU 149164968 57 EU 34292528 
8 CHAIN 7 NA 24371136 58 EU 43927184 59 EU 56255160 60 EU 176160768 61 NA 48067448 
9 CHAIN 8 EU 28672000 62 EU 149164968 63 EU 55892616 64 NA 66605352 65 EU 56255160 
10 CHAIN 9 NA 41636560 66 EU 48375432 67 NA 8044008 68 EU 56255160 69 EU 16777216 
11 CHAIN 10 EU 43927184 70 EU 4096000 71 EU 149164968 72 NA 66605352 73 EU 48375432 
12 CHAIN 11 EU 56255160 74 EU 149164968 75 NA 41636560 76 NA 66605352 77 EU 149164968 
13 CHAIN 12 EU 55892616 78 EU 55892616 79 EU 43927184 80 EU 28672000 81 NA 66605352 
14 CHAIN 13 NA 48067448 82 EU 55892616 83 EU 149164968 84 EU 48375432 85 EU 176160768 
15 CHAIN 14 EU 28672000 86 EU 149164968 87 NA 41636560 88 EU 43927184 89 EU 149164968 
16 CHAIN 15 EU 48375432 90 NA 24371136 91 NA 13480656 92 EU 56255160 93 NA 24371136 
17 CHAIN 16 EU 28820368 94 EU 2048000 95 EU 2097152 96 EU 16777216 97 EU 43927184 
18 CHAIN 17 EU 56255160 98 EU 11591680 99 EU 28820368 100 EU 54222072 101 EU 149164968 
19 CHAIN 18 EU 34292528 102 EU 34292528 103 EU 8192000 104 EU 56255160 105 EU 28820368 
20 CHAIN 19 EU 43927184 106 EU 176160768 107 EU 28672000 108 EU 19660800 109 EU 176160768 
21 CHAIN 20 EU 56255160 110 EU 149164968 111 EU 176160768 112 EU 54222072 113 EU 149164968 
22 CHAIN 21 EU 28820368 114 NA 41636560 115 EU 43927184 116 EU 149164968 117 NA 41636560 
23 CHAIN 22 NA 48067448 118 NA 24371136 119 EU 149164968 120 EU 176160768 121 NA 13480656 
24 CHAIN 23 EU 28672000 122 EU 56255160 123 EU 34292528 124 NA 66605352 125 EU 149164968 
25 CHAIN 24 EU 19660800 126 EU 176160768 127 EU 54222072 128 EU 56255160 129 EU 16777216 
26 CHAIN 25 EU 43927184 130 NA 9216000 131 EU 149164968 132 NA 41636560 133 EU 54222072 
27 CHAIN 26 EU 149164968 134 EU 149164968 135 EU 55892616 136 NA 5079504 137 EU 28672000 
28 CHAIN 27 NA 41636560 138 EU 176160768 139 EU 54222072 140 EU 28672000 141 EU 48375432 
29 CHAIN 28 EU 1638400 142 EU 176160768 143 EU 149164968 144 EU 55892616 145 EU 54222072 
30 CHAIN 29 EU 56255160 146 EU 149164968 147 NA 41636560 148 NA 8388608 149 EU 56255160 
