0 BRANCH 0 NA 41636560 1 EU 54222072 2 EU 149164968 3 NA 41636560 4 EU 43927184 5 EU 28672000 6 NA 24371136 7 EU 2457600 8 EU 149164968 9 NA 41636560 10 NA 48067448 11 EU 149164968 12 EU 19660800 13 EU 43927184 14 EU 56255160 15 EU 48375432 16 EU 28820368 17 EU 149164968 18 EU 48375432 19 NA 41636560 20 EU 149164968 21 EU 28820368 22 EU 12288000 23 EU 149164968 24 EU 16777216 25 NA 41636560 26 EU 28672000 27 EU 176160768 28 NA 48067448 29 EU 149164968 
1 CHAIN 0 NA 41636560 30 EU 28820368 31 NA 41636560 32 EU 149164968 33 NA 66605352 
2 CHAIN 1 EU 54222072 34 NA 48067448 35 EU 149164968 36 EU 55892616 37 NA 66605352 
3 CHAIN 2 EU 149164968 38 EU 28672000 39 EU 48375432 40 EU 43927184 41 EU 149164968 
4 CHAIN 3 NA 41636560 42 NA 66605352 43 NA 48067448 44 EU 149164968 45 EU 48375432 
5 CHAIN 4 EU 43927184 46 EU 16777216 47 EU 149164968 48 EU 19660800 49 NA 41636560 
6 CHAIN 5 EU 28672000 50 EU 149164968 51 NA 24371136 52 EU 43927184 53 EU 149164968 
7 CHAIN 6 NA 24371136 54 NA 41636560 55 NA 5079504 56 EU 56255160 57 EU 48375432 
8 CHAIN 7 EU 2457600 58 NA 24371136 59 EU 149164968 60 EU 48375432 61 NA 48067448 
9 CHAIN 8 EU 149164968 62 EU 149164968 63 EU 34292528 64 NA 66605352 65 EU 149164968 
10 CHAIN 9 NA 41636560 66 NA 66605352 67 EU 12288000 68 EU 56255160 69 EU 19660800 
11 CHAIN 10 NA 48067448 70 NA 41636560 71 EU 2097152 72 EU 176160768 73 EU 12288000 
12 CHAIN 11 EU 149164968 74 EU 149164968 75 NA 66605352 76 EU 4096000 77 EU 149164968 
13 CHAIN 12 EU 19660800 78 EU 28820368 79 EU 176160768 80 EU 149164968 81 NA 41636560 
14 CHAIN 13 EU 43927184 82 NA 66605352 83 EU 11591680 84 NA 41636560 85 EU 55892616 
15 CHAIN 14 EU 56255160 86 EU 149164968 87 NA 66605352 88 EU 3178584 89 EU 149164968 
16 CHAIN 15 EU 48375432 90 EU 34292528 91 EU 176160768 92 EU 149164968 93 EU 176160768 
17 CHAIN 16 EU 28820368 94 NA 8044008 95 EU 56255160 96 EU 34292528 97 NA 66605352 
18 CHAIN 17 EU 149164968 98 EU 149164968 99 EU 55892616 100 EU 54222072 101 EU 56255160 
19 CHAIN 18 EU 48375432 102 EU 28820368 103 NA 48067448 104 EU 11591680 105 EU 55892616 
20 CHAIN 19 NA 41636560 106 EU 54222072 107 EU 56255160 108 EU 55892616 109 EU 4096000 
21 CHAIN 20 EU 149164968 110 EU 149164968 111 EU 28820368 112 EU 176160768 113 EU 28672000 
22 CHAIN 21 EU 28820368 114 EU 176160768 115 EU 1638400 116 EU 149164968 117 EU 28820368 
23 CHAIN 22 EU 12288000 118 EU 43927184 119 EU 28672000 120 EU 48375432 121 EU 6296704 
24 CHAIN 23 EU 149164968 122 EU 149164968 123 EU 48375432 124 NA 9216000 125 EU 56255160 
25 CHAIN 24 EU 16777216 126 EU 176160768 127 EU 54222072 128 EU 149164968 129 EU 19660800 
26 CHAIN 25 NA 41636560 130 EU 43927184 131 EU 149164968 132 EU 176160768 133 EU 34292528 
27 CHAIN 26 EU 28672000 134 EU 149164968 135 EU 48375432 136 NA 9216000 137 EU 28672000 
28 CHAIN 27 EU 176160768 138 NA 66605352 139 NA 41636560 140 EU 28672000 141 EU 176160768 
29 CHAIN 28 NA 48067448 142 EU 54222072 143 EU 149164968 144 NA 66605352 145 NA 41636560 
30 CHAIN 29 EU 149164968 146 EU 149164968 147 EU 176160768 148 EU 54222072 149 EU 11591680 
