0 BRANCH 0 EU 28820368 1 NA 4194304 2 EU 149164968 3 EU 55892616 4 EU 54222072 5 EU 56255160 6 EU 55892616 7 EU 34292528 8 EU 11591680 9 NA 66605352 10 EU 12288000 11 EU 149164968 12 NA 41636560 13 EU 19660800 14 EU 149164968 15 EU 19660800 16 NA 48067448 17 EU 11591680 18 NA 41636560 19 NA 48067448 20 EU 149164968 21 NA 66605352 22 EU 54222072 23 EU 56255160 24 NA 41636560 25 NA 48067448 26 EU 149164968 27 EU 48375432 28 EU 34292528 29 EU 149164968 
1 CHAIN 0 EU 28820368 30 NA 41636560 31 EU 4096000 32 EU 149164968 33 EU 176160768 
2 CHAIN 1 NA 4194304 34 EU 54222072 35 EU 149164968 36 EU 55892616 37 EU 43927184 
3 CHAIN 2 EU 149164968 38 EU 28672000 39 NA 66605352 40 EU 54222072 41 EU 56255160 
4 CHAIN 3 EU 55892616 42 NA 66605352 43 NA 48067448 44 EU 149164968 45 NA 66605352 
5 CHAIN 4 EU 54222072 46 NA 8044008 47 EU 56255160 48 EU 55892616 49 EU 2457600 
6 CHAIN 5 EU 56255160 50 EU 28672000 51 EU 176160768 52 EU 12288000 53 EU 56255160 
7 CHAIN 6 EU 55892616 54 EU 176160768 55 NA 48067448 56 EU 56255160 57 EU 176160768 
8 CHAIN 7 EU 34292528 58 EU 43927184 59 EU 149164968 60 NA 66605352 61 NA 41636560 
9 CHAIN 8 EU 11591680 62 EU 28672000 63 NA 41636560 64 EU 54222072 65 EU 11591680 
10 CHAIN 9 NA 66605352 66 EU 28820368 67 EU 6296704 68 EU 56255160 69 NA 41636560 
11 CHAIN 10 EU 12288000 70 EU 54222072 71 EU 149164968 72 EU 55892616 73 EU 6296704 
12 CHAIN 11 EU 149164968 74 EU 149164968 75 NA 66605352 76 NA 41636560 77 EU 149164968 
13 CHAIN 12 NA 41636560 78 NA 66605352 79 NA 41636560 80 EU 28672000 81 EU 19660800 
14 CHAIN 13 EU 19660800 82 NA 48067448 83 EU 28672000 84 EU 176160768 85 EU 2129920 
15 CHAIN 14 EU 149164968 86 EU 149164968 87 EU 34292528 88 NA 48067448 89 EU 149164968 
16 CHAIN 15 EU 19660800 90 EU 28820368 91 NA 5079504 92 EU 149164968 93 NA 66605352 
17 CHAIN 16 NA 48067448 94 EU 4096000 95 EU 149164968 96 EU 48375432 97 EU 19660800 
18 CHAIN 17 EU 11591680 98 EU 11591680 99 NA 24371136 100 EU 8192000 101 EU 149164968 
19 CHAIN 18 NA 41636560 102 EU 55892616 103 EU 6296704 104 EU 56255160 105 EU 176160768 
20 CHAIN 19 NA 48067448 106 NA 48067448 107 EU 149164968 108 NA 66605352 109 EU 19660800 
21 CHAIN 20 EU 149164968 110 EU 28672000 111 NA 24371136 112 NA 8388608 113 EU 56255160 
22 CHAIN 21 NA 66605352 114 EU 55892616 115 EU 43927184 116 EU 149164968 117 EU 34292528 
23 CHAIN 22 EU 54222072 118 EU 176160768 119 EU 56255160 120 NA 66605352 121 EU 819200 
24 CHAIN 23 EU 56255160 122 EU 56255160 123 EU 28820368 124 EU 4096000 125 EU 149164968 
25 CHAIN 24 NA 41636560 126 EU 28820368 127 EU 43927184 128 EU 56255160 129 EU 48375432 
26 CHAIN 25 NA 48067448 130 NA 24371136 131 EU 149164968 132 NA 66605352 133 EU 54222072 
27 CHAIN 26 EU 149164968 134 EU 56255160 135 EU 48375432 136 NA 48067448 137 EU 56255160 
28 CHAIN 27 EU 48375432 138 EU 176160768 139 EU 5898240 140 EU 56255160 141 EU 176160768 
29 CHAIN 28 EU 34292528 142 NA 4194304 143 EU 149164968 144 EU 176160768 145 EU 43927184 
30 CHAIN 29 EU 149164968 146 EU 149164968 147 NA 66605352 148 EU 54222072 149 EU 28672000 
