0 BRANCH 0 EU 176160768 1 NA 48067448 2 EU 149164968 3 EU 55892616 4 EU 43927184 5 EU 149164968 6 EU 176160768 7 EU 48375432 8 EU 56255160 9 EU 28820368 10 EU 3178584 11 EU 56255160 12 EU 34292528 13 EU 16777216 14 EU 56255160 15 EU 48375432 16 NA 48067448 17 EU 149164968 18 EU 16777216 19 EU 43927184 20 EU 149164968 21 EU 176160768 22 NA 8388608 23 EU 28672000 24 EU 19660800 25 NA 66605352 26 EU 149164968 27 EU 16777216 28 EU 54222072 29 EU 149164968 
1 CHAIN 0 EU 176160768 30 EU 55892616 31 NA 9216000 32 EU 149164968 33 EU 34292528 
2 CHAIN 1 NA 48067448 34 EU 43927184 35 EU 56255160 36 EU 19660800 37 NA 9216000 
3 CHAIN 2 EU 149164968 38 EU 56255160 39 EU 34292528 40 EU 43927184 41 EU 149164968 
4 CHAIN 3 EU 55892616 42 EU 34292528 43 NA 8388608 44 EU 149164968 45 EU 48375432 
5 CHAIN 4 EU 43927184 46 EU 43927184 47 EU 11591680 48 EU 28820368 49 EU 54222072 
6 CHAIN 5 EU 149164968 50 EU 56255160 51 EU 34292528 52 NA 8388608 53 EU 149164968 
7 CHAIN 6 EU 176160768 54 EU 55892616 55 EU 2457600 56 EU 28672000 57 EU 28820368 
8 CHAIN 7 EU 48375432 58 EU 43927184 59 EU 149164968 60 EU 48375432 61 NA 1605632 
9 CHAIN 8 EU 56255160 62 EU 11591680 63 EU 34292528 64 NA 9216000 65 EU 56255160 
10 CHAIN 9 EU 28820368 66 NA 41636560 67 EU 34292528 68 EU 56255160 69 NA 66605352 
11 CHAIN 10 EU 3178584 70 NA 13480656 71 EU 56255160 72 NA 66605352 73 EU 43927184 
12 CHAIN 11 EU 56255160 74 EU 149164968 75 EU 55892616 76 NA 9216000 77 EU 149164968 
13 CHAIN 12 EU 34292528 78 EU 176160768 79 EU 3178584 80 EU 149164968 81 EU 55892616 
14 CHAIN 13 EU 16777216 82 EU 54222072 83 EU 56255160 84 EU 55892616 85 NA 13480656 
15 CHAIN 14 EU 56255160 86 EU 28672000 87 EU 176160768 88 EU 2048000 89 EU 28672000 
16 CHAIN 15 EU 48375432 90 NA 66605352 91 EU 54222072 92 EU 149164968 93 EU 48375432 
17 CHAIN 16 NA 48067448 94 EU 54222072 95 EU 149164968 96 EU 16777216 97 EU 43927184 
18 CHAIN 17 EU 149164968 98 EU 149164968 99 EU 16777216 100 NA 48067448 101 EU 56255160 
19 CHAIN 18 EU 16777216 102 NA 66605352 103 EU 12288000 104 EU 149164968 105 EU 28820368 
20 CHAIN 19 EU 43927184 106 EU 176160768 107 EU 28672000 108 NA 41636560 109 NA 48067448 
21 CHAIN 20 EU 149164968 110 EU 149164968 111 EU 34292528 112 EU 5898240 113 EU 149164968 
22 CHAIN 21 EU 176160768 114 NA 66605352 115 EU 34292528 116 EU 28672000 117 EU 176160768 
23 CHAIN 22 NA 8388608 118 NA 8388608 119 EU 11591680 120 NA 24371136 121 EU 54222072 
24 CHAIN 23 EU 28672000 122 EU 149164968 123 NA 66605352 124 EU 34292528 125 EU 28672000 
25 CHAIN 24 EU 19660800 126 EU 48375432 127 NA 48067448 128 EU 2097152 129 NA 24371136 
26 CHAIN 25 NA 66605352 130 EU 3178584 131 EU 149164968 132 EU 176160768 133 NA 3391304 
27 CHAIN 26 EU 149164968 134 EU 56255160 135 NA 41636560 136 EU 5898240 137 EU 149164968 
28 CHAIN 27 EU 16777216 138 EU 48375432 139 EU 6296704 140 EU 149164968 141 NA 41636560 
29 CHAIN 28 EU 54222072 142 NA 48067448 143 EU 28672000 144 EU 28820368 145 NA 48067448 
30 CHAIN 29 EU 149164968 146 EU 56255160 147 NA 66605352 148 EU 8192000 149 EU 28672000 
