0 BRANCH 0 EU 176160768 1 EU 28820368 2 EU 56255160 3 EU 34292528 4 EU 55892616 5 EU 56255160 6 NA 41636560 7 NA 48067448 8 EU 56255160 9 NA 66605352 10 EU 54222072 11 EU 149164968 12 EU 55892616 13 EU 54222072 14 EU 56255160 15 EU 55892616 16 NA 48067448 17 EU 149164968 18 EU 48375432 19 EU 8192000 20 EU 149164968 21 NA 66605352 22 EU 19660800 23 EU 56255160 24 NA 24371136 25 EU 43927184 26 EU 56255160 27 EU 48375432 28 NA 13480656 29 EU 56255160 
1 CHAIN 0 EU 176160768 30 EU 55892616 31 NA 13480656 32 EU 28672000 33 NA 66605352 
2 CHAIN 1 EU 28820368 34 NA 48067448 35 EU 149164968 36 NA 66605352 37 NA 13480656 
3 CHAIN 2 EU 56255160 38 EU 149164968 39 EU 34292528 40 NA 8044008 41 EU 56255160 
4 CHAIN 3 EU 34292528 42 NA 24371136 43 EU 54222072 44 EU 28672000 45 NA 24371136 
5 CHAIN 4 EU 55892616 46 EU 43927184 47 EU 28672000 48 NA 66605352 49 EU 176160768 
6 CHAIN 5 EU 56255160 50 EU 56255160 51 EU 16777216 52 EU 28820368 53 EU 149164968 
7 CHAIN 6 NA 41636560 54 NA 66605352 55 EU 2457600 56 EU 149164968 57 NA 66605352 
8 CHAIN 7 NA 48067448 58 EU 48375432 59 EU 149164968 60 NA 66605352 61 EU 55892616 
9 CHAIN 8 EU 56255160 62 EU 149164968 63 EU 176160768 64 NA 48067448 65 EU 56255160 
10 CHAIN 9 NA 66605352 66 EU 28820368 67 EU 54222072 68 EU 56255160 69 EU 176160768 
11 CHAIN 10 EU 54222072 70 EU 8192000 71 EU 149164968 72 EU 16777216 73 NA 41636560 
12 CHAIN 11 EU 149164968 74 EU 56255160 75 EU 176160768 76 EU 4096000 77 EU 56255160 
13 CHAIN 12 EU 55892616 78 NA 66605352 79 NA 48067448 80 EU 28672000 81 EU 34292528 
14 CHAIN 13 EU 54222072 82 NA 9216000 83 EU 149164968 84 EU 34292528 85 EU 6296704 
15 CHAIN 14 EU 56255160 86 EU 11591680 87 NA 41636560 88 NA 13480656 89 EU 28672000 
16 CHAIN 15 EU 55892616 90 NA 24371136 91 NA 48067448 92 EU 149164968 93 EU 55892616 
17 CHAIN 16 NA 48067448 94 NA 9216000 95 EU 149164968 96 EU 34292528 97 NA 66605352 
18 CHAIN 17 EU 149164968 98 EU 28672000 99 NA 41636560 100 NA 48067448 101 EU 11591680 
19 CHAIN 18 EU 48375432 102 NA 24371136 103 EU 54222072 104 EU 149164968 105 EU 48375432 
20 CHAIN 19 EU 8192000 106 EU 55892616 107 EU 56255160 108 EU 176160768 109 NA 48067448 
21 CHAIN 20 EU 149164968 110 EU 56255160 111 NA 41636560 112 NA 3391304 113 EU 149164968 
22 CHAIN 21 NA 66605352 114 EU 28820368 115 EU 43927184 116 EU 56255160 117 NA 41636560 
23 CHAIN 22 EU 19660800 118 EU 48375432 119 EU 149164968 120 EU 28820368 121 EU 1638400 
24 CHAIN 23 EU 56255160 122 EU 149164968 123 EU 176160768 124 EU 12288000 125 EU 149164968 
25 CHAIN 24 NA 24371136 126 NA 66605352 127 EU 43927184 128 EU 149164968 129 NA 41636560 
26 CHAIN 25 EU 43927184 130 EU 43927184 131 EU 149164968 132 NA 41636560 133 NA 5079504 
27 CHAIN 26 EU 56255160 134 EU 11591680 135 EU 28820368 136 NA 9216000 137 EU 56255160 
28 CHAIN 27 EU 48375432 138 EU 28820368 139 NA 8388608 140 EU 56255160 141 NA 41636560 
29 CHAIN 28 NA 13480656 142 NA 66605352 143 EU 149164968 144 EU 16777216 145 NA 5079504 
30 CHAIN 29 EU 56255160 146 EU 56255160 147 EU 28820368 148 EU 176160768 149 EU 56255160 
