0 BRANCH 0 EU 34292528 1 EU 4096000 2 EU 56255160 3 EU 16777216 4 EU 43927184 5 EU 149164968 6 EU 16777216 7 NA 8388608 8 EU 28672000 9 EU 34292528 10 NA 41636560 11 EU 28672000 12 EU 48375432 13 NA 8388608 14 EU 56255160 15 EU 176160768 16 EU 1064960 17 EU 56255160 18 NA 41636560 19 EU 8192000 20 EU 28672000 21 EU 176160768 22 NA 5079504 23 EU 56255160 24 NA 66605352 25 EU 43927184 26 EU 149164968 27 EU 34292528 28 EU 12288000 29 EU 28672000 
1 CHAIN 0 EU 34292528 30 EU 176160768 31 EU 8192000 32 EU 149164968 33 EU 176160768 
2 CHAIN 1 EU 4096000 34 EU 54222072 35 EU 56255160 36 NA 66605352 37 EU 8192000 
3 CHAIN 2 EU 56255160 38 EU 56255160 39 NA 24371136 40 EU 5898240 41 EU 149164968 
4 CHAIN 3 EU 16777216 42 EU 176160768 43 NA 48067448 44 EU 56255160 45 EU 55892616 
5 CHAIN 4 EU 43927184 46 NA 66605352 47 EU 149164968 48 NA 41636560 49 EU 54222072 
6 CHAIN 5 EU 149164968 50 EU 56255160 51 EU 28820368 52 NA 48067448 53 EU 149164968 
7 CHAIN 6 EU 16777216 54 EU 16777216 55 EU 176160768 56 EU 149164968 57 EU 28820368 
8 CHAIN 7 NA 8388608 58 NA 48067448 59 EU 28672000 60 NA 24371136 61 EU 43927184 
9 CHAIN 8 EU 28672000 62 EU 149164968 63 EU 176160768 64 EU 43927184 65 EU 11591680 
10 CHAIN 9 EU 34292528 66 EU 48375432 67 EU 54222072 68 EU 149164968 69 EU 176160768 
11 CHAIN 10 NA 41636560 70 EU 43927184 71 EU 149164968 72 EU 55892616 73 EU 54222072 
12 CHAIN 11 EU 28672000 74 EU 149164968 75 EU 55892616 76 EU 54222072 77 EU 56255160 
13 CHAIN 12 EU 48375432 78 NA 41636560 79 NA 3391304 80 EU 28672000 81 EU 176160768 
14 CHAIN 13 NA 8388608 82 NA 66605352 83 EU 149164968 84 EU 176160768 85 EU 54222072 
15 CHAIN 14 EU 56255160 86 EU 2097152 87 EU 48375432 88 NA 13480656 89 EU 149164968 
16 CHAIN 15 EU 176160768 90 NA 66605352 91 NA 48067448 92 EU 149164968 93 EU 34292528 
17 CHAIN 16 EU 1064960 94 EU 43927184 95 EU 56255160 96 EU 34292528 97 EU 28820368 
18 CHAIN 17 EU 56255160 98 EU 11591680 99 EU 28820368 100 EU 43927184 101 EU 28672000 
19 CHAIN 18 NA 41636560 102 NA 41636560 103 EU 5898240 104 EU 149164968 105 NA 24371136 
20 CHAIN 19 EU 8192000 106 NA 8388608 107 EU 149164968 108 NA 41636560 109 NA 66605352 
21 CHAIN 20 EU 28672000 110 EU 11591680 111 NA 66605352 112 NA 48067448 113 EU 56255160 
22 CHAIN 21 EU 176160768 114 NA 41636560 115 EU 54222072 116 EU 11591680 117 EU 55892616 
23 CHAIN 22 NA 5079504 118 NA 48067448 119 EU 56255160 120 EU 55892616 121 NA 66605352 
24 CHAIN 23 EU 56255160 122 EU 149164968 123 EU 176160768 124 EU 819200 125 EU 56255160 
25 CHAIN 24 NA 66605352 126 NA 66605352 127 NA 48067448 128 EU 28672000 129 EU 34292528 
26 CHAIN 25 EU 43927184 130 NA 66605352 131 EU 28672000 132 EU 176160768 133 EU 19660800 
27 CHAIN 26 EU 149164968 134 EU 56255160 135 EU 176160768 136 NA 66605352 137 EU 149164968 
28 CHAIN 27 EU 34292528 138 EU 55892616 139 EU 54222072 140 EU 149164968 141 NA 66605352 
29 CHAIN 28 EU 12288000 142 EU 43927184 143 EU 149164968 144 NA 24371136 145 EU 43927184 
30 CHAIN 29 EU 28672000 146 EU 56255160 147 EU 55892616 148 NA 24371136 149 EU 149164968 
