0 BRANCH 0 NA 66605352 1 NA 48067448 2 EU 56255160 3 NA 66605352 4 NA 41636560 5 EU 11591680 6 EU 48375432 7 EU 43927184 8 EU 149164968 9 NA 41636560 10 EU 8192000 11 EU 28672000 12 EU 34292528 13 NA 66605352 14 EU 56255160 15 EU 176160768 16 NA 48067448 17 EU 56255160 18 EU 34292528 19 EU 12288000 20 EU 28672000 21 EU 55892616 22 EU 28820368 23 EU 56255160 24 EU 34292528 25 EU 1638400 26 EU 149164968 27 NA 41636560 28 EU 54222072 29 EU 149164968 
1 CHAIN 0 NA 66605352 30 EU 176160768 31 EU 34292528 32 EU 149164968 33 EU 176160768 
2 CHAIN 1 NA 48067448 34 EU 43927184 35 EU 56255160 36 NA 66605352 37 NA 48067448 
3 CHAIN 2 EU 56255160 38 EU 56255160 39 EU 48375432 40 NA 13480656 41 EU 149164968 
4 CHAIN 3 NA 66605352 42 EU 34292528 43 EU 176160768 44 EU 149164968 45 EU 55892616 
5 CHAIN 4 NA 41636560 46 NA 24371136 47 EU 149164968 48 NA 66605352 49 NA 48067448 
6 CHAIN 5 EU 11591680 50 EU 28672000 51 EU 34292528 52 NA 48067448 53 EU 149164968 
7 CHAIN 6 EU 48375432 54 EU 55892616 55 EU 54222072 56 EU 11591680 57 EU 48375432 
8 CHAIN 7 EU 43927184 58 EU 54222072 59 EU 149164968 60 EU 176160768 61 EU 1638400 
9 CHAIN 8 EU 149164968 62 EU 149164968 63 NA 41636560 64 EU 54222072 65 EU 149164968 
10 CHAIN 9 NA 41636560 66 EU 16777216 67 NA 5079504 68 EU 28672000 69 NA 66605352 
11 CHAIN 10 EU 8192000 70 EU 12288000 71 EU 149164968 72 EU 48375432 73 EU 55892616 
12 CHAIN 11 EU 28672000 74 EU 149164968 75 NA 41636560 76 NA 48067448 77 EU 56255160 
13 CHAIN 12 EU 34292528 78 NA 66605352 79 EU 176160768 80 EU 28672000 81 NA 41636560 
14 CHAIN 13 NA 66605352 82 EU 176160768 83 EU 28672000 84 NA 41636560 85 EU 55892616 
15 CHAIN 14 EU 56255160 86 EU 149164968 87 EU 19660800 88 NA 48067448 89 EU 149164968 
16 CHAIN 15 EU 176160768 90 NA 41636560 91 NA 8044008 92 EU 56255160 93 NA 66605352 
17 CHAIN 16 NA 48067448 94 NA 41636560 95 EU 28672000 96 EU 176160768 97 NA 48067448 
18 CHAIN 17 EU 56255160 98 EU 56255160 99 NA 24371136 100 EU 54222072 101 EU 56255160 
19 CHAIN 18 EU 34292528 102 NA 66605352 103 EU 12288000 104 EU 149164968 105 EU 176160768 
20 CHAIN 19 EU 12288000 106 NA 48067448 107 EU 149164968 108 EU 55892616 109 EU 16777216 
21 CHAIN 20 EU 28672000 110 EU 149164968 111 EU 28820368 112 NA 48067448 113 EU 28672000 
22 CHAIN 21 EU 55892616 114 EU 34292528 115 NA 66605352 116 EU 28672000 117 NA 41636560 
23 CHAIN 22 EU 28820368 118 EU 43927184 119 EU 28672000 120 EU 19660800 121 EU 8192000 
24 CHAIN 23 EU 56255160 122 EU 56255160 123 NA 41636560 124 EU 43927184 125 EU 56255160 
25 CHAIN 24 EU 34292528 126 NA 24371136 127 EU 54222072 128 EU 149164968 129 EU 55892616 
26 CHAIN 25 EU 1638400 130 NA 41636560 131 EU 56255160 132 EU 176160768 133 EU 54222072 
27 CHAIN 26 EU 149164968 134 EU 149164968 135 NA 66605352 136 EU 5898240 137 EU 56255160 
28 CHAIN 27 NA 41636560 138 EU 48375432 139 EU 16777216 140 EU 149164968 141 NA 66605352 
29 CHAIN 28 EU 54222072 142 EU 54222072 143 EU 149164968 144 EU 48375432 145 EU 54222072 
30 CHAIN 29 EU 149164968 146 EU 56255160 147 EU 16777216 148 EU 34292528 149 EU 56255160 
