0 BRANCH 0 NA 41636560 1 EU 19660800 2 EU 149164968 3 EU 48375432 4 EU 54222072 5 EU 149164968 6 EU 34292528 7 NA 24371136 8 EU 56255160 9 EU 176160768 10 EU 54222072 11 EU 149164968 12 EU 55892616 13 EU 34292528 14 EU 11591680 15 EU 48375432 16 EU 43927184 17 EU 149164968 18 EU 176160768 19 EU 54222072 20 EU 56255160 21 EU 28820368 22 EU 48375432 23 EU 56255160 24 EU 55892616 25 NA 48067448 26 EU 149164968 27 EU 55892616 28 EU 12288000 29 EU 149164968 
1 CHAIN 0 NA 41636560 30 EU 28820368 31 EU 34292528 32 EU 56255160 33 EU 48375432 
2 CHAIN 1 EU 19660800 34 NA 48067448 35 EU 149164968 36 EU 48375432 37 EU 54222072 
3 CHAIN 2 EU 149164968 38 EU 56255160 39 NA 41636560 40 EU 54222072 41 EU 56255160 
4 CHAIN 3 EU 48375432 42 EU 55892616 43 NA 5079504 44 EU 28672000 45 NA 66605352 
5 CHAIN 4 EU 54222072 46 EU 16777216 47 EU 149164968 48 EU 176160768 49 EU 54222072 
6 CHAIN 5 EU 149164968 50 EU 56255160 51 EU 48375432 52 EU 54222072 53 EU 149164968 
7 CHAIN 6 EU 34292528 54 EU 19660800 55 EU 176160768 56 EU 149164968 57 EU 176160768 
8 CHAIN 7 NA 24371136 58 NA 48067448 59 EU 28672000 60 EU 176160768 61 EU 48375432 
9 CHAIN 8 EU 56255160 62 EU 56255160 63 EU 176160768 64 EU 16777216 65 EU 56255160 
10 CHAIN 9 EU 176160768 66 EU 16777216 67 EU 176160768 68 EU 2097152 69 NA 41636560 
11 CHAIN 10 EU 54222072 70 NA 4194304 71 EU 149164968 72 EU 176160768 73 NA 9216000 
12 CHAIN 11 EU 149164968 74 EU 56255160 75 NA 66605352 76 EU 34292528 77 EU 149164968 
13 CHAIN 12 EU 55892616 78 NA 66605352 79 EU 12288000 80 EU 56255160 81 NA 41636560 
14 CHAIN 13 EU 34292528 82 EU 43927184 83 EU 28672000 84 NA 41636560 85 NA 48067448 
15 CHAIN 14 EU 11591680 86 EU 56255160 87 EU 176160768 88 EU 28820368 89 EU 149164968 
16 CHAIN 15 EU 48375432 90 EU 16777216 91 EU 43927184 92 EU 149164968 93 NA 66605352 
17 CHAIN 16 EU 43927184 94 EU 54222072 95 EU 56255160 96 EU 28820368 97 EU 176160768 
18 CHAIN 17 EU 149164968 98 EU 149164968 99 EU 19660800 100 NA 66605352 101 EU 56255160 
19 CHAIN 18 EU 176160768 102 NA 66605352 103 EU 176160768 104 EU 149164968 105 NA 66605352 
20 CHAIN 19 EU 54222072 106 EU 43927184 107 EU 11591680 108 NA 24371136 109 NA 8388608 
21 CHAIN 20 EU 56255160 110 EU 149164968 111 EU 176160768 112 NA 41636560 113 EU 2097152 
22 CHAIN 21 EU 28820368 114 EU 28820368 115 EU 1638400 116 EU 149164968 117 NA 41636560 
23 CHAIN 22 EU 48375432 118 EU 48375432 119 EU 149164968 120 EU 28820368 121 EU 176160768 
24 CHAIN 23 EU 56255160 122 EU 2097152 123 EU 176160768 124 EU 43927184 125 EU 11591680 
25 CHAIN 24 EU 55892616 126 EU 34292528 127 EU 43927184 128 EU 149164968 129 EU 16777216 
26 CHAIN 25 NA 48067448 130 EU 43927184 131 EU 149164968 132 EU 34292528 133 NA 48067448 
27 CHAIN 26 EU 149164968 134 EU 56255160 135 NA 66605352 136 NA 5079504 137 EU 28672000 
28 CHAIN 27 EU 55892616 138 NA 41636560 139 NA 13480656 140 EU 149164968 141 EU 176160768 
29 CHAIN 28 EU 12288000 142 NA 48067448 143 EU 149164968 144 EU 176160768 145 NA 48067448 
30 CHAIN 29 EU 149164968 146 EU 149164968 147 EU 176160768 148 EU 54222072 149 EU 11591680 
