0 BRANCH 0 EU 19660800 1 EU 43927184 2 EU 56255160 3 EU 176160768 4 NA 48067448 5 EU 149164968 6 EU 48375432 7 EU 54222072 8 EU 149164968 9 EU 48375432 10 EU 2457600 11 EU 149164968 12 EU 34292528 13 EU 12288000 14 EU 149164968 15 EU 55892616 16 NA 13480656 17 EU 56255160 18 NA 66605352 19 NA 48067448 20 EU 149164968 21 EU 28820368 22 EU 12288000 23 EU 149164968 24 NA 24371136 25 EU 5898240 26 EU 149164968 27 EU 176160768 28 EU 43927184 29 EU 56255160 
1 CHAIN 0 EU 19660800 30 EU 28820368 31 EU 43927184 32 EU 28672000 33 EU 55892616 
2 CHAIN 1 EU 43927184 34 EU 12288000 35 EU 149164968 36 EU 55892616 37 NA 48067448 
3 CHAIN 2 EU 56255160 38 EU 11591680 39 EU 48375432 40 NA 3391304 41 EU 149164968 
4 CHAIN 3 EU 176160768 42 NA 66605352 43 EU 54222072 44 EU 149164968 45 EU 176160768 
5 CHAIN 4 NA 48067448 46 NA 8388608 47 EU 149164968 48 EU 176160768 49 EU 28820368 
6 CHAIN 5 EU 149164968 50 EU 28672000 51 NA 24371136 52 EU 5898240 53 EU 149164968 
7 CHAIN 6 EU 48375432 54 NA 24371136 55 NA 8388608 56 EU 149164968 57 EU 16777216 
8 CHAIN 7 EU 54222072 58 EU 819200 59 EU 56255160 60 NA 66605352 61 EU 54222072 
9 CHAIN 8 EU 149164968 62 EU 56255160 63 EU 16777216 64 EU 54222072 65 EU 28672000 
10 CHAIN 9 EU 48375432 66 EU 28820368 67 EU 43927184 68 EU 11591680 69 EU 16777216 
11 CHAIN 10 EU 2457600 70 EU 6296704 71 EU 149164968 72 NA 41636560 73 EU 43927184 
12 CHAIN 11 EU 149164968 74 EU 56255160 75 EU 176160768 76 EU 5898240 77 EU 28672000 
13 CHAIN 12 EU 34292528 78 NA 41636560 79 EU 34292528 80 EU 56255160 81 EU 48375432 
14 CHAIN 13 EU 12288000 82 EU 54222072 83 EU 149164968 84 EU 48375432 85 EU 176160768 
15 CHAIN 14 EU 149164968 86 EU 56255160 87 EU 48375432 88 NA 13480656 89 EU 56255160 
16 CHAIN 15 EU 55892616 90 EU 176160768 91 EU 1638400 92 EU 149164968 93 NA 41636560 
17 CHAIN 16 NA 13480656 94 NA 9216000 95 EU 149164968 96 EU 19660800 97 NA 13480656 
18 CHAIN 17 EU 56255160 98 EU 149164968 99 NA 66605352 100 EU 54222072 101 EU 149164968 
19 CHAIN 18 NA 66605352 102 EU 55892616 103 EU 2457600 104 EU 149164968 105 EU 16777216 
20 CHAIN 19 NA 48067448 106 EU 54222072 107 EU 56255160 108 EU 48375432 109 EU 43927184 
21 CHAIN 20 EU 149164968 110 EU 149164968 111 EU 48375432 112 EU 54222072 113 EU 28672000 
22 CHAIN 21 EU 28820368 114 NA 41636560 115 EU 55892616 116 EU 56255160 117 EU 19660800 
23 CHAIN 22 EU 12288000 118 EU 3178584 119 EU 56255160 120 NA 24371136 121 NA 48067448 
24 CHAIN 23 EU 149164968 122 EU 149164968 123 EU 19660800 124 EU 55892616 125 EU 149164968 
25 CHAIN 24 NA 24371136 126 EU 34292528 127 EU 28820368 128 EU 149164968 129 EU 16777216 
26 CHAIN 25 EU 5898240 130 NA 8388608 131 EU 56255160 132 EU 16777216 133 EU 54222072 
27 CHAIN 26 EU 149164968 134 EU 56255160 135 EU 176160768 136 NA 48067448 137 EU 28672000 
28 CHAIN 27 EU 176160768 138 EU 28820368 139 NA 48067448 140 EU 28672000 141 EU 28820368 
29 CHAIN 28 EU 43927184 142 EU 54222072 143 EU 28672000 144 EU 55892616 145 EU 5898240 
30 CHAIN 29 EU 56255160 146 EU 56255160 147 EU 34292528 148 NA 48067448 149 EU 149164968 
