0 BRANCH 0 EU 34292528 1 EU 8192000 2 EU 149164968 3 EU 176160768 4 EU 4096000 5 EU 149164968 6 NA 66605352 7 NA 13480656 8 EU 56255160 9 EU 176160768 10 EU 6296704 11 EU 11591680 12 EU 48375432 13 EU 54222072 14 EU 56255160 15 NA 41636560 16 EU 43927184 17 EU 56255160 18 EU 16777216 19 EU 3178584 20 EU 149164968 21 EU 176160768 22 EU 43927184 23 EU 149164968 24 NA 66605352 25 EU 4096000 26 EU 149164968 27 EU 48375432 28 NA 3391304 29 EU 149164968 
1 CHAIN 0 EU 34292528 30 NA 41636560 31 NA 13480656 32 EU 56255160 33 EU 19660800 
2 CHAIN 1 EU 8192000 34 EU 176160768 35 EU 149164968 36 NA 66605352 37 EU 43927184 
3 CHAIN 2 EU 149164968 38 EU 149164968 39 NA 24371136 40 NA 4194304 41 EU 11591680 
4 CHAIN 3 EU 176160768 42 EU 28820368 43 EU 2129920 44 EU 28672000 45 EU 55892616 
5 CHAIN 4 EU 4096000 46 EU 54222072 47 EU 149164968 48 EU 34292528 49 NA 66605352 
6 CHAIN 5 EU 149164968 50 EU 149164968 51 NA 66605352 52 NA 13480656 53 EU 149164968 
7 CHAIN 6 NA 66605352 54 EU 176160768 55 EU 54222072 56 EU 149164968 57 NA 66605352 
8 CHAIN 7 NA 13480656 58 EU 12288000 59 EU 56255160 60 NA 41636560 61 EU 54222072 
9 CHAIN 8 EU 56255160 62 EU 28672000 63 NA 41636560 64 NA 48067448 65 EU 28672000 
10 CHAIN 9 EU 176160768 66 EU 34292528 67 NA 66605352 68 EU 28672000 69 EU 34292528 
11 CHAIN 10 EU 6296704 70 NA 819200 71 EU 11591680 72 EU 55892616 73 EU 54222072 
12 CHAIN 11 EU 11591680 74 EU 56255160 75 EU 28820368 76 EU 54222072 77 EU 149164968 
13 CHAIN 12 EU 48375432 78 NA 41636560 79 NA 48067448 80 EU 28672000 81 NA 41636560 
14 CHAIN 13 EU 54222072 82 EU 3178584 83 EU 149164968 84 EU 34292528 85 EU 176160768 
15 CHAIN 14 EU 56255160 86 EU 28672000 87 EU 34292528 88 EU 48375432 89 EU 56255160 
16 CHAIN 15 NA 41636560 90 EU 28820368 91 NA 48067448 92 EU 11591680 93 EU 48375432 
17 CHAIN 16 EU 43927184 94 NA 1605632 95 EU 11591680 96 EU 19660800 97 EU 54222072 
18 CHAIN 17 EU 56255160 98 EU 149164968 99 EU 176160768 100 EU 54222072 101 EU 28672000 
19 CHAIN 18 EU 16777216 102 EU 176160768 103 EU 43927184 104 EU 56255160 105 EU 48375432 
20 CHAIN 19 EU 3178584 106 NA 3391304 107 EU 56255160 108 NA 41636560 109 NA 8388608 
21 CHAIN 20 EU 149164968 110 EU 149164968 111 EU 48375432 112 NA 41636560 113 EU 56255160 
22 CHAIN 21 EU 176160768 114 EU 34292528 115 EU 55892616 116 EU 11591680 117 EU 19660800 
23 CHAIN 22 EU 43927184 118 EU 54222072 119 EU 149164968 120 EU 55892616 121 NA 48067448 
24 CHAIN 23 EU 149164968 122 EU 149164968 123 NA 66605352 124 NA 13480656 125 EU 56255160 
25 CHAIN 24 NA 66605352 126 NA 66605352 127 NA 48067448 128 EU 28672000 129 NA 66605352 
26 CHAIN 25 EU 4096000 130 NA 48067448 131 EU 56255160 132 NA 66605352 133 EU 43927184 
27 CHAIN 26 EU 149164968 134 EU 149164968 135 NA 66605352 136 EU 55892616 137 EU 56255160 
28 CHAIN 27 EU 48375432 138 NA 41636560 139 EU 54222072 140 EU 56255160 141 EU 48375432 
29 CHAIN 28 NA 3391304 142 EU 43927184 143 EU 56255160 144 EU 16777216 145 NA 48067448 
30 CHAIN 29 EU 149164968 146 EU 28672000 147 EU 48375432 148 NA 48067448 149 EU 149164968 
