0 BRANCH 0 EU 55892616 1 NA 8388608 2 EU 56255160 3 EU 16777216 4 EU 5898240 5 EU 149164968 6 NA 41636560 7 NA 819200 8 EU 28672000 9 EU 176160768 10 EU 19660800 11 EU 149164968 12 NA 41636560 13 NA 8388608 14 EU 28672000 15 NA 66605352 16 EU 5898240 17 EU 56255160 18 EU 176160768 19 NA 24371136 20 EU 56255160 21 EU 48375432 22 NA 48067448 23 EU 56255160 24 EU 34292528 25 NA 66605352 26 EU 56255160 27 EU 176160768 28 NA 1605632 29 EU 149164968 
1 CHAIN 0 EU 55892616 30 EU 19660800 31 NA 48067448 32 EU 149164968 33 EU 34292528 
2 CHAIN 1 NA 8388608 34 NA 48067448 35 EU 149164968 36 EU 28820368 37 NA 9216000 
3 CHAIN 2 EU 56255160 38 EU 149164968 39 EU 176160768 40 EU 19660800 41 EU 149164968 
4 CHAIN 3 EU 16777216 42 EU 55892616 43 NA 48067448 44 EU 56255160 45 NA 66605352 
5 CHAIN 4 EU 5898240 46 NA 48067448 47 EU 56255160 48 NA 41636560 49 EU 12288000 
6 CHAIN 5 EU 149164968 50 EU 56255160 51 EU 48375432 52 EU 54222072 53 EU 28672000 
7 CHAIN 6 NA 41636560 54 EU 28820368 55 EU 34292528 56 EU 149164968 57 EU 55892616 
8 CHAIN 7 NA 819200 58 NA 66605352 59 EU 149164968 60 NA 66605352 61 EU 54222072 
9 CHAIN 8 EU 28672000 62 EU 149164968 63 NA 41636560 64 EU 16777216 65 EU 56255160 
10 CHAIN 9 EU 176160768 66 NA 41636560 67 EU 28820368 68 EU 28672000 69 EU 48375432 
11 CHAIN 10 EU 19660800 70 EU 176160768 71 EU 149164968 72 EU 34292528 73 EU 1638400 
12 CHAIN 11 EU 149164968 74 EU 149164968 75 EU 55892616 76 EU 2048000 77 EU 56255160 
13 CHAIN 12 NA 41636560 78 NA 41636560 79 EU 48375432 80 EU 149164968 81 EU 176160768 
14 CHAIN 13 NA 8388608 82 EU 54222072 83 EU 56255160 84 NA 41636560 85 NA 9216000 
15 CHAIN 14 EU 28672000 86 EU 28672000 87 NA 41636560 88 EU 54222072 89 EU 11591680 
16 CHAIN 15 NA 66605352 90 EU 34292528 91 NA 9216000 92 EU 56255160 93 NA 24371136 
17 CHAIN 16 EU 5898240 94 NA 13480656 95 EU 56255160 96 NA 66605352 97 EU 12288000 
18 CHAIN 17 EU 56255160 98 EU 28672000 99 EU 48375432 100 EU 6296704 101 EU 56255160 
19 CHAIN 18 EU 176160768 102 NA 24371136 103 NA 41636560 104 EU 56255160 105 EU 34292528 
20 CHAIN 19 NA 24371136 106 EU 54222072 107 EU 28672000 108 EU 28820368 109 NA 48067448 
21 CHAIN 20 EU 56255160 110 EU 149164968 111 NA 41636560 112 EU 48375432 113 EU 56255160 
22 CHAIN 21 EU 48375432 114 EU 55892616 115 NA 48067448 116 EU 149164968 117 EU 48375432 
23 CHAIN 22 NA 48067448 118 NA 48067448 119 EU 28672000 120 EU 28820368 121 EU 54222072 
24 CHAIN 23 EU 56255160 122 EU 149164968 123 EU 28820368 124 NA 48067448 125 EU 149164968 
25 CHAIN 24 EU 34292528 126 NA 41636560 127 NA 8388608 128 EU 11591680 129 NA 66605352 
26 CHAIN 25 NA 66605352 130 NA 48067448 131 EU 149164968 132 NA 41636560 133 EU 176160768 
27 CHAIN 26 EU 56255160 134 EU 149164968 135 EU 34292528 136 EU 48375432 137 EU 149164968 
28 CHAIN 27 EU 176160768 138 EU 34292528 139 NA 48067448 140 EU 149164968 141 EU 176160768 
29 CHAIN 28 NA 1605632 142 EU 48375432 143 EU 149164968 144 EU 16777216 145 NA 48067448 
30 CHAIN 29 EU 149164968 146 EU 28672000 147 NA 66605352 148 EU 54222072 149 EU 56255160 
