0 BRANCH 0 EU 34292528 1 NA 24371136 2 EU 149164968 3 EU 16777216 4 EU 176160768 5 EU 56255160 6 EU 48375432 7 NA 66605352 8 EU 28672000 9 EU 28820368 10 EU 48375432 11 EU 28672000 12 NA 24371136 13 EU 176160768 14 EU 149164968 15 EU 34292528 16 EU 16777216 17 EU 149164968 18 EU 28820368 19 NA 48067448 20 EU 28672000 21 EU 19660800 22 NA 5079504 23 EU 149164968 24 NA 66605352 25 NA 4194304 26 EU 56255160 27 EU 48375432 28 EU 4096000 29 EU 28672000 
1 CHAIN 0 EU 34292528 30 EU 48375432 31 EU 43927184 32 EU 56255160 33 EU 176160768 
2 CHAIN 1 NA 24371136 34 EU 43927184 35 EU 149164968 36 EU 19660800 37 NA 48067448 
3 CHAIN 2 EU 149164968 38 EU 149164968 39 EU 48375432 40 NA 66605352 41 EU 149164968 
4 CHAIN 3 EU 16777216 42 EU 48375432 43 EU 43927184 44 EU 149164968 45 EU 48375432 
5 CHAIN 4 EU 176160768 46 NA 48067448 47 EU 28672000 48 EU 176160768 49 EU 12288000 
6 CHAIN 5 EU 56255160 50 EU 149164968 51 EU 28820368 52 EU 54222072 53 EU 149164968 
7 CHAIN 6 EU 48375432 54 NA 41636560 55 EU 43927184 56 EU 149164968 57 EU 55892616 
8 CHAIN 7 NA 66605352 58 EU 12288000 59 EU 149164968 60 EU 19660800 61 EU 54222072 
9 CHAIN 8 EU 28672000 62 EU 56255160 63 EU 176160768 64 EU 16777216 65 EU 149164968 
10 CHAIN 9 EU 28820368 66 EU 34292528 67 EU 43927184 68 EU 149164968 69 NA 66605352 
11 CHAIN 10 EU 48375432 70 NA 48067448 71 EU 56255160 72 EU 176160768 73 EU 43927184 
12 CHAIN 11 EU 28672000 74 EU 149164968 75 EU 34292528 76 NA 66605352 77 EU 149164968 
13 CHAIN 12 NA 24371136 78 NA 24371136 79 NA 48067448 80 EU 149164968 81 EU 34292528 
14 CHAIN 13 EU 176160768 82 NA 48067448 83 EU 149164968 84 EU 19660800 85 NA 66605352 
15 CHAIN 14 EU 149164968 86 EU 149164968 87 EU 48375432 88 EU 54222072 89 EU 149164968 
16 CHAIN 15 EU 34292528 90 NA 66605352 91 EU 54222072 92 EU 56255160 93 EU 176160768 
17 CHAIN 16 EU 16777216 94 EU 54222072 95 EU 56255160 96 NA 24371136 97 EU 8192000 
18 CHAIN 17 EU 149164968 98 EU 149164968 99 EU 55892616 100 NA 8388608 101 EU 56255160 
19 CHAIN 18 EU 28820368 102 EU 34292528 103 EU 54222072 104 EU 56255160 105 EU 176160768 
20 CHAIN 19 NA 48067448 106 NA 48067448 107 EU 28672000 108 EU 176160768 109 NA 48067448 
21 CHAIN 20 EU 28672000 110 EU 2097152 111 EU 19660800 112 EU 54222072 113 EU 56255160 
22 CHAIN 21 EU 19660800 114 NA 66605352 115 NA 13480656 116 EU 149164968 117 EU 48375432 
23 CHAIN 22 NA 5079504 118 NA 48067448 119 EU 56255160 120 NA 66605352 121 EU 48375432 
24 CHAIN 23 EU 149164968 122 EU 28672000 123 EU 19660800 124 NA 3391304 125 EU 28672000 
25 CHAIN 24 NA 66605352 126 EU 176160768 127 EU 34292528 128 EU 149164968 129 NA 66605352 
26 CHAIN 25 NA 4194304 130 EU 43927184 131 EU 28672000 132 EU 19660800 133 EU 54222072 
27 CHAIN 26 EU 56255160 134 EU 28672000 135 EU 55892616 136 EU 54222072 137 EU 149164968 
28 CHAIN 27 EU 48375432 138 EU 55892616 139 EU 54222072 140 EU 11591680 141 NA 24371136 
29 CHAIN 28 EU 4096000 142 EU 54222072 143 EU 56255160 144 NA 66605352 145 EU 54222072 
30 CHAIN 29 EU 28672000 146 EU 56255160 147 EU 55892616 148 NA 48067448 149 EU 56255160 
