0 BRANCH 0 EU 16777216 1 NA 8388608 2 EU 149164968 3 EU 48375432 4 NA 48067448 5 EU 28672000 6 NA 41636560 7 EU 12288000 8 EU 56255160 9 EU 28820368 10 EU 43927184 11 EU 149164968 12 NA 66605352 13 EU 54222072 14 EU 149164968 15 EU 28820368 16 EU 54222072 17 EU 11591680 18 EU 55892616 19 EU 54222072 20 EU 28672000 21 EU 19660800 22 EU 28820368 23 EU 56255160 24 NA 66605352 25 NA 8388608 26 EU 149164968 27 NA 66605352 28 EU 54222072 29 EU 28672000 
1 CHAIN 0 EU 16777216 30 EU 55892616 31 NA 5079504 32 EU 28672000 33 EU 19660800 
2 CHAIN 1 NA 8388608 34 EU 176160768 35 EU 149164968 36 EU 16777216 37 NA 41636560 
3 CHAIN 2 EU 149164968 38 EU 149164968 39 EU 55892616 40 NA 3391304 41 EU 28672000 
4 CHAIN 3 EU 48375432 42 EU 176160768 43 EU 16777216 44 EU 56255160 45 EU 55892616 
5 CHAIN 4 NA 48067448 46 NA 48067448 47 EU 56255160 48 EU 48375432 49 EU 54222072 
6 CHAIN 5 EU 28672000 50 EU 149164968 51 EU 48375432 52 EU 54222072 53 EU 149164968 
7 CHAIN 6 NA 41636560 54 NA 41636560 55 NA 13480656 56 EU 56255160 57 EU 55892616 
8 CHAIN 7 EU 12288000 58 NA 8388608 59 EU 149164968 60 EU 48375432 61 EU 12288000 
9 CHAIN 8 EU 56255160 62 EU 149164968 63 NA 66605352 64 NA 9216000 65 EU 56255160 
10 CHAIN 9 EU 28820368 66 EU 176160768 67 EU 2048000 68 EU 149164968 69 EU 48375432 
11 CHAIN 10 EU 43927184 70 NA 48067448 71 EU 56255160 72 EU 28820368 73 NA 66605352 
12 CHAIN 11 EU 149164968 74 EU 149164968 75 EU 55892616 76 EU 54222072 77 EU 56255160 
13 CHAIN 12 NA 66605352 78 NA 66605352 79 EU 2129920 80 EU 56255160 81 NA 66605352 
14 CHAIN 13 EU 54222072 82 NA 4194304 83 EU 28672000 84 EU 28820368 85 NA 48067448 
15 CHAIN 14 EU 149164968 86 EU 56255160 87 NA 66605352 88 EU 8192000 89 EU 56255160 
16 CHAIN 15 EU 28820368 90 EU 176160768 91 NA 48067448 92 EU 56255160 93 EU 28820368 
17 CHAIN 16 EU 54222072 94 EU 12288000 95 EU 149164968 96 NA 24371136 97 EU 43927184 
18 CHAIN 17 EU 11591680 98 EU 149164968 99 NA 66605352 100 EU 54222072 101 EU 28672000 
19 CHAIN 18 EU 55892616 102 NA 66605352 103 EU 12288000 104 EU 28672000 105 EU 48375432 
20 CHAIN 19 EU 54222072 106 EU 43927184 107 EU 149164968 108 NA 66605352 109 NA 13480656 
21 CHAIN 20 EU 28672000 110 EU 149164968 111 NA 41636560 112 EU 54222072 113 EU 149164968 
22 CHAIN 21 EU 19660800 114 EU 28820368 115 NA 66605352 116 EU 56255160 117 NA 66605352 
23 CHAIN 22 EU 28820368 118 EU 12288000 119 EU 28672000 120 EU 34292528 121 EU 54222072 
24 CHAIN 23 EU 56255160 122 EU 28672000 123 EU 48375432 124 NA 5079504 125 EU 56255160 
25 CHAIN 24 NA 66605352 126 NA 24371136 127 EU 55892616 128 EU 56255160 129 EU 48375432 
26 CHAIN 25 NA 8388608 130 EU 43927184 131 EU 56255160 132 EU 176160768 133 NA 13480656 
27 CHAIN 26 EU 149164968 134 EU 56255160 135 EU 34292528 136 EU 28820368 137 EU 149164968 
28 CHAIN 27 NA 66605352 138 EU 16777216 139 NA 41636560 140 EU 149164968 141 NA 24371136 
29 CHAIN 28 EU 54222072 142 EU 43927184 143 EU 56255160 144 EU 48375432 145 NA 3391304 
30 CHAIN 29 EU 28672000 146 EU 149164968 147 NA 24371136 148 EU 43927184 149 EU 149164968 
