0 BRANCH 0 EU 176160768 1 EU 43927184 2 EU 149164968 3 EU 55892616 4 EU 28820368 5 EU 149164968 6 EU 176160768 7 EU 12288000 8 EU 149164968 9 EU 28820368 10 EU 12288000 11 EU 149164968 12 EU 55892616 13 NA 24371136 14 EU 56255160 15 EU 55892616 16 EU 54222072 17 EU 28672000 18 NA 24371136 19 NA 13480656 20 EU 2097152 21 EU 34292528 22 NA 48067448 23 EU 11591680 24 NA 41636560 25 NA 13480656 26 EU 149164968 27 EU 19660800 28 NA 9216000 29 EU 56255160 
1 CHAIN 0 EU 176160768 30 EU 55892616 31 EU 54222072 32 EU 149164968 33 NA 66605352 
2 CHAIN 1 EU 43927184 34 EU 48375432 35 EU 28672000 36 EU 176160768 37 NA 66605352 
3 CHAIN 2 EU 149164968 38 EU 149164968 39 EU 34292528 40 NA 9216000 41 EU 56255160 
4 CHAIN 3 EU 55892616 42 NA 66605352 43 EU 54222072 44 EU 11591680 45 NA 41636560 
5 CHAIN 4 EU 28820368 46 EU 176160768 47 EU 149164968 48 NA 41636560 49 EU 34292528 
6 CHAIN 5 EU 149164968 50 EU 149164968 51 NA 24371136 52 NA 5079504 53 EU 149164968 
7 CHAIN 6 EU 176160768 54 EU 176160768 55 EU 16777216 56 EU 56255160 57 EU 55892616 
8 CHAIN 7 EU 12288000 58 EU 28820368 59 EU 56255160 60 NA 41636560 61 EU 1638400 
9 CHAIN 8 EU 149164968 62 EU 11591680 63 EU 19660800 64 NA 48067448 65 EU 149164968 
10 CHAIN 9 EU 28820368 66 EU 34292528 67 EU 43927184 68 EU 149164968 69 EU 55892616 
11 CHAIN 10 EU 12288000 70 EU 3178584 71 EU 56255160 72 EU 48375432 73 EU 12288000 
12 CHAIN 11 EU 149164968 74 EU 56255160 75 NA 24371136 76 EU 43927184 77 EU 149164968 
13 CHAIN 12 EU 55892616 78 EU 34292528 79 NA 4194304 80 EU 28672000 81 EU 28820368 
14 CHAIN 13 NA 24371136 82 EU 43927184 83 EU 56255160 84 NA 66605352 85 EU 54222072 
15 CHAIN 14 EU 56255160 86 EU 56255160 87 EU 176160768 88 EU 12288000 89 EU 149164968 
16 CHAIN 15 EU 55892616 90 NA 24371136 91 NA 48067448 92 EU 28672000 93 EU 19660800 
17 CHAIN 16 EU 54222072 94 EU 54222072 95 EU 28672000 96 EU 34292528 97 EU 43927184 
18 CHAIN 17 EU 28672000 98 EU 149164968 99 EU 34292528 100 NA 8044008 101 EU 28672000 
19 CHAIN 18 NA 24371136 102 NA 66605352 103 EU 54222072 104 EU 56255160 105 EU 48375432 
20 CHAIN 19 NA 13480656 106 EU 54222072 107 EU 56255160 108 EU 176160768 109 EU 34292528 
21 CHAIN 20 EU 2097152 110 EU 56255160 111 EU 28820368 112 EU 54222072 113 EU 149164968 
22 CHAIN 21 EU 34292528 114 EU 55892616 115 NA 9216000 116 EU 28672000 117 EU 48375432 
23 CHAIN 22 NA 48067448 118 EU 34292528 119 EU 149164968 120 EU 48375432 121 EU 6296704 
24 CHAIN 23 EU 11591680 122 EU 28672000 123 EU 176160768 124 EU 5898240 125 EU 56255160 
25 CHAIN 24 NA 41636560 126 EU 16777216 127 EU 2457600 128 EU 56255160 129 NA 66605352 
26 CHAIN 25 NA 13480656 130 NA 41636560 131 EU 28672000 132 EU 176160768 133 EU 4096000 
27 CHAIN 26 EU 149164968 134 EU 28672000 135 NA 41636560 136 NA 8388608 137 EU 56255160 
28 CHAIN 27 EU 19660800 138 NA 24371136 139 EU 54222072 140 EU 149164968 141 NA 41636560 
29 CHAIN 28 NA 9216000 142 NA 48067448 143 EU 28672000 144 NA 66605352 145 EU 54222072 
30 CHAIN 29 EU 56255160 146 EU 149164968 147 NA 66605352 148 EU 8192000 149 EU 28672000 
