0 BRANCH 0 EU 55892616 1 NA 819200 2 EU 56255160 3 EU 176160768 4 NA 24371136 5 EU 56255160 6 NA 24371136 7 NA 8388608 8 EU 149164968 9 EU 48375432 10 EU 2457600 11 EU 149164968 12 EU 176160768 13 EU 1064960 14 EU 149164968 15 NA 24371136 16 EU 1638400 17 EU 149164968 18 EU 28820368 19 NA 8044008 
1 CHAIN 0 EU 55892616 20 EU 11591680 21 EU 55892616 22 NA 9216000 23 EU 56255160 
2 CHAIN 1 NA 819200 24 NA 66605352 25 EU 54222072 26 EU 149164968 27 NA 41636560 
3 CHAIN 2 EU 56255160 28 EU 34292528 29 EU 56255160 30 EU 28820368 31 EU 8192000 
4 CHAIN 3 EU 176160768 32 EU 56255160 33 EU 16777216 34 NA 41636560 35 EU 149164968 
5 CHAIN 4 NA 24371136 36 NA 66605352 37 EU 54222072 38 EU 56255160 39 EU 176160768 
6 CHAIN 5 EU 56255160 40 NA 48067448 41 EU 28672000 42 EU 48375432 43 EU 12288000 
7 CHAIN 6 NA 24371136 44 EU 149164968 45 NA 66605352 46 EU 43927184 47 EU 56255160 
8 CHAIN 7 NA 8388608 48 EU 16777216 49 EU 176160768 50 EU 2097152 51 EU 48375432 
9 CHAIN 8 EU 149164968 52 NA 48067448 53 EU 149164968 54 NA 41636560 55 NA 66605352 
10 CHAIN 9 EU 48375432 56 EU 149164968 57 NA 66605352 58 NA 4194304 59 EU 28672000 
11 CHAIN 10 EU 2457600 60 NA 41636560 61 EU 54222072 62 EU 11591680 63 EU 55892616 
12 CHAIN 11 EU 149164968 64 EU 28820368 65 EU 149164968 66 EU 34292528 67 EU 54222072 
13 CHAIN 12 EU 176160768 68 EU 149164968 69 NA 66605352 70 EU 176160768 71 EU 149164968 
14 CHAIN 13 EU 1064960 72 EU 34292528 73 EU 54222072 74 EU 149164968 75 EU 176160768 
15 CHAIN 14 EU 149164968 76 EU 54222072 77 EU 149164968 78 EU 55892616 79 NA 48067448 
16 CHAIN 15 NA 24371136 80 EU 149164968 81 EU 48375432 82 NA 48067448 83 EU 149164968 
17 CHAIN 16 EU 1638400 84 NA 66605352 85 EU 43927184 86 EU 149164968 87 NA 66605352 
18 CHAIN 17 EU 149164968 88 NA 9216000 89 EU 28672000 90 EU 28820368 91 EU 43927184 
19 CHAIN 18 EU 28820368 92 EU 56255160 93 EU 34292528 94 EU 28820368 95 EU 149164968 
20 CHAIN 19 NA 8044008 96 EU 48375432 97 EU 54222072 98 EU 56255160 99 NA 24371136 
