0 BRANCH 0 NA 66605352 1 EU 54222072 2 EU 149164968 3 EU 34292528 4 EU 4096000 5 EU 149164968 6 EU 55892616 7 NA 48067448 8 EU 149164968 9 EU 34292528 10 NA 48067448 11 EU 149164968 12 EU 176160768 13 EU 3178584 14 EU 56255160 15 EU 19660800 16 EU 2457600 17 EU 56255160 18 EU 48375432 19 EU 176160768 
1 CHAIN 0 NA 66605352 20 EU 149164968 21 NA 24371136 22 NA 4194304 23 EU 149164968 
2 CHAIN 1 EU 54222072 24 NA 66605352 25 EU 4096000 26 EU 56255160 27 EU 34292528 
3 CHAIN 2 EU 149164968 28 NA 8044008 29 EU 56255160 30 NA 41636560 31 NA 48067448 
4 CHAIN 3 EU 34292528 32 EU 149164968 33 EU 48375432 34 EU 43927184 35 EU 56255160 
5 CHAIN 4 EU 4096000 36 NA 66605352 37 EU 43927184 38 EU 149164968 39 EU 19660800 
6 CHAIN 5 EU 149164968 40 EU 28820368 41 EU 149164968 42 EU 16777216 43 NA 41636560 
7 CHAIN 6 EU 55892616 44 EU 56255160 45 EU 55892616 46 EU 34292528 47 EU 56255160 
8 CHAIN 7 NA 48067448 48 EU 16777216 49 NA 4194304 50 EU 56255160 51 EU 55892616 
9 CHAIN 8 EU 149164968 52 NA 5079504 53 EU 149164968 54 EU 176160768 55 NA 13480656 
10 CHAIN 9 EU 34292528 56 EU 56255160 57 EU 16777216 58 EU 54222072 59 EU 56255160 
11 CHAIN 10 NA 48067448 60 EU 34292528 61 NA 13480656 62 EU 28672000 63 EU 176160768 
12 CHAIN 11 EU 149164968 64 EU 34292528 65 EU 149164968 66 EU 55892616 67 EU 54222072 
13 CHAIN 12 EU 176160768 68 EU 149164968 69 EU 55892616 70 EU 3178584 71 EU 28672000 
14 CHAIN 13 EU 3178584 72 EU 55892616 73 EU 43927184 74 EU 149164968 75 EU 48375432 
15 CHAIN 14 EU 56255160 76 NA 48067448 77 EU 56255160 78 EU 48375432 79 NA 8388608 
16 CHAIN 15 EU 19660800 80 EU 149164968 81 EU 48375432 82 NA 5079504 83 EU 56255160 
17 CHAIN 16 EU 2457600 84 NA 41636560 85 NA 48067448 86 EU 149164968 87 EU 48375432 
18 CHAIN 17 EU 56255160 88 EU 54222072 89 EU 56255160 90 EU 34292528 91 NA 66605352 
19 CHAIN 18 EU 48375432 92 EU 149164968 93 EU 34292528 94 EU 28820368 95 EU 2097152 
20 CHAIN 19 EU 176160768 96 EU 28820368 97 EU 43927184 98 EU 149164968 99 NA 66605352 
