0 BRANCH 0 EU 176160768 1 NA 48067448 2 EU 149164968 3 NA 24371136 4 NA 8044008 5 EU 56255160 6 EU 28820368 7 NA 13480656 8 EU 11591680 9 EU 55892616 10 EU 54222072 11 EU 56255160 12 NA 24371136 13 EU 54222072 14 EU 28672000 15 NA 24371136 16 EU 6296704 17 EU 56255160 18 NA 24371136 19 NA 48067448 
1 CHAIN 0 EU 176160768 20 EU 149164968 21 NA 41636560 22 EU 34292528 23 EU 149164968 
2 CHAIN 1 NA 48067448 24 NA 24371136 25 NA 8044008 26 EU 149164968 27 EU 55892616 
3 CHAIN 2 EU 149164968 28 NA 9216000 29 EU 149164968 30 NA 66605352 31 EU 4096000 
4 CHAIN 3 NA 24371136 32 EU 149164968 33 EU 48375432 34 NA 13480656 35 EU 149164968 
5 CHAIN 4 NA 8044008 36 EU 16777216 37 EU 55892616 38 EU 56255160 39 NA 41636560 
6 CHAIN 5 EU 56255160 40 NA 8044008 41 EU 149164968 42 EU 48375432 43 EU 43927184 
7 CHAIN 6 EU 28820368 44 EU 28672000 45 NA 41636560 46 NA 13480656 47 EU 11591680 
8 CHAIN 7 NA 13480656 48 EU 28820368 49 EU 54222072 50 EU 149164968 51 EU 176160768 
9 CHAIN 8 EU 11591680 52 EU 54222072 53 EU 56255160 54 NA 41636560 55 EU 43927184 
10 CHAIN 9 EU 55892616 56 EU 56255160 57 NA 66605352 58 EU 4096000 59 EU 149164968 
11 CHAIN 10 EU 54222072 60 EU 28820368 61 NA 48067448 62 EU 149164968 63 NA 41636560 
12 CHAIN 11 EU 56255160 64 NA 3391304 65 EU 149164968 66 EU 176160768 67 EU 43927184 
13 CHAIN 12 NA 24371136 68 EU 149164968 69 EU 48375432 70 EU 43927184 71 EU 149164968 
14 CHAIN 13 EU 54222072 72 EU 28820368 73 NA 4194304 74 EU 28672000 75 EU 48375432 
15 CHAIN 14 EU 28672000 76 EU 34292528 77 EU 149164968 78 NA 41636560 79 EU 34292528 
16 CHAIN 15 NA 24371136 80 EU 28672000 81 EU 28820368 82 EU 4096000 83 EU 149164968 
17 CHAIN 16 EU 6296704 84 EU 28820368 85 NA 8388608 86 EU 56255160 87 EU 55892616 
18 CHAIN 17 EU 56255160 88 EU 54222072 89 EU 28672000 90 EU 55892616 91 NA 48067448 
19 CHAIN 18 NA 24371136 92 EU 149164968 93 EU 55892616 94 EU 2457600 95 EU 56255160 
20 CHAIN 19 NA 48067448 96 EU 19660800 97 NA 48067448 98 EU 149164968 99 EU 176160768 
