0 BRANCH 0 EU 19660800 1 EU 43927184 2 EU 56255160 3 NA 41636560 4 NA 48067448 5 EU 149164968 6 EU 34292528 7 EU 48375432 8 EU 56255160 9 EU 176160768 10 EU 54222072 11 EU 149164968 12 NA 66605352 13 EU 2129920 14 EU 28672000 15 EU 176160768 16 EU 1064960 17 EU 56255160 18 EU 34292528 19 EU 55892616 
1 CHAIN 0 EU 19660800 20 EU 149164968 21 EU 55892616 22 NA 8044008 23 EU 56255160 
2 CHAIN 1 EU 43927184 24 EU 28820368 25 EU 4096000 26 EU 149164968 27 NA 66605352 
3 CHAIN 2 EU 56255160 28 NA 8388608 29 EU 28672000 30 EU 176160768 31 EU 34292528 
4 CHAIN 3 NA 41636560 32 EU 149164968 33 EU 55892616 34 NA 48067448 35 EU 11591680 
5 CHAIN 4 NA 48067448 36 NA 41636560 37 NA 66605352 38 EU 28672000 39 EU 34292528 
6 CHAIN 5 EU 149164968 40 NA 8388608 41 EU 56255160 42 NA 41636560 43 NA 24371136 
7 CHAIN 6 EU 34292528 44 EU 11591680 45 EU 34292528 46 EU 54222072 47 EU 56255160 
8 CHAIN 7 EU 48375432 48 EU 28820368 49 NA 8044008 50 EU 149164968 51 EU 48375432 
9 CHAIN 8 EU 56255160 52 EU 54222072 53 EU 56255160 54 NA 41636560 55 NA 4194304 
10 CHAIN 9 EU 176160768 56 EU 56255160 57 EU 55892616 58 EU 12288000 59 EU 149164968 
11 CHAIN 10 EU 54222072 60 NA 66605352 61 EU 54222072 62 EU 28672000 63 NA 24371136 
12 CHAIN 11 EU 149164968 64 EU 43927184 65 EU 149164968 66 EU 48375432 67 NA 48067448 
13 CHAIN 12 NA 66605352 68 EU 149164968 69 NA 41636560 70 EU 12288000 71 EU 149164968 
14 CHAIN 13 EU 2129920 72 EU 34292528 73 NA 13480656 74 EU 56255160 75 EU 48375432 
15 CHAIN 14 EU 28672000 76 EU 43927184 77 EU 149164968 78 EU 55892616 79 EU 43927184 
16 CHAIN 15 EU 176160768 80 EU 56255160 81 EU 176160768 82 NA 48067448 83 EU 56255160 
17 CHAIN 16 EU 1064960 84 EU 176160768 85 NA 48067448 86 EU 28672000 87 EU 19660800 
18 CHAIN 17 EU 56255160 88 NA 8044008 89 EU 28672000 90 NA 41636560 91 NA 8388608 
19 CHAIN 18 EU 34292528 92 EU 149164968 93 NA 41636560 94 EU 43927184 95 EU 149164968 
20 CHAIN 19 EU 55892616 96 EU 16777216 97 EU 4096000 98 EU 149164968 99 EU 16777216 
