0 BRANCH 0 EU 176160768 1 EU 1064960 2 EU 149164968 3 EU 48375432 4 EU 43927184 5 EU 28672000 6 EU 55892616 7 NA 48067448 8 EU 149164968 9 EU 34292528 10 EU 55892616 11 EU 56255160 12 NA 41636560 13 NA 4194304 14 EU 56255160 15 EU 176160768 16 EU 1638400 17 EU 149164968 18 EU 48375432 19 NA 41636560 
1 CHAIN 0 EU 176160768 20 EU 28672000 21 EU 176160768 22 EU 54222072 23 EU 56255160 
2 CHAIN 1 EU 1064960 24 EU 34292528 25 NA 66605352 26 EU 56255160 27 EU 176160768 
3 CHAIN 2 EU 149164968 28 NA 48067448 29 EU 149164968 30 NA 66605352 31 NA 48067448 
4 CHAIN 3 EU 48375432 32 EU 56255160 33 EU 48375432 34 NA 41636560 35 EU 56255160 
5 CHAIN 4 EU 43927184 36 EU 28820368 37 NA 48067448 38 EU 28672000 39 EU 176160768 
6 CHAIN 5 EU 28672000 40 EU 43927184 41 EU 149164968 42 EU 55892616 43 NA 13480656 
7 CHAIN 6 EU 55892616 44 EU 28672000 45 EU 176160768 46 EU 43927184 47 EU 56255160 
8 CHAIN 7 NA 48067448 48 EU 55892616 49 EU 34292528 50 EU 149164968 51 EU 48375432 
9 CHAIN 8 EU 149164968 52 NA 13480656 53 EU 56255160 54 EU 176160768 55 NA 4194304 
10 CHAIN 9 EU 34292528 56 EU 149164968 57 EU 48375432 58 EU 43927184 59 EU 149164968 
11 CHAIN 10 EU 55892616 60 EU 34292528 61 NA 9216000 62 EU 149164968 63 EU 34292528 
12 CHAIN 11 EU 56255160 64 EU 54222072 65 EU 11591680 66 NA 24371136 67 EU 176160768 
13 CHAIN 12 NA 41636560 68 EU 149164968 69 NA 66605352 70 EU 43927184 71 EU 149164968 
14 CHAIN 13 NA 4194304 72 EU 19660800 73 EU 1638400 74 EU 149164968 75 EU 48375432 
15 CHAIN 14 EU 56255160 76 EU 176160768 77 EU 11591680 78 NA 24371136 79 EU 19660800 
16 CHAIN 15 EU 176160768 80 EU 11591680 81 EU 48375432 82 NA 8388608 83 EU 56255160 
17 CHAIN 16 EU 1638400 84 EU 19660800 85 EU 55892616 86 EU 149164968 87 EU 19660800 
18 CHAIN 17 EU 149164968 88 NA 9216000 89 EU 149164968 90 NA 41636560 91 NA 5079504 
19 CHAIN 18 EU 48375432 92 EU 11591680 93 NA 66605352 94 EU 5898240 95 EU 56255160 
20 CHAIN 19 NA 41636560 96 EU 176160768 97 NA 5079504 98 EU 11591680 99 EU 55892616 
