0 BRANCH 0 EU 28820368 1 NA 48067448 2 EU 149164968 3 EU 28820368 4 EU 55892616 5 EU 28672000 6 EU 55892616 7 NA 8388608 8 EU 149164968 9 NA 66605352 10 EU 54222072 11 EU 56255160 12 EU 19660800 13 NA 5079504 14 EU 149164968 15 EU 55892616 16 NA 48067448 17 EU 149164968 18 EU 48375432 19 NA 48067448 
1 CHAIN 0 EU 28820368 20 EU 28672000 21 NA 66605352 22 NA 9216000 23 EU 28672000 
2 CHAIN 1 NA 48067448 24 NA 66605352 25 EU 43927184 26 EU 149164968 27 EU 176160768 
3 CHAIN 2 EU 149164968 28 EU 8192000 29 EU 149164968 30 NA 66605352 31 NA 48067448 
4 CHAIN 3 EU 28820368 32 EU 56255160 33 EU 28820368 34 NA 8388608 35 EU 56255160 
5 CHAIN 4 EU 55892616 36 NA 66605352 37 EU 34292528 38 EU 28672000 39 NA 41636560 
6 CHAIN 5 EU 28672000 40 NA 8044008 41 EU 28672000 42 EU 55892616 43 EU 54222072 
7 CHAIN 6 EU 55892616 44 EU 149164968 45 EU 176160768 46 EU 54222072 47 EU 56255160 
8 CHAIN 7 NA 8388608 48 EU 48375432 49 EU 28820368 50 EU 28672000 51 EU 48375432 
9 CHAIN 8 EU 149164968 52 NA 8388608 53 EU 28672000 54 EU 176160768 55 EU 54222072 
10 CHAIN 9 NA 66605352 56 EU 149164968 57 NA 41636560 58 EU 54222072 59 EU 149164968 
11 CHAIN 10 EU 54222072 60 EU 176160768 61 EU 54222072 62 EU 149164968 63 EU 176160768 
12 CHAIN 11 EU 56255160 64 EU 43927184 65 EU 149164968 66 EU 48375432 67 NA 66605352 
13 CHAIN 12 EU 19660800 68 EU 11591680 69 EU 48375432 70 EU 4096000 71 EU 149164968 
14 CHAIN 13 NA 5079504 72 EU 176160768 73 NA 66605352 74 EU 56255160 75 EU 34292528 
15 CHAIN 14 EU 149164968 76 EU 48375432 77 EU 56255160 78 NA 41636560 79 NA 48067448 
16 CHAIN 15 EU 55892616 80 EU 28672000 81 EU 34292528 82 EU 176160768 83 EU 56255160 
17 CHAIN 16 NA 48067448 84 EU 34292528 85 NA 48067448 86 EU 149164968 87 EU 48375432 
18 CHAIN 17 EU 149164968 88 NA 8044008 89 EU 149164968 90 NA 41636560 91 EU 1638400 
19 CHAIN 18 EU 48375432 92 EU 149164968 93 EU 176160768 94 NA 48067448 95 EU 56255160 
20 CHAIN 19 NA 48067448 96 EU 176160768 97 NA 48067448 98 EU 28672000 99 NA 41636560 
