0 BRANCH 0 EU 48375432 1 EU 43927184 2 EU 28672000 3 EU 28820368 4 NA 48067448 5 EU 149164968 6 EU 28820368 7 EU 55892616 8 EU 28672000 9 NA 66605352 10 EU 48375432 11 EU 56255160 12 EU 176160768 13 EU 12288000 14 EU 28672000 15 EU 48375432 16 EU 43927184 17 EU 11591680 18 NA 66605352 19 EU 28820368 
1 CHAIN 0 EU 48375432 20 EU 149164968 21 NA 66605352 22 EU 55892616 23 EU 149164968 
2 CHAIN 1 EU 43927184 24 NA 24371136 25 EU 48375432 26 EU 56255160 27 EU 16777216 
3 CHAIN 2 EU 28672000 28 NA 13480656 29 EU 149164968 30 EU 19660800 31 EU 176160768 
4 CHAIN 3 EU 28820368 32 EU 149164968 33 EU 176160768 34 NA 48067448 35 EU 11591680 
5 CHAIN 4 NA 48067448 36 EU 55892616 37 EU 54222072 38 EU 28672000 39 NA 41636560 
6 CHAIN 5 EU 149164968 40 EU 4096000 41 EU 149164968 42 EU 34292528 43 NA 66605352 
7 CHAIN 6 EU 28820368 44 EU 149164968 45 EU 16777216 46 NA 41636560 47 EU 56255160 
8 CHAIN 7 EU 55892616 48 EU 176160768 49 EU 12288000 50 EU 149164968 51 NA 66605352 
9 CHAIN 8 EU 28672000 52 EU 48375432 53 EU 149164968 54 EU 48375432 55 EU 43927184 
10 CHAIN 9 NA 66605352 56 EU 149164968 57 EU 34292528 58 EU 48375432 59 EU 28672000 
11 CHAIN 10 EU 48375432 60 NA 24371136 61 EU 43927184 62 EU 149164968 63 EU 16777216 
12 CHAIN 11 EU 56255160 64 NA 4194304 65 EU 56255160 66 NA 41636560 67 EU 8192000 
13 CHAIN 12 EU 176160768 68 EU 149164968 69 NA 24371136 70 EU 2048000 71 EU 56255160 
14 CHAIN 13 EU 12288000 72 EU 55892616 73 NA 13480656 74 EU 149164968 75 EU 28820368 
15 CHAIN 14 EU 28672000 76 EU 1638400 77 EU 56255160 78 NA 24371136 79 EU 43927184 
16 CHAIN 15 EU 48375432 80 EU 149164968 81 EU 48375432 82 NA 5079504 83 EU 56255160 
17 CHAIN 16 EU 43927184 84 NA 66605352 85 NA 9216000 86 EU 56255160 87 NA 66605352 
18 CHAIN 17 EU 11591680 88 EU 54222072 89 EU 149164968 90 NA 66605352 91 EU 176160768 
19 CHAIN 18 NA 66605352 92 EU 149164968 93 NA 66605352 94 EU 176160768 95 EU 149164968 
20 CHAIN 19 EU 28820368 96 NA 66605352 97 EU 54222072 98 EU 56255160 99 EU 48375432 
