0 BRANCH 0 EU 176160768 1 EU 54222072 2 EU 56255160 3 EU 19660800 4 NA 8388608 5 EU 56255160 6 EU 55892616 7 EU 8192000 8 EU 149164968 9 EU 176160768 10 EU 54222072 11 EU 149164968 12 EU 19660800 13 NA 8388608 14 EU 149164968 15 EU 176160768 16 EU 4096000 17 EU 56255160 18 EU 48375432 19 EU 176160768 
1 CHAIN 0 EU 176160768 20 EU 149164968 21 NA 41636560 22 EU 4096000 23 EU 56255160 
2 CHAIN 1 EU 54222072 24 NA 66605352 25 NA 41636560 26 EU 56255160 27 EU 55892616 
3 CHAIN 2 EU 56255160 28 EU 54222072 29 EU 149164968 30 NA 66605352 31 EU 1024000 
4 CHAIN 3 EU 19660800 32 EU 149164968 33 EU 176160768 34 EU 54222072 35 EU 149164968 
5 CHAIN 4 NA 8388608 36 NA 66605352 37 NA 48067448 38 EU 149164968 39 EU 34292528 
6 CHAIN 5 EU 56255160 40 EU 43927184 41 EU 149164968 42 EU 48375432 43 EU 54222072 
7 CHAIN 6 EU 55892616 44 EU 149164968 45 EU 34292528 46 NA 41636560 47 EU 28672000 
8 CHAIN 7 EU 8192000 48 EU 16777216 49 NA 66605352 50 EU 28672000 51 EU 28820368 
9 CHAIN 8 EU 149164968 52 EU 55892616 53 EU 149164968 54 NA 41636560 55 EU 19660800 
10 CHAIN 9 EU 176160768 56 EU 28672000 57 EU 28820368 58 EU 5898240 59 EU 28672000 
11 CHAIN 10 EU 54222072 60 NA 41636560 61 NA 4194304 62 EU 149164968 63 EU 19660800 
12 CHAIN 11 EU 149164968 64 NA 3391304 65 EU 149164968 66 EU 176160768 67 NA 5079504 
13 CHAIN 12 EU 19660800 68 EU 11591680 69 EU 176160768 70 NA 8044008 71 EU 149164968 
14 CHAIN 13 NA 8388608 72 EU 16777216 73 NA 48067448 74 EU 28672000 75 EU 28820368 
15 CHAIN 14 EU 149164968 76 EU 12288000 77 EU 56255160 78 NA 66605352 79 EU 8192000 
16 CHAIN 15 EU 176160768 80 EU 56255160 81 NA 66605352 82 EU 176160768 83 EU 149164968 
17 CHAIN 16 EU 4096000 84 EU 48375432 85 EU 28820368 86 EU 56255160 87 EU 16777216 
18 CHAIN 17 EU 56255160 88 EU 2457600 89 EU 56255160 90 EU 176160768 91 EU 48375432 
19 CHAIN 18 EU 48375432 92 EU 28672000 93 EU 55892616 94 EU 2457600 95 EU 149164968 
20 CHAIN 19 EU 176160768 96 EU 176160768 97 EU 12288000 98 EU 56255160 99 EU 176160768 
