0 BRANCH 0 NA 66605352 1 EU 54222072 2 EU 56255160 3 EU 48375432 4 NA 66605352 5 EU 28672000 6 EU 48375432 7 NA 9216000 8 EU 28672000 9 EU 176160768 10 EU 6296704 11 EU 11591680 12 EU 176160768 13 EU 5898240 14 EU 149164968 15 EU 176160768 16 EU 4096000 17 EU 149164968 18 EU 34292528 19 EU 54222072 
1 CHAIN 0 NA 66605352 20 EU 11591680 21 EU 176160768 22 EU 34292528 23 EU 149164968 
2 CHAIN 1 EU 54222072 24 EU 176160768 25 NA 66605352 26 EU 149164968 27 NA 41636560 
3 CHAIN 2 EU 56255160 28 EU 43927184 29 EU 56255160 30 EU 48375432 31 EU 4096000 
4 CHAIN 3 EU 48375432 32 EU 56255160 33 EU 176160768 34 EU 4096000 35 EU 149164968 
5 CHAIN 4 NA 66605352 36 EU 176160768 37 NA 48067448 38 EU 149164968 39 EU 55892616 
6 CHAIN 5 EU 28672000 40 EU 6296704 41 EU 56255160 42 EU 34292528 43 EU 176160768 
7 CHAIN 6 EU 48375432 44 EU 149164968 45 EU 48375432 46 EU 43927184 47 EU 149164968 
8 CHAIN 7 NA 9216000 48 EU 176160768 49 EU 2129920 50 EU 149164968 51 EU 34292528 
9 CHAIN 8 EU 28672000 52 EU 48375432 53 EU 149164968 54 EU 34292528 55 NA 48067448 
10 CHAIN 9 EU 176160768 56 EU 149164968 57 EU 28820368 58 EU 43927184 59 EU 56255160 
11 CHAIN 10 EU 6296704 60 EU 19660800 61 EU 28820368 62 EU 149164968 63 EU 48375432 
12 CHAIN 11 EU 11591680 64 EU 2129920 65 EU 28672000 66 EU 34292528 67 NA 66605352 
13 CHAIN 12 EU 176160768 68 EU 149164968 69 EU 48375432 70 NA 66605352 71 EU 11591680 
14 CHAIN 13 EU 5898240 72 EU 48375432 73 NA 48067448 74 EU 149164968 75 EU 55892616 
15 CHAIN 14 EU 149164968 76 NA 8388608 77 EU 56255160 78 EU 176160768 79 EU 54222072 
16 CHAIN 15 EU 176160768 80 EU 149164968 81 EU 55892616 82 NA 8044008 83 EU 56255160 
17 CHAIN 16 EU 4096000 84 EU 55892616 85 EU 43927184 86 EU 149164968 87 EU 48375432 
18 CHAIN 17 EU 149164968 88 EU 28820368 89 EU 56255160 90 NA 24371136 91 EU 34292528 
19 CHAIN 18 EU 34292528 92 EU 28672000 93 NA 41636560 94 NA 48067448 95 EU 149164968 
20 CHAIN 19 EU 54222072 96 NA 66605352 97 NA 4194304 98 EU 28672000 99 NA 41636560 
