0 BRANCH 0 EU 28820368 1 NA 48067448 2 EU 2097152 3 NA 66605352 4 EU 43927184 5 EU 56255160 6 EU 28820368 7 EU 16777216 8 EU 149164968 9 NA 24371136 10 EU 34292528 11 EU 28672000 12 EU 176160768 13 NA 5079504 14 EU 149164968 15 EU 34292528 16 EU 48375432 17 EU 28672000 18 EU 176160768 19 EU 48375432 
1 CHAIN 0 EU 28820368 20 EU 56255160 21 EU 176160768 22 NA 48067448 23 EU 56255160 
2 CHAIN 1 NA 48067448 24 NA 41636560 25 NA 8388608 26 EU 11591680 27 EU 55892616 
3 CHAIN 2 EU 2097152 28 EU 34292528 29 EU 56255160 30 EU 176160768 31 EU 4096000 
4 CHAIN 3 NA 66605352 32 EU 28672000 33 NA 66605352 34 NA 48067448 35 EU 149164968 
5 CHAIN 4 EU 43927184 36 EU 16777216 37 EU 43927184 38 EU 149164968 39 NA 41636560 
6 CHAIN 5 EU 56255160 40 NA 4194304 41 EU 149164968 42 EU 48375432 43 EU 2129920 
7 CHAIN 6 EU 28820368 44 EU 28672000 45 EU 176160768 46 NA 13480656 47 EU 149164968 
8 CHAIN 7 EU 16777216 48 EU 55892616 49 EU 54222072 50 EU 56255160 51 NA 41636560 
9 CHAIN 8 EU 149164968 52 EU 43927184 53 EU 28672000 54 EU 55892616 55 EU 54222072 
10 CHAIN 9 NA 24371136 56 EU 149164968 57 NA 66605352 58 NA 48067448 59 EU 56255160 
11 CHAIN 10 EU 34292528 60 EU 19660800 61 EU 176160768 62 EU 149164968 63 EU 48375432 
12 CHAIN 11 EU 28672000 64 EU 54222072 65 EU 28672000 66 NA 66605352 67 NA 13480656 
13 CHAIN 12 EU 176160768 68 EU 2097152 69 EU 55892616 70 EU 43927184 71 EU 149164968 
14 CHAIN 13 NA 5079504 72 EU 19660800 73 EU 5898240 74 EU 56255160 75 EU 28820368 
15 CHAIN 14 EU 149164968 76 EU 12288000 77 EU 149164968 78 EU 19660800 79 EU 48375432 
16 CHAIN 15 EU 34292528 80 EU 56255160 81 EU 16777216 82 EU 54222072 83 EU 56255160 
17 CHAIN 16 EU 48375432 84 NA 66605352 85 NA 48067448 86 EU 149164968 87 EU 28820368 
18 CHAIN 17 EU 28672000 88 NA 48067448 89 EU 149164968 90 NA 66605352 91 NA 8388608 
19 CHAIN 18 EU 176160768 92 EU 149164968 93 NA 41636560 94 EU 5898240 95 EU 149164968 
20 CHAIN 19 EU 48375432 96 NA 66605352 97 EU 176160768 98 EU 149164968 99 EU 55892616 
