0 BRANCH 0 EU 28820368 1 EU 12288000 2 EU 149164968 3 NA 24371136 4 EU 176160768 5 EU 28672000 6 EU 28820368 7 NA 48067448 8 EU 11591680 9 NA 66605352 10 EU 19660800 11 EU 56255160 12 NA 24371136 13 EU 19660800 14 EU 56255160 15 EU 16777216 16 NA 48067448 17 EU 56255160 18 EU 19660800 19 EU 4096000 
1 CHAIN 0 EU 28820368 20 EU 56255160 21 EU 34292528 22 NA 9216000 23 EU 56255160 
2 CHAIN 1 EU 12288000 24 EU 16777216 25 EU 12288000 26 EU 56255160 27 EU 55892616 
3 CHAIN 2 EU 149164968 28 NA 13480656 29 EU 11591680 30 EU 34292528 31 EU 54222072 
4 CHAIN 3 NA 24371136 32 EU 56255160 33 NA 66605352 34 NA 13480656 35 EU 149164968 
5 CHAIN 4 EU 176160768 36 EU 176160768 37 EU 4096000 38 EU 149164968 39 EU 19660800 
6 CHAIN 5 EU 28672000 40 EU 54222072 41 EU 56255160 42 NA 41636560 43 EU 176160768 
7 CHAIN 6 EU 28820368 44 EU 149164968 45 EU 34292528 46 NA 66605352 47 EU 56255160 
8 CHAIN 7 NA 48067448 48 NA 66605352 49 NA 41636560 50 EU 11591680 51 EU 48375432 
9 CHAIN 8 EU 11591680 52 NA 8044008 53 EU 56255160 54 NA 41636560 55 EU 54222072 
10 CHAIN 9 NA 66605352 56 EU 149164968 57 NA 24371136 58 EU 12288000 59 EU 149164968 
11 CHAIN 10 EU 19660800 60 NA 66605352 61 EU 6296704 62 EU 149164968 63 EU 48375432 
12 CHAIN 11 EU 56255160 64 EU 28820368 65 EU 149164968 66 EU 16777216 67 EU 4096000 
13 CHAIN 12 NA 24371136 68 EU 56255160 69 NA 41636560 70 EU 43927184 71 EU 56255160 
14 CHAIN 13 EU 19660800 72 EU 176160768 73 NA 4194304 74 EU 28672000 75 EU 176160768 
15 CHAIN 14 EU 56255160 76 NA 48067448 77 EU 149164968 78 EU 176160768 79 EU 28820368 
16 CHAIN 15 EU 16777216 80 EU 149164968 81 NA 24371136 82 EU 12288000 83 EU 149164968 
17 CHAIN 16 NA 48067448 84 NA 41636560 85 EU 43927184 86 EU 28672000 87 EU 55892616 
18 CHAIN 17 EU 56255160 88 EU 43927184 89 EU 56255160 90 NA 66605352 91 NA 8044008 
19 CHAIN 18 EU 19660800 92 EU 149164968 93 NA 66605352 94 EU 28820368 95 EU 149164968 
20 CHAIN 19 EU 4096000 96 EU 34292528 97 EU 176160768 98 EU 149164968 99 EU 16777216 
