0 BRANCH 0 EU 34292528 1 NA 48067448 2 EU 56255160 3 NA 66605352 4 NA 41636560 5 EU 11591680 6 NA 66605352 7 EU 54222072 8 EU 56255160 9 NA 24371136 10 EU 2457600 11 EU 149164968 12 EU 28820368 13 NA 41636560 14 EU 149164968 15 EU 34292528 16 EU 43927184 17 EU 56255160 18 NA 66605352 19 EU 54222072 
1 CHAIN 0 EU 34292528 20 EU 149164968 21 EU 48375432 22 EU 4096000 23 EU 28672000 
2 CHAIN 1 NA 48067448 24 EU 55892616 25 NA 48067448 26 EU 11591680 27 EU 176160768 
3 CHAIN 2 EU 56255160 28 EU 34292528 29 EU 149164968 30 EU 19660800 31 EU 1638400 
4 CHAIN 3 NA 66605352 32 EU 149164968 33 NA 41636560 34 EU 34292528 35 EU 149164968 
5 CHAIN 4 NA 41636560 36 EU 55892616 37 EU 43927184 38 EU 56255160 39 EU 48375432 
6 CHAIN 5 EU 11591680 40 EU 54222072 41 EU 149164968 42 EU 176160768 43 NA 48067448 
7 CHAIN 6 NA 66605352 44 EU 149164968 45 EU 34292528 46 EU 176160768 47 EU 149164968 
8 CHAIN 7 EU 54222072 48 NA 66605352 49 NA 48067448 50 EU 149164968 51 NA 24371136 
9 CHAIN 8 EU 56255160 52 NA 1605632 53 EU 149164968 54 EU 55892616 55 NA 48067448 
10 CHAIN 9 NA 24371136 56 EU 149164968 57 EU 176160768 58 NA 66605352 59 EU 149164968 
11 CHAIN 10 EU 2457600 60 EU 55892616 61 EU 48375432 62 EU 149164968 63 NA 66605352 
12 CHAIN 11 EU 149164968 64 NA 8388608 65 EU 56255160 66 NA 24371136 67 NA 66605352 
13 CHAIN 12 EU 28820368 68 EU 28672000 69 EU 34292528 70 EU 43927184 71 EU 149164968 
14 CHAIN 13 NA 41636560 72 EU 19660800 73 EU 1638400 74 EU 149164968 75 EU 55892616 
15 CHAIN 14 EU 149164968 76 NA 9216000 77 EU 28672000 78 EU 28820368 79 NA 48067448 
16 CHAIN 15 EU 34292528 80 EU 56255160 81 EU 19660800 82 EU 176160768 83 EU 149164968 
17 CHAIN 16 EU 43927184 84 EU 19660800 85 EU 43927184 86 EU 28672000 87 EU 176160768 
18 CHAIN 17 EU 56255160 88 EU 12288000 89 EU 149164968 90 EU 48375432 91 EU 1638400 
19 CHAIN 18 NA 66605352 92 EU 149164968 93 NA 66605352 94 EU 54222072 95 EU 149164968 
20 CHAIN 19 EU 54222072 96 NA 66605352 97 EU 54222072 98 EU 28672000 99 NA 66605352 
