0 BRANCH 0 EU 176160768 1 EU 6296704 2 EU 56255160 3 NA 24371136 4 NA 66605352 5 EU 149164968 6 EU 34292528 7 EU 43927184 8 EU 56255160 9 NA 66605352 10 EU 43927184 11 EU 149164968 12 EU 34292528 13 NA 8044008 14 EU 56255160 15 NA 66605352 16 EU 12288000 17 EU 149164968 18 EU 176160768 19 EU 43927184 
1 CHAIN 0 EU 176160768 20 EU 56255160 21 NA 24371136 22 NA 48067448 23 EU 149164968 
2 CHAIN 1 EU 6296704 24 EU 176160768 25 EU 43927184 26 EU 149164968 27 EU 48375432 
3 CHAIN 2 EU 56255160 28 EU 54222072 29 EU 56255160 30 EU 176160768 31 EU 54222072 
4 CHAIN 3 NA 24371136 32 EU 149164968 33 EU 34292528 34 EU 176160768 35 EU 149164968 
5 CHAIN 4 NA 66605352 36 EU 48375432 37 EU 43927184 38 EU 149164968 39 EU 55892616 
6 CHAIN 5 EU 149164968 40 NA 4194304 41 EU 28672000 42 NA 66605352 43 EU 43927184 
7 CHAIN 6 EU 34292528 44 EU 28672000 45 EU 48375432 46 NA 13480656 47 EU 149164968 
8 CHAIN 7 EU 43927184 48 NA 66605352 49 NA 48067448 50 EU 56255160 51 EU 48375432 
9 CHAIN 8 EU 56255160 52 EU 54222072 53 EU 149164968 54 NA 24371136 55 EU 48375432 
10 CHAIN 9 NA 66605352 56 EU 56255160 57 NA 66605352 58 NA 9216000 59 EU 56255160 
11 CHAIN 10 EU 43927184 60 EU 48375432 61 NA 3391304 62 EU 149164968 63 EU 176160768 
12 CHAIN 11 EU 149164968 64 NA 48067448 65 EU 56255160 66 EU 28820368 67 NA 48067448 
13 CHAIN 12 EU 34292528 68 EU 56255160 69 EU 48375432 70 EU 176160768 71 EU 149164968 
14 CHAIN 13 NA 8044008 72 NA 66605352 73 EU 1024000 74 EU 149164968 75 EU 34292528 
15 CHAIN 14 EU 56255160 76 EU 54222072 77 EU 149164968 78 EU 48375432 79 EU 43927184 
16 CHAIN 15 NA 66605352 80 EU 56255160 81 EU 34292528 82 EU 4096000 83 EU 56255160 
17 CHAIN 16 EU 12288000 84 EU 16777216 85 EU 19660800 86 EU 149164968 87 EU 16777216 
18 CHAIN 17 EU 149164968 88 EU 54222072 89 EU 149164968 90 EU 19660800 91 EU 54222072 
19 CHAIN 18 EU 176160768 92 EU 149164968 93 NA 66605352 94 NA 48067448 95 EU 56255160 
20 CHAIN 19 EU 43927184 96 EU 28820368 97 NA 9216000 98 EU 56255160 99 EU 19660800 
