0 BRANCH 0 EU 34292528 1 EU 4096000 2 EU 56255160 3 EU 16777216 4 EU 43927184 5 EU 149164968 6 EU 28820368 7 EU 176160768 8 EU 56255160 9 NA 41636560 10 EU 3178584 11 EU 56255160 12 EU 34292528 13 NA 24371136 14 EU 56255160 15 EU 48375432 16 EU 54222072 17 EU 11591680 18 EU 55892616 19 EU 54222072 
1 CHAIN 0 EU 34292528 20 EU 11591680 21 NA 24371136 22 NA 4194304 23 EU 149164968 
2 CHAIN 1 EU 4096000 24 NA 66605352 25 EU 819200 26 EU 149164968 27 NA 24371136 
3 CHAIN 2 EU 56255160 28 EU 819200 29 EU 56255160 30 EU 176160768 31 NA 9216000 
4 CHAIN 3 EU 16777216 32 EU 28672000 33 EU 48375432 34 EU 43927184 35 EU 149164968 
5 CHAIN 4 EU 43927184 36 NA 41636560 37 EU 16777216 38 EU 56255160 39 EU 48375432 
6 CHAIN 5 EU 149164968 40 EU 6296704 41 EU 28672000 42 EU 28820368 43 NA 48067448 
7 CHAIN 6 EU 28820368 44 EU 149164968 45 EU 16777216 46 EU 54222072 47 EU 28672000 
8 CHAIN 7 EU 176160768 48 EU 48375432 49 EU 43927184 50 EU 149164968 51 NA 66605352 
9 CHAIN 8 EU 56255160 52 EU 8192000 53 EU 56255160 54 EU 19660800 55 EU 34292528 
10 CHAIN 9 NA 41636560 56 EU 149164968 57 NA 66605352 58 EU 3178584 59 EU 56255160 
11 CHAIN 10 EU 3178584 60 NA 24371136 61 NA 48067448 62 EU 149164968 63 EU 16777216 
12 CHAIN 11 EU 56255160 64 NA 9216000 65 EU 149164968 66 EU 48375432 67 NA 5079504 
13 CHAIN 12 EU 34292528 68 EU 56255160 69 NA 24371136 70 EU 19660800 71 EU 11591680 
14 CHAIN 13 NA 24371136 72 NA 24371136 73 NA 8388608 74 EU 56255160 75 NA 41636560 
15 CHAIN 14 EU 56255160 76 NA 24371136 77 EU 149164968 78 EU 176160768 79 EU 54222072 
16 CHAIN 15 EU 48375432 80 EU 149164968 81 EU 55892616 82 EU 819200 83 EU 28672000 
17 CHAIN 16 EU 54222072 84 EU 19660800 85 EU 54222072 86 EU 56255160 87 NA 66605352 
18 CHAIN 17 EU 11591680 88 NA 48067448 89 EU 56255160 90 EU 55892616 91 EU 54222072 
19 CHAIN 18 EU 55892616 92 EU 28672000 93 EU 176160768 94 EU 48375432 95 EU 149164968 
20 CHAIN 19 EU 54222072 96 EU 34292528 97 NA 13480656 98 EU 149164968 99 NA 66605352 
