0 BRANCH 0 EU 48375432 1 NA 24371136 2 EU 56255160 3 NA 41636560 4 NA 48067448 5 EU 149164968 6 EU 48375432 7 NA 41636560 8 EU 149164968 9 EU 176160768 10 EU 54222072 11 EU 56255160 12 NA 66605352 13 EU 54222072 14 EU 56255160 15 EU 176160768 16 NA 48067448 17 EU 149164968 18 NA 24371136 19 EU 176160768 
1 CHAIN 0 EU 48375432 20 EU 56255160 21 NA 66605352 22 EU 54222072 23 EU 149164968 
2 CHAIN 1 NA 24371136 24 EU 28820368 25 EU 43927184 26 EU 28672000 27 NA 66605352 
3 CHAIN 2 EU 56255160 28 EU 1638400 29 EU 56255160 30 EU 48375432 31 NA 48067448 
4 CHAIN 3 NA 41636560 32 EU 149164968 33 NA 24371136 34 NA 48067448 35 EU 56255160 
5 CHAIN 4 NA 48067448 36 NA 66605352 37 NA 13480656 38 EU 149164968 39 EU 55892616 
6 CHAIN 5 EU 149164968 40 NA 48067448 41 EU 28672000 42 NA 41636560 43 NA 13480656 
7 CHAIN 6 EU 48375432 44 EU 149164968 45 NA 66605352 46 EU 4096000 47 EU 149164968 
8 CHAIN 7 NA 41636560 48 EU 16777216 49 EU 43927184 50 EU 149164968 51 NA 24371136 
9 CHAIN 8 EU 149164968 52 EU 6296704 53 EU 56255160 54 NA 24371136 55 EU 54222072 
10 CHAIN 9 EU 176160768 56 EU 149164968 57 EU 19660800 58 EU 54222072 59 EU 149164968 
11 CHAIN 10 EU 54222072 60 NA 66605352 61 EU 34292528 62 EU 56255160 63 EU 16777216 
12 CHAIN 11 EU 56255160 64 EU 176160768 65 EU 149164968 66 EU 19660800 67 NA 66605352 
13 CHAIN 12 NA 66605352 68 EU 56255160 69 NA 24371136 70 NA 66605352 71 EU 28672000 
14 CHAIN 13 EU 54222072 72 NA 66605352 73 EU 43927184 74 EU 56255160 75 EU 48375432 
15 CHAIN 14 EU 56255160 76 NA 66605352 77 EU 28672000 78 NA 66605352 79 NA 8388608 
16 CHAIN 15 EU 176160768 80 EU 149164968 81 EU 48375432 82 EU 176160768 83 EU 149164968 
17 CHAIN 16 NA 48067448 84 EU 16777216 85 EU 2048000 86 EU 149164968 87 EU 16777216 
18 CHAIN 17 EU 149164968 88 EU 2457600 89 EU 56255160 90 EU 176160768 91 EU 16777216 
19 CHAIN 18 NA 24371136 92 EU 56255160 93 EU 19660800 94 EU 55892616 95 EU 56255160 
20 CHAIN 19 EU 176160768 96 EU 48375432 97 NA 48067448 98 EU 149164968 99 EU 19660800 
