0 BRANCH 0 EU 55892616 1 EU 28820368 2 EU 149164968 3 NA 41636560 4 EU 43927184 5 EU 28672000 6 EU 48375432 7 EU 176160768 8 EU 28672000 9 EU 34292528 10 EU 55892616 11 EU 28672000 12 EU 19660800 13 EU 43927184 14 EU 149164968 15 EU 176160768 16 EU 43927184 17 EU 56255160 18 NA 41636560 19 EU 2048000 
1 CHAIN 0 EU 55892616 20 EU 149164968 21 EU 176160768 22 NA 48067448 23 EU 149164968 
2 CHAIN 1 EU 28820368 24 EU 16777216 25 EU 12288000 26 EU 56255160 27 EU 48375432 
3 CHAIN 2 EU 149164968 28 NA 48067448 29 EU 149164968 30 EU 55892616 31 EU 12288000 
4 CHAIN 3 NA 41636560 32 EU 149164968 33 NA 66605352 34 NA 5079504 35 EU 56255160 
5 CHAIN 4 EU 43927184 36 EU 19660800 37 NA 9216000 38 EU 28672000 39 EU 19660800 
6 CHAIN 5 EU 28672000 40 EU 8192000 41 EU 28672000 42 NA 24371136 43 NA 48067448 
7 CHAIN 6 EU 48375432 44 EU 28672000 45 NA 24371136 46 EU 55892616 47 EU 149164968 
8 CHAIN 7 EU 176160768 48 EU 176160768 49 NA 48067448 50 EU 56255160 51 EU 48375432 
9 CHAIN 8 EU 28672000 52 NA 48067448 53 EU 56255160 54 NA 41636560 55 EU 5898240 
10 CHAIN 9 EU 34292528 56 EU 28672000 57 EU 55892616 58 EU 5898240 59 EU 56255160 
11 CHAIN 10 EU 55892616 60 EU 176160768 61 NA 8388608 62 EU 149164968 63 EU 55892616 
12 CHAIN 11 EU 28672000 64 NA 48067448 65 EU 56255160 66 NA 66605352 67 NA 48067448 
13 CHAIN 12 EU 19660800 68 EU 28672000 69 EU 19660800 70 EU 16777216 71 EU 56255160 
14 CHAIN 13 EU 43927184 72 NA 41636560 73 NA 8388608 74 EU 149164968 75 EU 48375432 
15 CHAIN 14 EU 149164968 76 NA 8388608 77 EU 11591680 78 EU 48375432 79 EU 8192000 
16 CHAIN 15 EU 176160768 80 EU 28672000 81 EU 48375432 82 EU 43927184 83 EU 149164968 
17 CHAIN 16 EU 43927184 84 EU 28820368 85 NA 48067448 86 EU 149164968 87 NA 66605352 
18 CHAIN 17 EU 56255160 88 EU 54222072 89 EU 149164968 90 NA 41636560 91 EU 12288000 
19 CHAIN 18 NA 41636560 92 EU 28672000 93 EU 28820368 94 NA 9216000 95 EU 2097152 
20 CHAIN 19 EU 2048000 96 NA 24371136 97 EU 55892616 98 EU 56255160 99 EU 48375432 
