0 BRANCH 0 EU 176160768 1 NA 8388608 2 EU 56255160 3 NA 41636560 4 EU 54222072 5 EU 149164968 6 EU 48375432 7 NA 24371136 8 EU 56255160 9 NA 66605352 10 NA 5079504 11 EU 56255160 12 EU 16777216 13 EU 54222072 14 EU 28672000 15 EU 48375432 16 EU 1638400 17 EU 56255160 18 EU 48375432 19 EU 8192000 
1 CHAIN 0 EU 176160768 20 EU 149164968 21 EU 176160768 22 EU 43927184 23 EU 149164968 
2 CHAIN 1 NA 8388608 24 EU 176160768 25 EU 28820368 26 EU 149164968 27 EU 176160768 
3 CHAIN 2 EU 56255160 28 NA 48067448 29 EU 149164968 30 EU 176160768 31 NA 1605632 
4 CHAIN 3 NA 41636560 32 EU 28672000 33 NA 66605352 34 EU 8192000 35 EU 56255160 
5 CHAIN 4 EU 54222072 36 NA 66605352 37 NA 1605632 38 EU 56255160 39 EU 48375432 
6 CHAIN 5 EU 149164968 40 EU 55892616 41 EU 149164968 42 NA 66605352 43 EU 43927184 
7 CHAIN 6 EU 48375432 44 EU 149164968 45 EU 19660800 46 EU 28820368 47 EU 56255160 
8 CHAIN 7 NA 24371136 48 EU 48375432 49 NA 48067448 50 EU 56255160 51 EU 34292528 
9 CHAIN 8 EU 56255160 52 EU 55892616 53 EU 56255160 54 NA 66605352 55 EU 54222072 
10 CHAIN 9 NA 66605352 56 EU 149164968 57 EU 176160768 58 NA 66605352 59 EU 149164968 
11 CHAIN 10 NA 5079504 60 EU 28820368 61 EU 12288000 62 EU 149164968 63 NA 41636560 
12 CHAIN 11 EU 56255160 64 EU 3178584 65 EU 149164968 66 EU 28820368 67 EU 43927184 
13 CHAIN 12 EU 16777216 68 EU 28672000 69 NA 24371136 70 NA 48067448 71 EU 149164968 
14 CHAIN 13 EU 54222072 72 EU 176160768 73 EU 12288000 74 EU 56255160 75 EU 34292528 
15 CHAIN 14 EU 28672000 76 EU 819200 77 EU 28672000 78 EU 34292528 79 EU 55892616 
16 CHAIN 15 EU 48375432 80 EU 56255160 81 NA 24371136 82 EU 176160768 83 EU 56255160 
17 CHAIN 16 EU 1638400 84 EU 48375432 85 NA 8044008 86 EU 149164968 87 NA 66605352 
18 CHAIN 17 EU 56255160 88 EU 55892616 89 EU 56255160 90 NA 66605352 91 NA 48067448 
19 CHAIN 18 EU 48375432 92 EU 149164968 93 EU 28820368 94 EU 54222072 95 EU 149164968 
20 CHAIN 19 EU 8192000 96 EU 48375432 97 NA 66605352 98 EU 28672000 99 NA 41636560 
