0 BRANCH 0 EU 34292528 1 EU 43927184 2 EU 56255160 3 EU 176160768 4 EU 819200 5 EU 56255160 6 EU 16777216 7 EU 43927184 8 EU 149164968 9 EU 28820368 10 NA 8044008 11 EU 149164968 12 NA 66605352 13 EU 8192000 14 EU 149164968 15 NA 66605352 16 NA 48067448 17 EU 149164968 18 EU 28820368 19 EU 8192000 
1 CHAIN 0 EU 34292528 20 EU 149164968 21 EU 34292528 22 NA 48067448 23 EU 28672000 
2 CHAIN 1 EU 43927184 24 EU 176160768 25 EU 1638400 26 EU 28672000 27 EU 55892616 
3 CHAIN 2 EU 56255160 28 EU 54222072 29 EU 56255160 30 EU 176160768 31 NA 9216000 
4 CHAIN 3 EU 176160768 32 EU 28672000 33 NA 41636560 34 NA 48067448 35 EU 28672000 
5 CHAIN 4 EU 819200 36 EU 34292528 37 NA 48067448 38 EU 149164968 39 EU 19660800 
6 CHAIN 5 EU 56255160 40 EU 1024000 41 EU 56255160 42 NA 66605352 43 EU 12288000 
7 CHAIN 6 EU 16777216 44 EU 11591680 45 NA 41636560 46 NA 24371136 47 EU 11591680 
8 CHAIN 7 EU 43927184 48 EU 55892616 49 EU 54222072 50 EU 149164968 51 NA 66605352 
9 CHAIN 8 EU 149164968 52 EU 4096000 53 EU 149164968 54 EU 34292528 55 EU 48375432 
10 CHAIN 9 EU 28820368 56 EU 56255160 57 EU 176160768 58 EU 54222072 59 EU 56255160 
11 CHAIN 10 NA 8044008 60 NA 24371136 61 NA 48067448 62 EU 56255160 63 NA 66605352 
12 CHAIN 11 EU 149164968 64 NA 5079504 65 EU 149164968 66 EU 48375432 67 EU 54222072 
13 CHAIN 12 NA 66605352 68 EU 56255160 69 NA 66605352 70 EU 48375432 71 EU 11591680 
14 CHAIN 13 EU 8192000 72 NA 24371136 73 EU 54222072 74 EU 149164968 75 NA 41636560 
15 CHAIN 14 EU 149164968 76 NA 48067448 77 EU 149164968 78 EU 28820368 79 NA 4194304 
16 CHAIN 15 NA 66605352 80 EU 149164968 81 NA 41636560 82 EU 48375432 83 EU 149164968 
17 CHAIN 16 NA 48067448 84 EU 16777216 85 EU 8192000 86 EU 149164968 87 EU 55892616 
18 CHAIN 17 EU 149164968 88 EU 43927184 89 EU 11591680 90 NA 41636560 91 NA 8388608 
19 CHAIN 18 EU 28820368 92 EU 149164968 93 NA 41636560 94 EU 54222072 95 EU 56255160 
20 CHAIN 19 EU 8192000 96 EU 55892616 97 NA 48067448 98 EU 56255160 99 EU 16777216 
