0 BRANCH 0 EU 16777216 1 EU 54222072 2 EU 149164968 3 EU 176160768 4 EU 1064960 5 EU 56255160 6 EU 19660800 7 NA 8388608 8 EU 56255160 9 EU 19660800 10 EU 54222072 11 EU 56255160 12 NA 66605352 13 EU 12288000 14 EU 11591680 15 EU 28820368 16 NA 48067448 17 EU 149164968 18 EU 55892616 19 NA 8388608 
1 CHAIN 0 EU 16777216 20 EU 149164968 21 NA 41636560 22 EU 43927184 23 EU 56255160 
2 CHAIN 1 EU 54222072 24 NA 66605352 25 EU 54222072 26 EU 2097152 27 NA 41636560 
3 CHAIN 2 EU 149164968 28 EU 34292528 29 EU 149164968 30 NA 41636560 31 EU 3178584 
4 CHAIN 3 EU 176160768 32 EU 28672000 33 NA 66605352 34 EU 54222072 35 EU 56255160 
5 CHAIN 4 EU 1064960 36 EU 16777216 37 EU 43927184 38 EU 56255160 39 EU 176160768 
6 CHAIN 5 EU 56255160 40 EU 54222072 41 EU 56255160 42 EU 28820368 43 NA 13480656 
7 CHAIN 6 EU 19660800 44 EU 149164968 45 EU 48375432 46 NA 66605352 47 EU 149164968 
8 CHAIN 7 NA 8388608 48 EU 176160768 49 EU 1064960 50 EU 149164968 51 NA 24371136 
9 CHAIN 8 EU 56255160 52 NA 13480656 53 EU 149164968 54 EU 34292528 55 EU 48375432 
10 CHAIN 9 EU 19660800 56 EU 11591680 57 NA 66605352 58 EU 54222072 59 EU 56255160 
11 CHAIN 10 EU 54222072 60 EU 48375432 61 EU 34292528 62 EU 56255160 63 NA 66605352 
12 CHAIN 11 EU 56255160 64 EU 4096000 65 EU 149164968 66 NA 66605352 67 EU 54222072 
13 CHAIN 12 NA 66605352 68 EU 28672000 69 EU 28820368 70 EU 43927184 71 EU 56255160 
14 CHAIN 13 EU 12288000 72 EU 176160768 73 EU 43927184 74 EU 56255160 75 NA 66605352 
15 CHAIN 14 EU 11591680 76 EU 55892616 77 EU 56255160 78 EU 28820368 79 EU 1638400 
16 CHAIN 15 EU 28820368 80 EU 56255160 81 NA 66605352 82 EU 55892616 83 EU 56255160 
17 CHAIN 16 NA 48067448 84 EU 28820368 85 NA 41636560 86 EU 11591680 87 EU 176160768 
18 CHAIN 17 EU 149164968 88 EU 28820368 89 EU 56255160 90 EU 55892616 91 EU 43927184 
19 CHAIN 18 EU 55892616 92 EU 11591680 93 EU 28820368 94 NA 48067448 95 EU 149164968 
20 CHAIN 19 NA 8388608 96 NA 66605352 97 EU 43927184 98 EU 56255160 99 EU 48375432 
