0 BRANCH 0 EU 34292528 1 EU 2457600 2 EU 56255160 3 NA 66605352 4 EU 5898240 5 EU 149164968 6 EU 48375432 7 EU 176160768 8 EU 28672000 9 NA 66605352 10 EU 54222072 11 EU 149164968 12 EU 48375432 13 NA 9216000 14 EU 28672000 15 EU 176160768 16 EU 12288000 17 EU 28672000 18 NA 41636560 19 NA 8388608 
1 CHAIN 0 EU 34292528 20 EU 28672000 21 EU 48375432 22 EU 54222072 23 EU 56255160 
2 CHAIN 1 EU 2457600 24 EU 48375432 25 NA 41636560 26 EU 28672000 27 NA 66605352 
3 CHAIN 2 EU 56255160 28 EU 819200 29 EU 149164968 30 NA 24371136 31 NA 48067448 
4 CHAIN 3 NA 66605352 32 EU 56255160 33 EU 28820368 34 NA 8044008 35 EU 149164968 
5 CHAIN 4 EU 5898240 36 NA 24371136 37 EU 54222072 38 EU 28672000 39 EU 19660800 
6 CHAIN 5 EU 149164968 40 NA 48067448 41 EU 28672000 42 EU 176160768 43 NA 9216000 
7 CHAIN 6 EU 48375432 44 EU 56255160 45 NA 66605352 46 EU 54222072 47 EU 56255160 
8 CHAIN 7 EU 176160768 48 EU 28820368 49 NA 13480656 50 EU 56255160 51 EU 16777216 
9 CHAIN 8 EU 28672000 52 EU 43927184 53 EU 149164968 54 NA 66605352 55 NA 48067448 
10 CHAIN 9 NA 66605352 56 EU 56255160 57 EU 34292528 58 EU 54222072 59 EU 28672000 
11 CHAIN 10 EU 54222072 60 EU 176160768 61 NA 41636560 62 EU 149164968 63 EU 16777216 
12 CHAIN 11 EU 149164968 64 NA 48067448 65 EU 56255160 66 NA 66605352 67 EU 12288000 
13 CHAIN 12 EU 48375432 68 EU 11591680 69 EU 48375432 70 NA 48067448 71 EU 56255160 
14 CHAIN 13 NA 9216000 72 EU 34292528 73 EU 55892616 74 EU 11591680 75 EU 48375432 
15 CHAIN 14 EU 28672000 76 NA 8044008 77 EU 56255160 78 NA 66605352 79 NA 24371136 
16 CHAIN 15 EU 176160768 80 EU 56255160 81 NA 24371136 82 EU 28820368 83 EU 149164968 
17 CHAIN 16 EU 12288000 84 EU 34292528 85 EU 176160768 86 EU 149164968 87 EU 28820368 
18 CHAIN 17 EU 28672000 88 EU 43927184 89 EU 149164968 90 EU 55892616 91 NA 41636560 
19 CHAIN 18 NA 41636560 92 EU 149164968 93 EU 176160768 94 NA 48067448 95 EU 149164968 
20 CHAIN 19 NA 8388608 96 NA 66605352 97 EU 28820368 98 EU 149164968 99 EU 34292528 
