0 BRANCH 0 EU 55892616 1 NA 8388608 2 EU 56255160 3 EU 28820368 4 EU 4096000 5 EU 149164968 6 NA 66605352 
1 CHAIN 0 EU 55892616 7 NA 1605632 8 EU 28672000 9 EU 176160768 10 EU 6296704 11 EU 56255160 12 EU 19660800 13 EU 43927184 
2 CHAIN 1 NA 8388608 14 EU 149164968 15 EU 48375432 16 NA 13480656 17 EU 149164968 18 EU 28820368 19 EU 55892616 20 EU 28672000 
3 CHAIN 2 EU 56255160 21 EU 48375432 22 EU 2048000 23 EU 149164968 24 EU 28820368 25 NA 8388608 26 EU 149164968 27 EU 28820368 
4 CHAIN 3 EU 28820368 28 EU 12288000 29 EU 28672000 30 NA 66605352 31 EU 6296704 32 EU 149164968 33 EU 176160768 34 EU 48375432 
5 CHAIN 4 EU 4096000 35 EU 56255160 36 EU 34292528 37 EU 4096000 38 EU 149164968 39 NA 66605352 40 NA 48067448 41 EU 149164968 
6 CHAIN 5 EU 149164968 42 EU 34292528 43 NA 48067448 44 EU 56255160 45 NA 66605352 46 EU 54222072 47 EU 149164968 48 EU 48375432 
7 CHAIN 6 NA 66605352 49 EU 43927184 50 EU 149164968 51 EU 34292528 52 EU 6296704 53 EU 56255160 54 EU 48375432 55 NA 48067448 
8 HIDDEN_BRANCH 0 EU 55892616 56 EU 149164968 57 NA 24371136 58 NA 3391304 59 EU 11591680 
9 HIDDEN_BRANCH 1 NA 8388608 60 NA 24371136 61 EU 34292528 62 EU 56255160 63 EU 176160768 
10 HIDDEN_BRANCH 2 EU 56255160 64 NA 8044008 65 EU 149164968 66 EU 48375432 67 EU 54222072 
11 HIDDEN_BRANCH 3 EU 28820368 68 EU 149164968 69 EU 55892616 70 NA 66605352 71 EU 56255160 
12 HIDDEN_BRANCH 4 EU 4096000 72 NA 41636560 73 EU 55892616 74 EU 28672000 75 EU 28820368 
13 HIDDEN_BRANCH 5 EU 149164968 76 NA 13480656 77 EU 56255160 78 NA 66605352 79 EU 3178584 
14 HIDDEN_BRANCH 6 NA 66605352 80 EU 28672000 81 EU 34292528 82 NA 66605352 83 EU 56255160 
15 HIDDEN_CHAIN 7 NA 1605632 84 NA 24371136 85 EU 6296704 86 EU 56255160 87 EU 34292528 
16 HIDDEN_CHAIN 8 EU 28672000 88 NA 41636560 89 EU 149164968 90 EU 55892616 91 NA 5079504 
17 HIDDEN_CHAIN 9 EU 176160768 92 EU 11591680 93 EU 16777216 94 EU 43927184 95 EU 149164968 
18 HIDDEN_CHAIN 10 EU 6296704 96 EU 176160768 97 EU 43927184 98 EU 149164968 99 EU 176160768 
19 HIDDEN_CHAIN 11 EU 56255160 100 EU 54222072 101 EU 149164968 102 EU 48375432 103 NA 41636560 
20 HIDDEN_CHAIN 12 EU 19660800 104 EU 149164968 105 EU 48375432 106 NA 13480656 107 EU 149164968 
21 HIDDEN_CHAIN 13 EU 43927184 108 EU 55892616 109 EU 34292528 110 EU 56255160 111 NA 66605352 
22 HIDDEN_CHAIN 14 EU 149164968 112 NA 48067448 113 EU 56255160 114 EU 28820368 115 NA 48067448 
23 HIDDEN_CHAIN 15 EU 48375432 116 EU 149164968 117 NA 66605352 118 NA 41636560 119 EU 149164968 
24 HIDDEN_CHAIN 16 NA 13480656 120 EU 176160768 121 EU 43927184 122 EU 149164968 123 EU 28820368 
25 HIDDEN_CHAIN 17 EU 149164968 124 NA 41636560 125 EU 28672000 126 EU 176160768 127 EU 54222072 
26 HIDDEN_CHAIN 18 EU 28820368 128 EU 149164968 129 EU 19660800 130 NA 41636560 131 EU 2097152 
27 HIDDEN_CHAIN 19 EU 55892616 132 EU 16777216 133 NA 48067448 134 EU 56255160 135 EU 55892616 
28 HIDDEN_CHAIN 20 EU 28672000 136 NA 48067448 137 EU 149164968 138 EU 19660800 139 NA 8388608 
29 HIDDEN_CHAIN 21 EU 48375432 140 EU 149164968 141 NA 24371136 142 EU 2048000 143 EU 56255160 
30 HIDDEN_CHAIN 22 EU 2048000 144 EU 16777216 145 EU 34292528 146 EU 28672000 147 EU 55892616 
31 HIDDEN_CHAIN 23 EU 149164968 148 EU 54222072 149 EU 149164968 150 EU 48375432 151 NA 66605352 
32 HIDDEN_CHAIN 24 EU 28820368 152 EU 149164968 153 NA 66605352 154 EU 54222072 155 EU 56255160 
33 HIDDEN_CHAIN 25 NA 8388608 156 EU 28820368 157 EU 43927184 158 EU 28672000 159 EU 176160768 
34 HIDDEN_CHAIN 26 EU 149164968 160 EU 12288000 161 EU 149164968 162 EU 16777216 163 EU 176160768 
35 HIDDEN_CHAIN 27 EU 28820368 164 EU 56255160 165 EU 176160768 166 EU 54222072 167 EU 11591680 
36 HIDDEN_CHAIN 28 EU 12288000 168 EU 34292528 169 EU 48375432 170 EU 56255160 171 EU 48375432 
37 HIDDEN_CHAIN 29 EU 28672000 172 EU 12288000 173 EU 56255160 174 EU 19660800 175 EU 176160768 
38 HIDDEN_CHAIN 30 NA 66605352 176 EU 149164968 177 EU 34292528 178 NA 8044008 179 EU 56255160 
39 HIDDEN_CHAIN 31 EU 6296704 180 NA 41636560 181 NA 8388608 182 EU 149164968 183 EU 34292528 
40 HIDDEN_CHAIN 32 EU 149164968 184 NA 8388608 185 EU 56255160 186 EU 55892616 187 NA 48067448 
41 HIDDEN_CHAIN 33 EU 176160768 188 EU 56255160 189 NA 41636560 190 EU 34292528 191 EU 149164968 
42 HIDDEN_CHAIN 34 EU 48375432 192 EU 55892616 193 EU 4096000 194 EU 149164968 195 EU 34292528 
43 HIDDEN_CHAIN 35 EU 56255160 196 NA 8388608 197 EU 56255160 198 EU 19660800 199 NA 48067448 
44 HIDDEN_CHAIN 36 EU 34292528 200 EU 149164968 201 EU 28820368 202 NA 4194304 203 EU 149164968 
45 HIDDEN_CHAIN 37 EU 4096000 204 NA 66605352 205 NA 8388608 206 EU 149164968 207 NA 66605352 
46 HIDDEN_CHAIN 38 EU 149164968 208 EU 12288000 209 EU 56255160 210 NA 66605352 211 EU 54222072 
47 HIDDEN_CHAIN 39 NA 66605352 212 EU 149164968 213 NA 66605352 214 EU 54222072 215 EU 149164968 
48 HIDDEN_CHAIN 40 NA 48067448 216 NA 41636560 217 EU 43927184 218 EU 149164968 219 NA 66605352 
49 HIDDEN_CHAIN 41 EU 149164968 220 EU 43927184 221 EU 11591680 222 EU 55892616 223 NA 4194304 
50 HIDDEN_CHAIN 42 EU 34292528 224 EU 149164968 225 EU 176160768 226 EU 28820368 227 EU 149164968 
51 HIDDEN_CHAIN 43 NA 48067448 228 EU 16777216 229 EU 2129920 230 EU 56255160 231 EU 34292528 
52 HIDDEN_CHAIN 44 EU 56255160 232 NA 13480656 233 EU 56255160 234 EU 55892616 235 NA 48067448 
53 HIDDEN_CHAIN 45 NA 66605352 236 EU 28672000 237 EU 48375432 238 EU 12288000 239 EU 149164968 
54 HIDDEN_CHAIN 46 EU 54222072 240 NA 66605352 241 NA 48067448 242 EU 56255160 243 EU 48375432 
55 HIDDEN_CHAIN 47 EU 149164968 244 EU 6296704 245 EU 28672000 246 EU 19660800 247 NA 8044008 
56 HIDDEN_CHAIN 48 EU 48375432 248 EU 28672000 249 EU 19660800 250 NA 48067448 251 EU 149164968 
57 HIDDEN_CHAIN 49 EU 43927184 252 EU 176160768 253 EU 43927184 254 EU 149164968 255 EU 19660800 
58 HIDDEN_CHAIN 50 EU 149164968 256 NA 66605352 257 EU 149164968 258 NA 41636560 259 NA 8044008 
59 HIDDEN_CHAIN 51 EU 34292528 260 EU 56255160 261 EU 55892616 262 EU 43927184 263 EU 11591680 
60 HIDDEN_CHAIN 52 EU 6296704 264 EU 55892616 265 EU 43927184 266 EU 56255160 267 NA 24371136 
61 HIDDEN_CHAIN 53 EU 56255160 268 EU 34292528 269 EU 56255160 270 NA 41636560 271 EU 43927184 
62 HIDDEN_CHAIN 54 EU 48375432 272 EU 149164968 273 EU 16777216 274 EU 12288000 275 EU 149164968 
63 HIDDEN_CHAIN 55 NA 48067448 276 NA 41636560 277 NA 66605352 278 EU 149164968 279 EU 48375432 
