0 BRANCH 0 NA 66605352 1 EU 43927184 2 EU 11591680 3 EU 48375432 4 EU 43927184 5 EU 28672000 6 EU 176160768 
1 CHAIN 0 NA 66605352 7 EU 28820368 8 EU 56255160 9 NA 66605352 10 NA 13480656 11 EU 149164968 12 NA 66605352 13 EU 2457600 
2 CHAIN 1 EU 43927184 14 EU 149164968 15 EU 48375432 16 EU 54222072 17 NA 819200 18 EU 28820368 19 NA 13480656 20 EU 11591680 
3 CHAIN 2 EU 11591680 21 EU 19660800 22 EU 43927184 23 EU 149164968 24 EU 55892616 25 NA 48067448 26 EU 56255160 27 EU 48375432 
4 CHAIN 3 EU 48375432 28 EU 54222072 29 EU 149164968 30 EU 176160768 31 EU 28820368 32 EU 149164968 33 EU 34292528 34 EU 176160768 
5 CHAIN 4 EU 43927184 35 EU 149164968 36 EU 19660800 37 EU 176160768 38 EU 149164968 39 EU 34292528 40 EU 12288000 41 EU 149164968 
6 CHAIN 5 EU 28672000 42 EU 48375432 43 EU 3178584 44 EU 56255160 45 EU 19660800 46 EU 54222072 47 EU 149164968 48 EU 19660800 
7 CHAIN 6 EU 176160768 49 EU 28820368 50 EU 56255160 51 EU 28820368 52 EU 43927184 53 EU 149164968 54 NA 41636560 55 EU 43927184 
8 HIDDEN_BRANCH 0 NA 66605352 56 EU 11591680 57 EU 176160768 58 EU 54222072 59 EU 56255160 
9 HIDDEN_BRANCH 1 EU 43927184 60 NA 24371136 61 NA 48067448 62 EU 149164968 63 NA 66605352 
10 HIDDEN_BRANCH 2 EU 11591680 64 EU 34292528 65 EU 56255160 66 NA 41636560 67 EU 8192000 
11 HIDDEN_BRANCH 3 EU 48375432 68 EU 149164968 69 EU 48375432 70 NA 48067448 71 EU 56255160 
12 HIDDEN_BRANCH 4 EU 43927184 72 EU 28820368 73 EU 4096000 74 EU 149164968 75 EU 176160768 
13 HIDDEN_BRANCH 5 EU 28672000 76 EU 8192000 77 EU 149164968 78 EU 55892616 79 NA 48067448 
14 HIDDEN_BRANCH 6 EU 176160768 80 EU 56255160 81 EU 176160768 82 NA 48067448 83 EU 56255160 
15 HIDDEN_CHAIN 7 EU 28820368 84 EU 19660800 85 EU 4096000 86 EU 56255160 87 EU 55892616 
16 HIDDEN_CHAIN 8 EU 56255160 88 NA 66605352 89 EU 28672000 90 NA 24371136 91 NA 48067448 
17 HIDDEN_CHAIN 9 NA 66605352 92 EU 149164968 93 NA 41636560 94 NA 48067448 95 EU 11591680 
18 HIDDEN_CHAIN 10 NA 13480656 96 EU 28820368 97 NA 66605352 98 EU 56255160 99 EU 55892616 
19 HIDDEN_CHAIN 11 EU 149164968 100 EU 43927184 101 EU 56255160 102 EU 16777216 103 EU 48375432 
20 HIDDEN_CHAIN 12 NA 66605352 104 EU 149164968 105 EU 55892616 106 NA 48067448 107 EU 28672000 
21 HIDDEN_CHAIN 13 EU 2457600 108 NA 24371136 109 EU 54222072 110 EU 11591680 111 NA 41636560 
22 HIDDEN_CHAIN 14 EU 149164968 112 EU 43927184 113 EU 56255160 114 EU 34292528 115 NA 48067448 
23 HIDDEN_CHAIN 15 EU 48375432 116 EU 149164968 117 NA 24371136 118 NA 66605352 119 EU 56255160 
24 HIDDEN_CHAIN 16 EU 54222072 120 NA 66605352 121 NA 48067448 122 EU 149164968 123 EU 34292528 
25 HIDDEN_CHAIN 17 NA 819200 124 EU 54222072 125 EU 56255160 126 EU 28820368 127 NA 48067448 
26 HIDDEN_CHAIN 18 EU 28820368 128 EU 11591680 129 EU 19660800 130 EU 1024000 131 EU 56255160 
27 HIDDEN_CHAIN 19 NA 13480656 132 EU 48375432 133 EU 12288000 134 EU 149164968 135 NA 24371136 
28 HIDDEN_CHAIN 20 EU 11591680 136 NA 1605632 137 EU 149164968 138 EU 34292528 139 NA 48067448 
29 HIDDEN_CHAIN 21 EU 19660800 140 EU 56255160 141 NA 66605352 142 EU 8192000 143 EU 149164968 
30 HIDDEN_CHAIN 22 EU 43927184 144 EU 176160768 145 NA 8388608 146 EU 56255160 147 EU 34292528 
31 HIDDEN_CHAIN 23 EU 149164968 148 EU 5898240 149 EU 149164968 150 EU 34292528 151 NA 66605352 
32 HIDDEN_CHAIN 24 EU 55892616 152 EU 149164968 153 EU 55892616 154 EU 4096000 155 EU 56255160 
33 HIDDEN_CHAIN 25 NA 48067448 156 EU 176160768 157 NA 48067448 158 EU 56255160 159 EU 176160768 
34 HIDDEN_CHAIN 26 EU 56255160 160 EU 34292528 161 EU 56255160 162 EU 48375432 163 EU 54222072 
35 HIDDEN_CHAIN 27 EU 48375432 164 EU 56255160 165 EU 55892616 166 EU 48375432 167 EU 149164968 
36 HIDDEN_CHAIN 28 EU 54222072 168 NA 24371136 169 EU 54222072 170 EU 56255160 171 EU 48375432 
37 HIDDEN_CHAIN 29 EU 149164968 172 EU 43927184 173 EU 28672000 174 NA 66605352 175 EU 8192000 
38 HIDDEN_CHAIN 30 EU 176160768 176 EU 28672000 177 EU 19660800 178 NA 8388608 179 EU 149164968 
39 HIDDEN_CHAIN 31 EU 28820368 180 EU 55892616 181 EU 43927184 182 EU 28672000 183 EU 48375432 
40 HIDDEN_CHAIN 32 EU 149164968 184 NA 13480656 185 EU 56255160 186 EU 176160768 187 EU 48375432 
41 HIDDEN_CHAIN 33 EU 34292528 188 EU 149164968 189 EU 34292528 190 EU 54222072 191 EU 28672000 
42 HIDDEN_CHAIN 34 EU 176160768 192 EU 176160768 193 EU 19660800 194 EU 149164968 195 NA 66605352 
43 HIDDEN_CHAIN 35 EU 149164968 196 EU 176160768 197 EU 11591680 198 EU 34292528 199 NA 41636560 
44 HIDDEN_CHAIN 36 EU 19660800 200 EU 56255160 201 EU 16777216 202 NA 4194304 203 EU 56255160 
45 HIDDEN_CHAIN 37 EU 176160768 204 EU 176160768 205 EU 43927184 206 EU 28672000 207 NA 41636560 
46 HIDDEN_CHAIN 38 EU 149164968 208 EU 48375432 209 EU 56255160 210 EU 176160768 211 EU 1638400 
47 HIDDEN_CHAIN 39 EU 34292528 212 EU 149164968 213 EU 55892616 214 EU 43927184 215 EU 149164968 
48 HIDDEN_CHAIN 40 EU 12288000 216 EU 19660800 217 EU 1638400 218 EU 149164968 219 NA 24371136 
49 HIDDEN_CHAIN 41 EU 149164968 220 EU 28820368 221 EU 56255160 222 NA 66605352 223 EU 54222072 
50 HIDDEN_CHAIN 42 EU 48375432 224 EU 11591680 225 NA 41636560 226 EU 6296704 227 EU 56255160 
51 HIDDEN_CHAIN 43 EU 3178584 228 NA 24371136 229 EU 12288000 230 EU 149164968 231 EU 176160768 
52 HIDDEN_CHAIN 44 EU 56255160 232 EU 2048000 233 EU 56255160 234 NA 41636560 235 NA 48067448 
53 HIDDEN_CHAIN 45 EU 19660800 236 EU 149164968 237 NA 66605352 238 EU 55892616 239 EU 56255160 
54 HIDDEN_CHAIN 46 EU 54222072 240 EU 34292528 241 NA 3391304 242 EU 149164968 243 EU 176160768 
55 HIDDEN_CHAIN 47 EU 149164968 244 EU 12288000 245 EU 149164968 246 NA 41636560 247 EU 54222072 
56 HIDDEN_CHAIN 48 EU 19660800 248 EU 149164968 249 EU 28820368 250 NA 13480656 251 EU 11591680 
57 HIDDEN_CHAIN 49 EU 28820368 252 NA 66605352 253 EU 43927184 254 EU 28672000 255 EU 176160768 
58 HIDDEN_CHAIN 50 EU 56255160 256 EU 54222072 257 EU 28672000 258 NA 41636560 259 NA 8388608 
59 HIDDEN_CHAIN 51 EU 28820368 260 EU 149164968 261 EU 55892616 262 EU 43927184 263 EU 56255160 
60 HIDDEN_CHAIN 52 EU 43927184 264 EU 55892616 265 EU 43927184 266 EU 11591680 267 EU 16777216 
61 HIDDEN_CHAIN 53 EU 149164968 268 NA 5079504 269 EU 56255160 270 NA 24371136 271 EU 2048000 
62 HIDDEN_CHAIN 54 NA 41636560 272 EU 56255160 273 EU 16777216 274 EU 55892616 275 EU 149164968 
63 HIDDEN_CHAIN 55 EU 43927184 276 EU 176160768 277 NA 13480656 278 EU 149164968 279 EU 48375432 
