0 BRANCH 0 NA 41636560 1 NA 8388608 2 EU 28672000 3 EU 48375432 4 NA 66605352 5 EU 56255160 6 EU 28820368 
1 CHAIN 0 NA 41636560 7 EU 54222072 8 EU 56255160 9 NA 66605352 10 EU 54222072 11 EU 149164968 12 NA 66605352 13 NA 9216000 
2 CHAIN 1 NA 8388608 14 EU 56255160 15 NA 66605352 16 EU 5898240 17 EU 56255160 18 EU 34292528 19 NA 66605352 20 EU 56255160 
3 CHAIN 2 EU 28672000 21 NA 41636560 22 NA 8388608 23 EU 149164968 24 NA 41636560 25 EU 19660800 26 EU 149164968 27 NA 66605352 
4 CHAIN 3 EU 48375432 28 NA 24371136 29 EU 56255160 30 EU 176160768 31 NA 8388608 32 EU 149164968 33 NA 66605352 34 EU 12288000 
5 CHAIN 4 NA 66605352 35 EU 149164968 36 EU 19660800 37 EU 48375432 38 EU 56255160 39 EU 19660800 40 EU 43927184 41 EU 149164968 
6 CHAIN 5 EU 56255160 42 EU 55892616 43 EU 43927184 44 EU 149164968 45 EU 48375432 46 NA 8388608 47 EU 11591680 48 EU 28820368 
7 CHAIN 6 EU 28820368 49 NA 13480656 50 EU 56255160 51 EU 28820368 52 EU 2048000 53 EU 56255160 54 EU 48375432 55 NA 8044008 
8 HIDDEN_BRANCH 0 NA 41636560 56 EU 2097152 57 EU 176160768 58 NA 5079504 59 EU 149164968 
9 HIDDEN_BRANCH 1 NA 8388608 60 EU 176160768 61 EU 34292528 62 EU 149164968 63 NA 41636560 
10 HIDDEN_BRANCH 2 EU 28672000 64 NA 13480656 65 EU 28672000 66 EU 28820368 67 NA 41636560 
11 HIDDEN_BRANCH 3 EU 48375432 68 EU 149164968 69 NA 66605352 70 EU 43927184 71 EU 56255160 
12 HIDDEN_BRANCH 4 NA 66605352 72 NA 66605352 73 EU 55892616 74 EU 149164968 75 EU 16777216 
13 HIDDEN_BRANCH 5 EU 56255160 76 EU 12288000 77 EU 56255160 78 NA 66605352 79 NA 13480656 
14 HIDDEN_BRANCH 6 EU 28820368 80 EU 149164968 81 NA 24371136 82 EU 43927184 83 EU 28672000 
15 HIDDEN_CHAIN 7 EU 54222072 84 EU 176160768 85 EU 4096000 86 EU 56255160 87 EU 55892616 
16 HIDDEN_CHAIN 8 EU 56255160 88 EU 2457600 89 EU 56255160 90 NA 66605352 91 EU 12288000 
17 HIDDEN_CHAIN 9 NA 66605352 92 EU 149164968 93 EU 28820368 94 NA 5079504 95 EU 149164968 
18 HIDDEN_CHAIN 10 EU 54222072 96 NA 41636560 97 EU 176160768 98 EU 56255160 99 NA 24371136 
19 HIDDEN_CHAIN 11 EU 149164968 100 NA 41636560 101 EU 149164968 102 NA 41636560 103 EU 54222072 
20 HIDDEN_CHAIN 12 NA 66605352 104 EU 149164968 105 EU 176160768 106 NA 24371136 107 EU 149164968 
21 HIDDEN_CHAIN 13 NA 9216000 108 EU 34292528 109 EU 48375432 110 EU 56255160 111 EU 16777216 
22 HIDDEN_CHAIN 14 EU 56255160 112 EU 48375432 113 EU 56255160 114 EU 176160768 115 EU 43927184 
23 HIDDEN_CHAIN 15 NA 66605352 116 EU 149164968 117 EU 176160768 118 EU 48375432 119 EU 56255160 
24 HIDDEN_CHAIN 16 EU 5898240 120 EU 48375432 121 NA 8044008 122 EU 56255160 123 EU 19660800 
25 HIDDEN_CHAIN 17 EU 56255160 124 EU 28820368 125 EU 149164968 126 EU 19660800 127 EU 1024000 
26 HIDDEN_CHAIN 18 EU 34292528 128 EU 56255160 129 NA 41636560 130 NA 48067448 131 EU 56255160 
27 HIDDEN_CHAIN 19 NA 66605352 132 EU 176160768 133 NA 48067448 134 EU 149164968 135 EU 176160768 
28 HIDDEN_CHAIN 20 EU 56255160 136 NA 48067448 137 EU 56255160 138 EU 34292528 139 EU 54222072 
29 HIDDEN_CHAIN 21 NA 41636560 140 EU 149164968 141 EU 34292528 142 EU 43927184 143 EU 56255160 
30 HIDDEN_CHAIN 22 NA 8388608 144 NA 41636560 145 NA 48067448 146 EU 56255160 147 EU 176160768 
31 HIDDEN_CHAIN 23 EU 149164968 148 NA 48067448 149 EU 56255160 150 EU 176160768 151 NA 48067448 
32 HIDDEN_CHAIN 24 NA 41636560 152 EU 149164968 153 EU 55892616 154 NA 41636560 155 EU 28672000 
33 HIDDEN_CHAIN 25 EU 19660800 156 EU 176160768 157 EU 12288000 158 EU 149164968 159 NA 41636560 
34 HIDDEN_CHAIN 26 EU 149164968 160 EU 176160768 161 EU 149164968 162 NA 66605352 163 EU 176160768 
35 HIDDEN_CHAIN 27 NA 66605352 164 EU 28672000 165 EU 19660800 166 NA 3391304 167 EU 149164968 
36 HIDDEN_CHAIN 28 NA 24371136 168 NA 66605352 169 EU 54222072 170 EU 149164968 171 EU 55892616 
37 HIDDEN_CHAIN 29 EU 56255160 172 EU 43927184 173 EU 28672000 174 EU 19660800 175 NA 8388608 
38 HIDDEN_CHAIN 30 EU 176160768 176 EU 149164968 177 EU 28820368 178 EU 2457600 179 EU 56255160 
39 HIDDEN_CHAIN 31 NA 8388608 180 EU 55892616 181 EU 12288000 182 EU 149164968 183 NA 24371136 
40 HIDDEN_CHAIN 32 EU 149164968 184 EU 176160768 185 EU 149164968 186 EU 48375432 187 EU 8192000 
41 HIDDEN_CHAIN 33 NA 66605352 188 EU 149164968 189 EU 48375432 190 EU 12288000 191 EU 56255160 
42 HIDDEN_CHAIN 34 EU 12288000 192 EU 48375432 193 EU 6296704 194 EU 149164968 195 NA 66605352 
43 HIDDEN_CHAIN 35 EU 149164968 196 EU 54222072 197 EU 56255160 198 NA 66605352 199 EU 54222072 
44 HIDDEN_CHAIN 36 EU 19660800 200 EU 56255160 201 NA 66605352 202 NA 13480656 203 EU 149164968 
45 HIDDEN_CHAIN 37 EU 48375432 204 EU 55892616 205 EU 54222072 206 EU 149164968 207 EU 176160768 
46 HIDDEN_CHAIN 38 EU 56255160 208 EU 48375432 209 EU 56255160 210 EU 55892616 211 EU 3178584 
47 HIDDEN_CHAIN 39 EU 19660800 212 EU 28672000 213 EU 16777216 214 EU 43927184 215 EU 149164968 
48 HIDDEN_CHAIN 40 EU 43927184 216 EU 19660800 217 EU 43927184 218 EU 28672000 219 EU 55892616 
49 HIDDEN_CHAIN 41 EU 149164968 220 NA 9216000 221 EU 149164968 222 EU 55892616 223 EU 43927184 
50 HIDDEN_CHAIN 42 EU 55892616 224 EU 11591680 225 EU 48375432 226 EU 55892616 227 EU 56255160 
51 HIDDEN_CHAIN 43 EU 43927184 228 NA 41636560 229 NA 48067448 230 EU 56255160 231 EU 55892616 
52 HIDDEN_CHAIN 44 EU 149164968 232 EU 43927184 233 EU 28672000 234 EU 28820368 235 EU 54222072 
53 HIDDEN_CHAIN 45 EU 48375432 236 EU 56255160 237 EU 55892616 238 NA 48067448 239 EU 149164968 
54 HIDDEN_CHAIN 46 NA 8388608 240 NA 41636560 241 NA 48067448 242 EU 56255160 243 NA 66605352 
55 HIDDEN_CHAIN 47 EU 11591680 244 EU 43927184 245 EU 149164968 246 EU 34292528 247 EU 176160768 
56 HIDDEN_CHAIN 48 EU 28820368 248 EU 149164968 249 EU 34292528 250 EU 54222072 251 EU 56255160 
57 HIDDEN_CHAIN 49 NA 13480656 252 NA 66605352 253 EU 54222072 254 EU 28672000 255 EU 16777216 
58 HIDDEN_CHAIN 50 EU 56255160 256 NA 13480656 257 EU 28672000 258 EU 55892616 259 EU 2457600 
59 HIDDEN_CHAIN 51 EU 28820368 260 EU 56255160 261 EU 48375432 262 NA 48067448 263 EU 149164968 
60 HIDDEN_CHAIN 52 EU 2048000 264 NA 41636560 265 NA 4194304 266 EU 149164968 267 NA 41636560 
61 HIDDEN_CHAIN 53 EU 56255160 268 NA 48067448 269 EU 149164968 270 EU 176160768 271 EU 34292528 
62 HIDDEN_CHAIN 54 EU 48375432 272 EU 56255160 273 NA 66605352 274 EU 43927184 275 EU 149164968 
63 HIDDEN_CHAIN 55 NA 8044008 276 NA 66605352 277 EU 55892616 278 EU 149164968 279 EU 176160768 
