0 BRANCH 0 NA 24371136 1 NA 48067448 2 EU 56255160 3 EU 19660800 4 NA 8044008 5 EU 149164968 6 NA 66605352 
1 CHAIN 0 NA 24371136 7 NA 5079504 8 EU 149164968 9 EU 16777216 10 EU 5898240 11 EU 149164968 12 EU 48375432 13 NA 8388608 
2 CHAIN 1 NA 48067448 14 EU 56255160 15 EU 176160768 16 EU 1064960 17 EU 149164968 18 EU 55892616 19 EU 8192000 20 EU 28672000 
3 CHAIN 2 EU 56255160 21 EU 34292528 22 EU 55892616 23 EU 56255160 24 NA 66605352 25 NA 5079504 26 EU 56255160 27 EU 16777216 
4 CHAIN 3 EU 19660800 28 EU 54222072 29 EU 28672000 30 EU 176160768 31 NA 5079504 32 EU 56255160 33 NA 24371136 34 EU 54222072 
5 CHAIN 4 NA 8044008 35 EU 149164968 36 EU 34292528 37 EU 43927184 38 EU 149164968 39 EU 48375432 40 NA 8044008 41 EU 56255160 
6 CHAIN 5 EU 149164968 42 NA 24371136 43 EU 54222072 44 EU 56255160 45 NA 66605352 46 NA 5079504 47 EU 149164968 48 NA 66605352 
7 CHAIN 6 NA 66605352 49 NA 13480656 50 EU 149164968 51 EU 34292528 52 NA 13480656 53 EU 56255160 54 EU 28820368 55 NA 48067448 
8 HIDDEN_BRANCH 0 NA 24371136 56 EU 28672000 57 NA 66605352 58 EU 54222072 59 EU 56255160 
9 HIDDEN_BRANCH 1 NA 48067448 60 EU 176160768 61 EU 43927184 62 EU 2097152 63 EU 28820368 
10 HIDDEN_BRANCH 2 EU 56255160 64 EU 54222072 65 EU 11591680 66 EU 19660800 67 EU 16777216 
11 HIDDEN_BRANCH 3 EU 19660800 68 EU 56255160 69 NA 66605352 70 EU 55892616 71 EU 56255160 
12 HIDDEN_BRANCH 4 NA 8044008 72 EU 176160768 73 NA 9216000 74 EU 28672000 75 EU 176160768 
13 HIDDEN_BRANCH 5 EU 149164968 76 NA 1605632 77 EU 149164968 78 EU 28820368 79 NA 9216000 
14 HIDDEN_BRANCH 6 NA 66605352 80 EU 149164968 81 EU 55892616 82 NA 48067448 83 EU 56255160 
15 HIDDEN_CHAIN 7 NA 5079504 84 EU 19660800 85 EU 54222072 86 EU 28672000 87 NA 41636560 
16 HIDDEN_CHAIN 8 EU 149164968 88 NA 66605352 89 EU 28672000 90 NA 66605352 91 EU 54222072 
17 HIDDEN_CHAIN 9 EU 16777216 92 EU 28672000 93 NA 24371136 94 NA 48067448 95 EU 149164968 
18 HIDDEN_CHAIN 10 EU 5898240 96 EU 28820368 97 EU 54222072 98 EU 56255160 99 EU 28820368 
19 HIDDEN_CHAIN 11 EU 149164968 100 EU 54222072 101 EU 56255160 102 EU 28820368 103 EU 54222072 
20 HIDDEN_CHAIN 12 EU 48375432 104 EU 149164968 105 NA 41636560 106 NA 13480656 107 EU 56255160 
21 HIDDEN_CHAIN 13 NA 8388608 108 NA 41636560 109 EU 12288000 110 EU 28672000 111 EU 34292528 
22 HIDDEN_CHAIN 14 EU 56255160 112 EU 43927184 113 EU 149164968 114 NA 24371136 115 EU 43927184 
23 HIDDEN_CHAIN 15 EU 176160768 116 EU 149164968 117 EU 48375432 118 EU 28820368 119 EU 149164968 
24 HIDDEN_CHAIN 16 EU 1064960 120 NA 66605352 121 EU 34292528 122 EU 11591680 123 EU 19660800 
25 HIDDEN_CHAIN 17 EU 149164968 124 EU 2048000 125 EU 11591680 126 EU 176160768 127 EU 54222072 
26 HIDDEN_CHAIN 18 EU 55892616 128 EU 11591680 129 NA 66605352 130 EU 176160768 131 EU 149164968 
27 HIDDEN_CHAIN 19 EU 8192000 132 EU 28820368 133 NA 48067448 134 EU 56255160 135 EU 176160768 
28 HIDDEN_CHAIN 20 EU 28672000 136 NA 66605352 137 EU 149164968 138 EU 48375432 139 EU 43927184 
29 HIDDEN_CHAIN 21 EU 34292528 140 EU 56255160 141 EU 176160768 142 NA 48067448 143 EU 28672000 
30 HIDDEN_CHAIN 22 EU 55892616 144 EU 55892616 145 EU 54222072 146 EU 56255160 147 EU 48375432 
31 HIDDEN_CHAIN 23 EU 56255160 148 EU 16777216 149 EU 56255160 150 EU 55892616 151 EU 54222072 
32 HIDDEN_CHAIN 24 NA 66605352 152 EU 56255160 153 EU 176160768 154 NA 24371136 155 EU 149164968 
33 HIDDEN_CHAIN 25 NA 5079504 156 EU 48375432 157 EU 54222072 158 EU 149164968 159 NA 66605352 
34 HIDDEN_CHAIN 26 EU 56255160 160 NA 24371136 161 EU 28672000 162 NA 66605352 163 NA 48067448 
35 HIDDEN_CHAIN 27 EU 16777216 164 EU 56255160 165 NA 41636560 166 EU 5898240 167 EU 149164968 
36 HIDDEN_CHAIN 28 EU 54222072 168 EU 34292528 169 EU 6296704 170 EU 56255160 171 EU 176160768 
37 HIDDEN_CHAIN 29 EU 28672000 172 EU 48375432 173 EU 149164968 174 EU 48375432 175 EU 176160768 
38 HIDDEN_CHAIN 30 EU 176160768 176 EU 2097152 177 NA 66605352 178 NA 48067448 179 EU 56255160 
39 HIDDEN_CHAIN 31 NA 5079504 180 EU 34292528 181 NA 9216000 182 EU 149164968 183 NA 41636560 
40 HIDDEN_CHAIN 32 EU 56255160 184 NA 8388608 185 EU 149164968 186 EU 55892616 187 EU 48375432 
41 HIDDEN_CHAIN 33 NA 24371136 188 EU 149164968 189 NA 66605352 190 EU 54222072 191 EU 56255160 
42 HIDDEN_CHAIN 34 EU 54222072 192 NA 66605352 193 EU 43927184 194 EU 56255160 195 NA 24371136 
43 HIDDEN_CHAIN 35 EU 149164968 196 EU 176160768 197 EU 149164968 198 EU 55892616 199 EU 54222072 
44 HIDDEN_CHAIN 36 EU 34292528 200 EU 149164968 201 EU 16777216 202 EU 54222072 203 EU 56255160 
45 HIDDEN_CHAIN 37 EU 43927184 204 NA 66605352 205 EU 43927184 206 EU 56255160 207 NA 66605352 
46 HIDDEN_CHAIN 38 EU 149164968 208 NA 13480656 209 EU 56255160 210 EU 34292528 211 EU 16777216 
47 HIDDEN_CHAIN 39 EU 48375432 212 EU 149164968 213 NA 41636560 214 EU 54222072 215 EU 149164968 
48 HIDDEN_CHAIN 40 NA 8044008 216 NA 66605352 217 EU 12288000 218 EU 11591680 219 NA 41636560 
49 HIDDEN_CHAIN 41 EU 56255160 220 NA 13480656 221 EU 56255160 222 EU 28820368 223 EU 2457600 
50 HIDDEN_CHAIN 42 NA 24371136 224 EU 149164968 225 EU 176160768 226 NA 9216000 227 EU 149164968 
51 HIDDEN_CHAIN 43 EU 54222072 228 EU 34292528 229 NA 66605352 230 EU 56255160 231 NA 41636560 
52 HIDDEN_CHAIN 44 EU 56255160 232 EU 54222072 233 EU 56255160 234 EU 19660800 235 EU 54222072 
53 HIDDEN_CHAIN 45 NA 66605352 236 EU 28672000 237 EU 176160768 238 EU 48375432 239 EU 56255160 
54 HIDDEN_CHAIN 46 NA 5079504 240 NA 66605352 241 EU 1638400 242 EU 149164968 243 NA 66605352 
55 HIDDEN_CHAIN 47 EU 149164968 244 NA 48067448 245 EU 149164968 246 EU 19660800 247 EU 2457600 
56 HIDDEN_CHAIN 48 NA 66605352 248 EU 149164968 249 NA 41636560 250 NA 66605352 251 EU 56255160 
57 HIDDEN_CHAIN 49 NA 13480656 252 NA 24371136 253 NA 3391304 254 EU 56255160 255 EU 16777216 
58 HIDDEN_CHAIN 50 EU 149164968 256 NA 8044008 257 EU 149164968 258 EU 19660800 259 EU 54222072 
59 HIDDEN_CHAIN 51 EU 34292528 260 EU 28672000 261 EU 16777216 262 EU 55892616 263 EU 149164968 
60 HIDDEN_CHAIN 52 NA 13480656 264 EU 16777216 265 EU 43927184 266 EU 56255160 267 EU 28820368 
61 HIDDEN_CHAIN 53 EU 56255160 268 NA 48067448 269 EU 149164968 270 EU 34292528 271 NA 48067448 
62 HIDDEN_CHAIN 54 EU 28820368 272 EU 149164968 273 NA 41636560 274 EU 54222072 275 EU 149164968 
63 HIDDEN_CHAIN 55 NA 48067448 276 EU 176160768 277 EU 54222072 278 EU 149164968 279 NA 66605352 
