0 BRANCH 0 EU 28820368 1 NA 13480656 2 EU 149164968 3 NA 41636560 4 NA 8388608 5 EU 28672000 6 EU 176160768 
1 CHAIN 0 EU 28820368 7 NA 41636560 8 EU 56255160 9 EU 19660800 10 EU 28820368 11 EU 149164968 12 EU 55892616 13 EU 43927184 
2 CHAIN 1 NA 13480656 14 EU 149164968 15 EU 16777216 16 EU 54222072 17 EU 149164968 18 EU 176160768 19 NA 66605352 20 EU 149164968 
3 CHAIN 2 EU 149164968 21 EU 55892616 22 EU 54222072 23 EU 149164968 24 EU 19660800 25 EU 12288000 26 EU 28672000 27 EU 48375432 
4 CHAIN 3 NA 41636560 28 NA 8388608 29 EU 149164968 30 EU 48375432 31 EU 2457600 32 EU 149164968 33 EU 19660800 34 EU 43927184 
5 CHAIN 4 NA 8388608 35 EU 149164968 36 EU 34292528 37 EU 12288000 38 EU 149164968 39 NA 66605352 40 NA 8388608 41 EU 56255160 
6 CHAIN 5 EU 28672000 42 EU 55892616 43 NA 48067448 44 EU 149164968 45 EU 28820368 46 NA 41636560 47 EU 149164968 48 EU 34292528 
7 CHAIN 6 EU 176160768 49 NA 13480656 50 EU 149164968 51 EU 48375432 52 NA 41636560 53 EU 149164968 54 EU 55892616 55 EU 54222072 
8 HIDDEN_BRANCH 0 EU 28820368 56 EU 149164968 57 EU 48375432 58 EU 43927184 59 EU 149164968 
9 HIDDEN_BRANCH 1 NA 13480656 60 EU 34292528 61 NA 8044008 62 EU 149164968 63 EU 48375432 
10 HIDDEN_BRANCH 2 EU 149164968 64 NA 8044008 65 EU 2097152 66 NA 66605352 67 EU 55892616 
11 HIDDEN_BRANCH 3 NA 41636560 68 EU 149164968 69 NA 66605352 70 EU 43927184 71 EU 28672000 
12 HIDDEN_BRANCH 4 NA 8388608 72 EU 176160768 73 NA 48067448 74 EU 149164968 75 NA 66605352 
13 HIDDEN_BRANCH 5 EU 28672000 76 NA 48067448 77 EU 56255160 78 EU 176160768 79 NA 9216000 
14 HIDDEN_BRANCH 6 EU 176160768 80 EU 11591680 81 EU 176160768 82 NA 48067448 83 EU 56255160 
15 HIDDEN_CHAIN 7 NA 41636560 84 EU 55892616 85 NA 66605352 86 EU 149164968 87 EU 28820368 
16 HIDDEN_CHAIN 8 EU 56255160 88 NA 41636560 89 EU 149164968 90 EU 55892616 91 NA 4194304 
17 HIDDEN_CHAIN 9 EU 19660800 92 EU 28672000 93 EU 48375432 94 EU 43927184 95 EU 56255160 
18 HIDDEN_CHAIN 10 EU 28820368 96 EU 28820368 97 NA 8388608 98 EU 149164968 99 NA 66605352 
19 HIDDEN_CHAIN 11 EU 149164968 100 NA 8388608 101 EU 149164968 102 EU 48375432 103 EU 8192000 
20 HIDDEN_CHAIN 12 EU 55892616 104 EU 56255160 105 NA 24371136 106 NA 8388608 107 EU 149164968 
21 HIDDEN_CHAIN 13 EU 43927184 108 EU 28820368 109 NA 5079504 110 EU 149164968 111 EU 28820368 
22 HIDDEN_CHAIN 14 EU 149164968 112 EU 54222072 113 EU 56255160 114 EU 176160768 115 NA 66605352 
23 HIDDEN_CHAIN 15 EU 16777216 116 EU 28672000 117 EU 28820368 118 NA 13480656 119 EU 149164968 
24 HIDDEN_CHAIN 16 EU 54222072 120 EU 16777216 121 EU 12288000 122 EU 56255160 123 EU 34292528 
25 HIDDEN_CHAIN 17 EU 149164968 124 NA 8388608 125 EU 149164968 126 EU 176160768 127 EU 1024000 
26 HIDDEN_CHAIN 18 EU 176160768 128 EU 56255160 129 EU 176160768 130 NA 66605352 131 EU 56255160 
27 HIDDEN_CHAIN 19 NA 66605352 132 EU 176160768 133 EU 54222072 134 EU 56255160 135 EU 55892616 
28 HIDDEN_CHAIN 20 EU 149164968 136 EU 19660800 137 EU 56255160 138 EU 34292528 139 NA 4194304 
29 HIDDEN_CHAIN 21 EU 55892616 140 EU 28672000 141 EU 16777216 142 NA 5079504 143 EU 28672000 
30 HIDDEN_CHAIN 22 EU 54222072 144 EU 34292528 145 NA 66605352 146 EU 149164968 147 EU 176160768 
31 HIDDEN_CHAIN 23 EU 149164968 148 EU 34292528 149 EU 56255160 150 NA 66605352 151 NA 8044008 
32 HIDDEN_CHAIN 24 EU 19660800 152 EU 56255160 153 NA 41636560 154 NA 8388608 155 EU 149164968 
33 HIDDEN_CHAIN 25 EU 12288000 156 EU 55892616 157 EU 43927184 158 EU 56255160 159 EU 28820368 
34 HIDDEN_CHAIN 26 EU 28672000 160 EU 43927184 161 EU 56255160 162 EU 55892616 163 EU 54222072 
35 HIDDEN_CHAIN 27 EU 48375432 164 EU 56255160 165 EU 48375432 166 NA 13480656 167 EU 56255160 
36 HIDDEN_CHAIN 28 NA 8388608 168 EU 16777216 169 EU 8192000 170 EU 149164968 171 EU 55892616 
37 HIDDEN_CHAIN 29 EU 149164968 172 EU 34292528 173 EU 56255160 174 EU 55892616 175 EU 43927184 
38 HIDDEN_CHAIN 30 EU 48375432 176 EU 149164968 177 EU 176160768 178 EU 54222072 179 EU 149164968 
39 HIDDEN_CHAIN 31 EU 2457600 180 EU 16777216 181 NA 41636560 182 EU 149164968 183 EU 55892616 
40 HIDDEN_CHAIN 32 EU 149164968 184 NA 8388608 185 EU 28672000 186 NA 66605352 187 NA 8388608 
41 HIDDEN_CHAIN 33 EU 19660800 188 EU 56255160 189 EU 34292528 190 EU 54222072 191 EU 11591680 
42 HIDDEN_CHAIN 34 EU 43927184 192 EU 55892616 193 EU 54222072 194 EU 56255160 195 EU 176160768 
43 HIDDEN_CHAIN 35 EU 149164968 196 NA 9216000 197 EU 28672000 198 NA 66605352 199 NA 24371136 
44 HIDDEN_CHAIN 36 EU 34292528 200 EU 11591680 201 EU 16777216 202 EU 176160768 203 EU 149164968 
45 HIDDEN_CHAIN 37 EU 12288000 204 EU 34292528 205 EU 176160768 206 EU 149164968 207 EU 55892616 
46 HIDDEN_CHAIN 38 EU 149164968 208 EU 54222072 209 EU 149164968 210 EU 176160768 211 NA 66605352 
47 HIDDEN_CHAIN 39 NA 66605352 212 EU 149164968 213 EU 176160768 214 EU 43927184 215 EU 28672000 
48 HIDDEN_CHAIN 40 NA 8388608 216 NA 66605352 217 EU 176160768 218 EU 28672000 219 EU 55892616 
49 HIDDEN_CHAIN 41 EU 56255160 220 EU 43927184 221 EU 56255160 222 EU 55892616 223 EU 2457600 
50 HIDDEN_CHAIN 42 EU 55892616 224 EU 149164968 225 EU 28820368 226 NA 24371136 227 EU 149164968 
51 HIDDEN_CHAIN 43 NA 48067448 228 EU 55892616 229 NA 48067448 230 EU 149164968 231 EU 55892616 
52 HIDDEN_CHAIN 44 EU 149164968 232 NA 48067448 233 EU 11591680 234 EU 34292528 235 EU 43927184 
53 HIDDEN_CHAIN 45 EU 28820368 236 EU 56255160 237 EU 176160768 238 EU 48375432 239 EU 149164968 
54 HIDDEN_CHAIN 46 NA 41636560 240 EU 176160768 241 EU 54222072 242 EU 56255160 243 EU 28820368 
55 HIDDEN_CHAIN 47 EU 149164968 244 NA 9216000 245 EU 56255160 246 EU 55892616 247 EU 34292528 
56 HIDDEN_CHAIN 48 EU 34292528 248 EU 149164968 249 NA 24371136 250 NA 41636560 251 EU 149164968 
57 HIDDEN_CHAIN 49 NA 13480656 252 NA 41636560 253 NA 8388608 254 EU 149164968 255 EU 176160768 
58 HIDDEN_CHAIN 50 EU 149164968 256 EU 54222072 257 EU 149164968 258 EU 19660800 259 NA 13480656 
59 HIDDEN_CHAIN 51 EU 48375432 260 EU 56255160 261 NA 66605352 262 EU 54222072 263 EU 149164968 
60 HIDDEN_CHAIN 52 NA 41636560 264 EU 34292528 265 EU 48375432 266 EU 28672000 267 EU 34292528 
61 HIDDEN_CHAIN 53 EU 149164968 268 EU 28820368 269 EU 149164968 270 EU 48375432 271 NA 819200 
62 HIDDEN_CHAIN 54 EU 55892616 272 EU 11591680 273 NA 66605352 274 EU 8192000 275 EU 28672000 
63 HIDDEN_CHAIN 55 EU 54222072 276 EU 34292528 277 NA 41636560 278 EU 56255160 279 NA 24371136 
