0 BRANCH 0 NA 66605352 1 NA 48067448 2 EU 11591680 3 NA 66605352 4 EU 55892616 5 EU 56255160 6 EU 176160768 
1 CHAIN 0 NA 66605352 7 EU 12288000 8 EU 149164968 9 NA 24371136 10 NA 9216000 11 EU 56255160 12 EU 48375432 13 EU 54222072 
2 CHAIN 1 NA 48067448 14 EU 149164968 15 EU 176160768 16 EU 6296704 17 EU 56255160 18 EU 34292528 19 EU 16777216 20 EU 149164968 
3 CHAIN 2 EU 11591680 21 NA 66605352 22 NA 48067448 23 EU 149164968 24 EU 48375432 25 EU 4096000 26 EU 149164968 27 EU 176160768 
4 CHAIN 3 NA 66605352 28 EU 28820368 29 EU 56255160 30 EU 34292528 31 EU 43927184 32 EU 28672000 33 NA 66605352 34 EU 6296704 
5 CHAIN 4 EU 55892616 35 EU 149164968 36 NA 66605352 37 EU 54222072 38 EU 149164968 39 EU 176160768 40 EU 54222072 41 EU 149164968 
6 CHAIN 5 EU 56255160 42 EU 16777216 43 EU 43927184 44 EU 56255160 45 NA 66605352 46 EU 54222072 47 EU 56255160 48 NA 66605352 
7 CHAIN 6 EU 176160768 49 EU 48375432 50 EU 28672000 51 NA 66605352 52 NA 48067448 53 EU 149164968 54 EU 34292528 55 EU 2129920 
8 HIDDEN_BRANCH 0 NA 66605352 56 EU 56255160 57 EU 48375432 58 NA 48067448 59 EU 149164968 
9 HIDDEN_BRANCH 1 NA 48067448 60 NA 24371136 61 NA 48067448 62 EU 149164968 63 EU 176160768 
10 HIDDEN_BRANCH 2 EU 11591680 64 NA 8388608 65 EU 28672000 66 EU 48375432 67 EU 176160768 
11 HIDDEN_BRANCH 3 NA 66605352 68 EU 56255160 69 EU 28820368 70 EU 43927184 71 EU 56255160 
12 HIDDEN_BRANCH 4 EU 55892616 72 EU 34292528 73 EU 176160768 74 EU 149164968 75 EU 34292528 
13 HIDDEN_BRANCH 5 EU 56255160 76 NA 1605632 77 EU 11591680 78 EU 55892616 79 NA 66605352 
14 HIDDEN_BRANCH 6 EU 176160768 80 EU 149164968 81 NA 24371136 82 EU 54222072 83 EU 149164968 
15 HIDDEN_CHAIN 7 EU 12288000 84 EU 16777216 85 NA 48067448 86 EU 28672000 87 EU 48375432 
16 HIDDEN_CHAIN 8 EU 149164968 88 NA 9216000 89 EU 149164968 90 EU 55892616 91 NA 48067448 
17 HIDDEN_CHAIN 9 NA 24371136 92 EU 28672000 93 EU 176160768 94 NA 48067448 95 EU 11591680 
18 HIDDEN_CHAIN 10 NA 9216000 96 EU 176160768 97 EU 2048000 98 EU 149164968 99 EU 28820368 
19 HIDDEN_CHAIN 11 EU 56255160 100 EU 54222072 101 EU 149164968 102 NA 41636560 103 EU 176160768 
20 HIDDEN_CHAIN 12 EU 48375432 104 EU 149164968 105 NA 24371136 106 NA 66605352 107 EU 149164968 
21 HIDDEN_CHAIN 13 EU 54222072 108 NA 41636560 109 EU 2048000 110 EU 56255160 111 NA 41636560 
22 HIDDEN_CHAIN 14 EU 149164968 112 EU 4096000 113 EU 56255160 114 EU 176160768 115 NA 48067448 
23 HIDDEN_CHAIN 15 EU 176160768 116 EU 28672000 117 NA 41636560 118 NA 3391304 119 EU 28672000 
24 HIDDEN_CHAIN 16 EU 6296704 120 NA 66605352 121 NA 13480656 122 EU 149164968 123 NA 66605352 
25 HIDDEN_CHAIN 17 EU 56255160 124 NA 13480656 125 EU 149164968 126 EU 48375432 127 NA 66605352 
26 HIDDEN_CHAIN 18 EU 34292528 128 EU 28672000 129 EU 34292528 130 NA 48067448 131 EU 149164968 
27 HIDDEN_CHAIN 19 EU 16777216 132 EU 176160768 133 EU 3178584 134 EU 149164968 135 EU 16777216 
28 HIDDEN_CHAIN 20 EU 149164968 136 NA 8388608 137 EU 28672000 138 NA 66605352 139 EU 54222072 
29 HIDDEN_CHAIN 21 NA 66605352 140 EU 56255160 141 EU 55892616 142 EU 12288000 143 EU 56255160 
30 HIDDEN_CHAIN 22 NA 48067448 144 EU 34292528 145 NA 48067448 146 EU 11591680 147 EU 19660800 
31 HIDDEN_CHAIN 23 EU 149164968 148 EU 28820368 149 EU 149164968 150 NA 41636560 151 NA 66605352 
32 HIDDEN_CHAIN 24 EU 48375432 152 EU 56255160 153 NA 66605352 154 NA 48067448 155 EU 149164968 
33 HIDDEN_CHAIN 25 EU 4096000 156 NA 41636560 157 EU 43927184 158 EU 149164968 159 EU 19660800 
34 HIDDEN_CHAIN 26 EU 149164968 160 EU 28820368 161 EU 28672000 162 EU 28820368 163 NA 5079504 
35 HIDDEN_CHAIN 27 EU 176160768 164 EU 149164968 165 EU 176160768 166 NA 8044008 167 EU 28672000 
36 HIDDEN_CHAIN 28 EU 28820368 168 NA 66605352 169 EU 4096000 170 EU 28672000 171 NA 66605352 
37 HIDDEN_CHAIN 29 EU 56255160 172 EU 48375432 173 EU 149164968 174 EU 55892616 175 EU 54222072 
38 HIDDEN_CHAIN 30 EU 34292528 176 EU 149164968 177 EU 28820368 178 EU 176160768 179 EU 149164968 
39 HIDDEN_CHAIN 31 EU 43927184 180 EU 28820368 181 EU 54222072 182 EU 149164968 183 NA 66605352 
40 HIDDEN_CHAIN 32 EU 28672000 184 EU 176160768 185 EU 11591680 186 EU 55892616 187 NA 8388608 
41 HIDDEN_CHAIN 33 NA 66605352 188 EU 56255160 189 EU 176160768 190 NA 48067448 191 EU 149164968 
42 HIDDEN_CHAIN 34 EU 6296704 192 EU 34292528 193 NA 48067448 194 EU 56255160 195 EU 48375432 
43 HIDDEN_CHAIN 35 EU 149164968 196 EU 54222072 197 EU 149164968 198 EU 55892616 199 EU 48375432 
44 HIDDEN_CHAIN 36 NA 66605352 200 EU 149164968 201 EU 55892616 202 NA 41636560 203 EU 56255160 
45 HIDDEN_CHAIN 37 EU 54222072 204 EU 34292528 205 EU 176160768 206 NA 819200 207 NA 41636560 
46 HIDDEN_CHAIN 38 EU 149164968 208 EU 54222072 209 EU 149164968 210 EU 176160768 211 NA 8044008 
47 HIDDEN_CHAIN 39 EU 176160768 212 EU 149164968 213 NA 24371136 214 NA 13480656 215 EU 56255160 
48 HIDDEN_CHAIN 40 EU 54222072 216 EU 34292528 217 NA 8044008 218 EU 28672000 219 NA 66605352 
49 HIDDEN_CHAIN 41 EU 149164968 220 EU 43927184 221 EU 28672000 222 EU 16777216 223 NA 66605352 
50 HIDDEN_CHAIN 42 EU 16777216 224 EU 56255160 225 EU 176160768 226 EU 43927184 227 EU 56255160 
51 HIDDEN_CHAIN 43 EU 43927184 228 NA 41636560 229 EU 176160768 230 EU 56255160 231 EU 176160768 
52 HIDDEN_CHAIN 44 EU 56255160 232 EU 54222072 233 EU 149164968 234 EU 55892616 235 EU 34292528 
53 HIDDEN_CHAIN 45 NA 66605352 236 EU 149164968 237 EU 19660800 238 NA 66605352 239 EU 149164968 
54 HIDDEN_CHAIN 46 EU 54222072 240 EU 48375432 241 EU 43927184 242 EU 149164968 243 EU 55892616 
55 HIDDEN_CHAIN 47 EU 56255160 244 NA 13480656 245 EU 28672000 246 EU 55892616 247 EU 34292528 
56 HIDDEN_CHAIN 48 NA 66605352 248 EU 149164968 249 EU 55892616 250 EU 28820368 251 EU 56255160 
57 HIDDEN_CHAIN 49 EU 48375432 252 NA 41636560 253 NA 8388608 254 EU 149164968 255 EU 48375432 
58 HIDDEN_CHAIN 50 EU 28672000 256 EU 55892616 257 EU 28672000 258 NA 24371136 259 EU 55892616 
59 HIDDEN_CHAIN 51 NA 66605352 260 EU 56255160 261 EU 19660800 262 NA 48067448 263 EU 149164968 
60 HIDDEN_CHAIN 52 NA 48067448 264 NA 41636560 265 EU 43927184 266 EU 149164968 267 NA 66605352 
61 HIDDEN_CHAIN 53 EU 149164968 268 NA 8388608 269 EU 149164968 270 NA 66605352 271 NA 9216000 
62 HIDDEN_CHAIN 54 EU 34292528 272 EU 149164968 273 NA 41636560 274 EU 54222072 275 EU 149164968 
63 HIDDEN_CHAIN 55 EU 2129920 276 EU 16777216 277 EU 2457600 278 EU 149164968 279 EU 176160768 
