0 BRANCH 0 NA 41636560 1 EU 2048000 2 EU 149164968 3 EU 34292528 4 NA 24371136 5 EU 149164968 6 EU 48375432 
1 CHAIN 0 NA 41636560 7 NA 8388608 8 EU 56255160 9 EU 48375432 10 EU 54222072 11 EU 149164968 12 NA 66605352 13 NA 4194304 
2 CHAIN 1 EU 2048000 14 EU 149164968 15 NA 41636560 16 EU 54222072 17 EU 28672000 18 EU 48375432 19 NA 9216000 20 EU 149164968 
3 CHAIN 2 EU 149164968 21 EU 28820368 22 EU 176160768 23 EU 28672000 24 EU 16777216 25 EU 4096000 26 EU 28672000 27 EU 176160768 
4 CHAIN 3 EU 34292528 28 EU 54222072 29 EU 56255160 30 EU 176160768 31 EU 1638400 32 EU 149164968 33 NA 24371136 34 EU 54222072 
5 CHAIN 4 NA 24371136 35 EU 56255160 36 EU 48375432 37 EU 43927184 38 EU 149164968 39 NA 41636560 40 EU 54222072 41 EU 149164968 
6 CHAIN 5 EU 149164968 42 EU 176160768 43 EU 43927184 44 EU 56255160 45 NA 66605352 46 NA 48067448 47 EU 56255160 48 NA 41636560 
7 CHAIN 6 EU 48375432 49 NA 8388608 50 EU 28672000 51 EU 176160768 52 EU 54222072 53 EU 149164968 54 EU 176160768 55 EU 12288000 
8 HIDDEN_BRANCH 0 NA 41636560 56 EU 11591680 57 EU 28820368 58 EU 8192000 59 EU 149164968 
9 HIDDEN_BRANCH 1 EU 2048000 60 EU 19660800 61 EU 4096000 62 EU 56255160 63 EU 55892616 
10 HIDDEN_BRANCH 2 EU 149164968 64 EU 54222072 65 EU 149164968 66 NA 41636560 67 EU 43927184 
11 HIDDEN_BRANCH 3 EU 34292528 68 EU 149164968 69 EU 55892616 70 EU 54222072 71 EU 56255160 
12 HIDDEN_BRANCH 4 NA 24371136 72 NA 66605352 73 NA 13480656 74 EU 56255160 75 NA 24371136 
13 HIDDEN_BRANCH 5 EU 149164968 76 NA 5079504 77 EU 11591680 78 EU 34292528 79 EU 48375432 
14 HIDDEN_BRANCH 6 EU 48375432 80 EU 56255160 81 NA 66605352 82 EU 34292528 83 EU 149164968 
15 HIDDEN_CHAIN 7 NA 8388608 84 EU 16777216 85 EU 176160768 86 EU 56255160 87 EU 176160768 
16 HIDDEN_CHAIN 8 EU 56255160 88 EU 2129920 89 EU 149164968 90 EU 55892616 91 NA 66605352 
17 HIDDEN_CHAIN 9 EU 48375432 92 EU 56255160 93 EU 48375432 94 EU 28820368 95 EU 149164968 
18 HIDDEN_CHAIN 10 EU 54222072 96 NA 24371136 97 NA 66605352 98 EU 56255160 99 EU 176160768 
19 HIDDEN_CHAIN 11 EU 149164968 100 NA 41636560 101 EU 149164968 102 EU 176160768 103 EU 19660800 
20 HIDDEN_CHAIN 12 NA 66605352 104 EU 149164968 105 NA 66605352 106 NA 13480656 107 EU 149164968 
21 HIDDEN_CHAIN 13 NA 4194304 108 EU 48375432 109 NA 4194304 110 EU 149164968 111 NA 66605352 
22 HIDDEN_CHAIN 14 EU 149164968 112 NA 8388608 113 EU 56255160 114 EU 176160768 115 EU 6296704 
23 HIDDEN_CHAIN 15 NA 41636560 116 EU 149164968 117 EU 176160768 118 EU 3178584 119 EU 149164968 
24 HIDDEN_CHAIN 16 EU 54222072 120 EU 176160768 121 NA 3391304 122 EU 56255160 123 EU 34292528 
25 HIDDEN_CHAIN 17 EU 28672000 124 EU 28820368 125 EU 149164968 126 NA 24371136 127 NA 48067448 
26 HIDDEN_CHAIN 18 EU 48375432 128 EU 28672000 129 EU 34292528 130 EU 54222072 131 EU 56255160 
27 HIDDEN_CHAIN 19 NA 9216000 132 EU 176160768 133 NA 66605352 134 EU 149164968 135 EU 48375432 
28 HIDDEN_CHAIN 20 EU 149164968 136 EU 176160768 137 EU 56255160 138 NA 66605352 139 NA 41636560 
29 HIDDEN_CHAIN 21 EU 28820368 140 EU 149164968 141 NA 66605352 142 EU 34292528 143 EU 56255160 
30 HIDDEN_CHAIN 22 EU 176160768 144 NA 66605352 145 EU 4096000 146 EU 28672000 147 EU 48375432 
31 HIDDEN_CHAIN 23 EU 28672000 148 EU 3178584 149 EU 56255160 150 NA 66605352 151 EU 43927184 
32 HIDDEN_CHAIN 24 EU 16777216 152 EU 56255160 153 NA 41636560 154 NA 66605352 155 EU 11591680 
33 HIDDEN_CHAIN 25 EU 4096000 156 EU 34292528 157 NA 41636560 158 EU 28672000 159 EU 176160768 
34 HIDDEN_CHAIN 26 EU 28672000 160 EU 2129920 161 EU 149164968 162 NA 24371136 163 EU 55892616 
35 HIDDEN_CHAIN 27 EU 176160768 164 EU 149164968 165 EU 16777216 166 NA 66605352 167 EU 28672000 
36 HIDDEN_CHAIN 28 EU 54222072 168 EU 55892616 169 NA 66605352 170 EU 11591680 171 NA 66605352 
37 HIDDEN_CHAIN 29 EU 56255160 172 EU 8192000 173 EU 11591680 174 NA 41636560 175 EU 5898240 
38 HIDDEN_CHAIN 30 EU 176160768 176 EU 149164968 177 NA 66605352 178 NA 48067448 179 EU 56255160 
39 HIDDEN_CHAIN 31 EU 1638400 180 EU 55892616 181 EU 5898240 182 EU 56255160 183 EU 176160768 
40 HIDDEN_CHAIN 32 EU 149164968 184 NA 8044008 185 EU 56255160 186 NA 41636560 187 EU 43927184 
41 HIDDEN_CHAIN 33 NA 24371136 188 EU 149164968 189 EU 48375432 190 EU 54222072 191 EU 149164968 
42 HIDDEN_CHAIN 34 EU 54222072 192 EU 48375432 193 EU 55892616 194 EU 149164968 195 EU 19660800 
43 HIDDEN_CHAIN 35 EU 56255160 196 EU 4096000 197 EU 28672000 198 EU 48375432 199 EU 43927184 
44 HIDDEN_CHAIN 36 EU 48375432 200 EU 149164968 201 NA 41636560 202 NA 66605352 203 EU 11591680 
45 HIDDEN_CHAIN 37 EU 43927184 204 EU 48375432 205 NA 66605352 206 EU 149164968 207 EU 34292528 
46 HIDDEN_CHAIN 38 EU 149164968 208 EU 43927184 209 EU 56255160 210 EU 176160768 211 NA 8388608 
47 HIDDEN_CHAIN 39 NA 41636560 212 EU 149164968 213 EU 16777216 214 EU 54222072 215 EU 149164968 
48 HIDDEN_CHAIN 40 EU 54222072 216 NA 24371136 217 EU 54222072 218 EU 28672000 219 NA 41636560 
49 HIDDEN_CHAIN 41 EU 149164968 220 EU 6296704 221 EU 28672000 222 EU 55892616 223 NA 9216000 
50 HIDDEN_CHAIN 42 EU 176160768 224 EU 149164968 225 EU 48375432 226 NA 8388608 227 EU 149164968 
51 HIDDEN_CHAIN 43 EU 43927184 228 NA 66605352 229 EU 54222072 230 EU 149164968 231 NA 66605352 
52 HIDDEN_CHAIN 44 EU 56255160 232 NA 13480656 233 EU 149164968 234 NA 66605352 235 EU 54222072 
53 HIDDEN_CHAIN 45 NA 66605352 236 EU 149164968 237 NA 41636560 238 NA 8388608 239 EU 56255160 
54 HIDDEN_CHAIN 46 NA 48067448 240 EU 19660800 241 NA 8044008 242 EU 28672000 243 NA 24371136 
55 HIDDEN_CHAIN 47 EU 56255160 244 EU 54222072 245 EU 149164968 246 EU 176160768 247 EU 54222072 
56 HIDDEN_CHAIN 48 NA 41636560 248 EU 56255160 249 EU 55892616 250 NA 48067448 251 EU 149164968 
57 HIDDEN_CHAIN 49 NA 8388608 252 EU 176160768 253 NA 13480656 254 EU 28672000 255 NA 24371136 
58 HIDDEN_CHAIN 50 EU 28672000 256 EU 54222072 257 EU 56255160 258 EU 176160768 259 EU 54222072 
59 HIDDEN_CHAIN 51 EU 176160768 260 EU 149164968 261 NA 24371136 262 NA 48067448 263 EU 149164968 
60 HIDDEN_CHAIN 52 EU 54222072 264 EU 176160768 265 EU 12288000 266 EU 28672000 267 EU 34292528 
61 HIDDEN_CHAIN 53 EU 149164968 268 NA 48067448 269 EU 149164968 270 NA 41636560 271 NA 48067448 
62 HIDDEN_CHAIN 54 EU 176160768 272 EU 28672000 273 EU 55892616 274 NA 9216000 275 EU 149164968 
63 HIDDEN_CHAIN 55 EU 12288000 276 EU 55892616 277 NA 4194304 278 EU 28672000 279 EU 176160768 
