0 BRANCH 0 NA 41636560 1 NA 8388608 2 EU 28672000 3 EU 176160768 4 NA 48067448 5 EU 56255160 6 EU 176160768 
1 CHAIN 0 NA 41636560 7 NA 66605352 8 EU 149164968 9 EU 176160768 10 EU 5898240 11 EU 56255160 12 NA 66605352 13 NA 48067448 
2 CHAIN 1 NA 8388608 14 EU 149164968 15 EU 34292528 16 NA 48067448 17 EU 56255160 18 EU 28820368 19 NA 8044008 20 EU 28672000 
3 CHAIN 2 EU 28672000 21 EU 48375432 22 EU 176160768 23 EU 28672000 24 NA 24371136 25 EU 43927184 26 EU 28672000 27 EU 176160768 
4 CHAIN 3 EU 176160768 28 NA 5079504 29 EU 149164968 30 EU 48375432 31 NA 41636560 32 EU 28672000 33 EU 34292528 34 EU 8192000 
5 CHAIN 4 NA 48067448 35 EU 56255160 36 NA 41636560 37 EU 176160768 38 EU 56255160 39 EU 28820368 40 EU 54222072 41 EU 56255160 
6 CHAIN 5 EU 56255160 42 NA 66605352 43 NA 8044008 44 EU 149164968 45 NA 24371136 46 NA 48067448 47 EU 149164968 48 EU 55892616 
7 CHAIN 6 EU 176160768 49 NA 9216000 50 EU 28672000 51 NA 66605352 52 NA 48067448 53 EU 56255160 54 NA 66605352 55 NA 48067448 
8 HIDDEN_BRANCH 0 NA 41636560 56 EU 56255160 57 EU 55892616 58 EU 54222072 59 EU 28672000 
9 HIDDEN_BRANCH 1 NA 8388608 60 NA 66605352 61 NA 48067448 62 EU 56255160 63 EU 176160768 
10 HIDDEN_BRANCH 2 EU 28672000 64 NA 66605352 65 EU 28672000 66 EU 19660800 67 EU 1638400 
11 HIDDEN_BRANCH 3 EU 176160768 68 EU 149164968 69 NA 41636560 70 NA 8388608 71 EU 11591680 
12 HIDDEN_BRANCH 4 NA 48067448 72 EU 176160768 73 NA 9216000 74 EU 28672000 75 EU 28820368 
13 HIDDEN_BRANCH 5 EU 56255160 76 EU 4096000 77 EU 56255160 78 EU 28820368 79 EU 8192000 
14 HIDDEN_BRANCH 6 EU 176160768 80 EU 149164968 81 NA 41636560 82 EU 54222072 83 EU 56255160 
15 HIDDEN_CHAIN 7 NA 66605352 84 NA 41636560 85 EU 43927184 86 EU 56255160 87 EU 176160768 
16 HIDDEN_CHAIN 8 EU 149164968 88 NA 9216000 89 EU 28672000 90 EU 55892616 91 EU 48375432 
17 HIDDEN_CHAIN 9 EU 176160768 92 EU 56255160 93 EU 176160768 94 NA 13480656 95 EU 149164968 
18 HIDDEN_CHAIN 10 EU 5898240 96 EU 28820368 97 NA 5079504 98 EU 149164968 99 NA 24371136 
19 HIDDEN_CHAIN 11 EU 56255160 100 EU 48375432 101 EU 56255160 102 EU 55892616 103 NA 66605352 
20 HIDDEN_CHAIN 12 NA 66605352 104 EU 149164968 105 EU 48375432 106 EU 54222072 107 EU 28672000 
21 HIDDEN_CHAIN 13 NA 48067448 108 EU 176160768 109 NA 66605352 110 EU 149164968 111 EU 55892616 
22 HIDDEN_CHAIN 14 EU 149164968 112 NA 24371136 113 EU 149164968 114 EU 34292528 115 EU 43927184 
23 HIDDEN_CHAIN 15 EU 34292528 116 EU 2097152 117 NA 66605352 118 NA 48067448 119 EU 56255160 
24 HIDDEN_CHAIN 16 NA 48067448 120 NA 66605352 121 NA 48067448 122 EU 28672000 123 EU 176160768 
25 HIDDEN_CHAIN 17 EU 56255160 124 EU 43927184 125 EU 149164968 126 EU 28820368 127 EU 43927184 
26 HIDDEN_CHAIN 18 EU 28820368 128 EU 149164968 129 EU 48375432 130 NA 3391304 131 EU 149164968 
27 HIDDEN_CHAIN 19 NA 8044008 132 EU 176160768 133 NA 8388608 134 EU 28672000 135 EU 34292528 
28 HIDDEN_CHAIN 20 EU 28672000 136 NA 48067448 137 EU 56255160 138 NA 41636560 139 EU 43927184 
29 HIDDEN_CHAIN 21 EU 48375432 140 EU 56255160 141 NA 41636560 142 EU 3178584 143 EU 149164968 
30 HIDDEN_CHAIN 22 EU 176160768 144 EU 176160768 145 EU 1064960 146 EU 149164968 147 EU 176160768 
31 HIDDEN_CHAIN 23 EU 28672000 148 EU 43927184 149 EU 149164968 150 EU 176160768 151 NA 13480656 
32 HIDDEN_CHAIN 24 NA 24371136 152 EU 56255160 153 EU 16777216 154 EU 54222072 155 EU 56255160 
33 HIDDEN_CHAIN 25 EU 43927184 156 EU 176160768 157 NA 48067448 158 EU 11591680 159 EU 28820368 
34 HIDDEN_CHAIN 26 EU 28672000 160 NA 13480656 161 EU 56255160 162 NA 66605352 163 EU 3178584 
35 HIDDEN_CHAIN 27 EU 176160768 164 EU 149164968 165 NA 24371136 166 EU 55892616 167 EU 11591680 
36 HIDDEN_CHAIN 28 NA 5079504 168 NA 66605352 169 NA 13480656 170 EU 149164968 171 NA 41636560 
37 HIDDEN_CHAIN 29 EU 149164968 172 EU 48375432 173 EU 149164968 174 EU 48375432 175 EU 54222072 
38 HIDDEN_CHAIN 30 EU 48375432 176 EU 149164968 177 EU 34292528 178 EU 4096000 179 EU 28672000 
39 HIDDEN_CHAIN 31 NA 41636560 180 EU 34292528 181 EU 6296704 182 EU 56255160 183 NA 66605352 
40 HIDDEN_CHAIN 32 EU 28672000 184 NA 48067448 185 EU 56255160 186 NA 66605352 187 EU 8192000 
41 HIDDEN_CHAIN 33 EU 34292528 188 EU 56255160 189 EU 48375432 190 EU 55892616 191 EU 149164968 
42 HIDDEN_CHAIN 34 EU 8192000 192 EU 28820368 193 EU 43927184 194 EU 56255160 195 EU 28820368 
43 HIDDEN_CHAIN 35 EU 56255160 196 EU 55892616 197 EU 149164968 198 EU 34292528 199 NA 13480656 
44 HIDDEN_CHAIN 36 NA 41636560 200 EU 56255160 201 EU 55892616 202 EU 43927184 203 EU 56255160 
45 HIDDEN_CHAIN 37 EU 176160768 204 EU 28820368 205 EU 54222072 206 EU 28672000 207 EU 48375432 
46 HIDDEN_CHAIN 38 EU 56255160 208 NA 13480656 209 EU 149164968 210 NA 41636560 211 NA 66605352 
47 HIDDEN_CHAIN 39 EU 28820368 212 EU 56255160 213 EU 55892616 214 EU 2457600 215 EU 149164968 
48 HIDDEN_CHAIN 40 EU 54222072 216 NA 41636560 217 EU 43927184 218 EU 149164968 219 EU 176160768 
49 HIDDEN_CHAIN 41 EU 56255160 220 NA 5079504 221 EU 56255160 222 EU 55892616 223 NA 66605352 
50 HIDDEN_CHAIN 42 NA 66605352 224 EU 149164968 225 EU 48375432 226 EU 4096000 227 EU 149164968 
51 HIDDEN_CHAIN 43 NA 8044008 228 EU 48375432 229 NA 9216000 230 EU 28672000 231 EU 48375432 
52 HIDDEN_CHAIN 44 EU 149164968 232 NA 41636560 233 EU 149164968 234 EU 176160768 235 EU 43927184 
53 HIDDEN_CHAIN 45 NA 24371136 236 EU 28672000 237 EU 55892616 238 NA 48067448 239 EU 11591680 
54 HIDDEN_CHAIN 46 NA 48067448 240 EU 34292528 241 NA 3391304 242 EU 149164968 243 EU 176160768 
55 HIDDEN_CHAIN 47 EU 149164968 244 EU 54222072 245 EU 56255160 246 NA 66605352 247 NA 48067448 
56 HIDDEN_CHAIN 48 EU 55892616 248 EU 56255160 249 EU 19660800 250 EU 8192000 251 EU 149164968 
57 HIDDEN_CHAIN 49 NA 9216000 252 NA 41636560 253 EU 1064960 254 NA 819200 255 EU 34292528 
58 HIDDEN_CHAIN 50 EU 28672000 256 NA 4194304 257 EU 56255160 258 EU 176160768 259 EU 34292528 
59 HIDDEN_CHAIN 51 NA 66605352 260 EU 56255160 261 NA 41636560 262 NA 13480656 263 EU 28672000 
60 HIDDEN_CHAIN 52 NA 48067448 264 EU 34292528 265 NA 48067448 266 EU 149164968 267 NA 66605352 
61 HIDDEN_CHAIN 53 EU 56255160 268 EU 54222072 269 EU 28672000 270 EU 16777216 271 EU 2457600 
62 HIDDEN_CHAIN 54 NA 66605352 272 EU 149164968 273 NA 24371136 274 NA 48067448 275 EU 149164968 
63 HIDDEN_CHAIN 55 NA 48067448 276 NA 66605352 277 EU 176160768 278 EU 56255160 279 EU 34292528 
