0 BRANCH 0 EU 176160768 1 EU 28820368 2 EU 56255160 3 EU 16777216 4 EU 5898240 5 EU 149164968 6 EU 176160768 
1 CHAIN 0 EU 176160768 7 EU 54222072 8 EU 28672000 9 EU 19660800 10 EU 54222072 11 EU 28672000 12 EU 19660800 13 NA 8388608 
2 CHAIN 1 EU 28820368 14 EU 56255160 15 EU 55892616 16 EU 4096000 17 EU 56255160 18 EU 48375432 19 NA 5079504 20 EU 149164968 
3 CHAIN 2 EU 56255160 21 NA 24371136 22 EU 176160768 23 EU 56255160 24 EU 34292528 25 NA 48067448 26 EU 56255160 27 NA 41636560 
4 CHAIN 3 EU 16777216 28 EU 176160768 29 EU 56255160 30 NA 66605352 31 EU 6296704 32 EU 149164968 33 EU 176160768 34 NA 24371136 
5 CHAIN 4 EU 5898240 35 EU 56255160 36 EU 28820368 37 NA 9216000 38 EU 149164968 39 NA 41636560 40 EU 54222072 41 EU 149164968 
6 CHAIN 5 EU 149164968 42 EU 176160768 43 NA 48067448 44 EU 56255160 45 EU 176160768 46 NA 9216000 47 EU 28672000 48 NA 41636560 
7 CHAIN 6 EU 176160768 49 EU 48375432 50 EU 149164968 51 EU 16777216 52 EU 176160768 53 EU 56255160 54 NA 66605352 55 NA 41636560 
8 HIDDEN_BRANCH 0 EU 176160768 56 EU 56255160 57 NA 41636560 58 EU 43927184 59 EU 56255160 
9 HIDDEN_BRANCH 1 EU 28820368 60 EU 48375432 61 NA 48067448 62 EU 56255160 63 EU 48375432 
10 HIDDEN_BRANCH 2 EU 56255160 64 NA 13480656 65 EU 149164968 66 NA 24371136 67 EU 55892616 
11 HIDDEN_BRANCH 3 EU 16777216 68 EU 149164968 69 EU 48375432 70 EU 2129920 71 EU 149164968 
12 HIDDEN_BRANCH 4 EU 5898240 72 EU 48375432 73 EU 176160768 74 EU 149164968 75 EU 19660800 
13 HIDDEN_BRANCH 5 EU 149164968 76 EU 55892616 77 EU 56255160 78 EU 16777216 79 EU 48375432 
14 HIDDEN_BRANCH 6 EU 176160768 80 EU 149164968 81 EU 55892616 82 EU 54222072 83 EU 149164968 
15 HIDDEN_CHAIN 7 EU 54222072 84 EU 48375432 85 NA 48067448 86 EU 149164968 87 NA 41636560 
16 HIDDEN_CHAIN 8 EU 28672000 88 EU 176160768 89 EU 149164968 90 NA 24371136 91 EU 48375432 
17 HIDDEN_CHAIN 9 EU 19660800 92 EU 56255160 93 EU 176160768 94 EU 54222072 95 EU 11591680 
18 HIDDEN_CHAIN 10 EU 54222072 96 EU 28820368 97 EU 54222072 98 EU 149164968 99 EU 176160768 
19 HIDDEN_CHAIN 11 EU 28672000 100 EU 12288000 101 EU 56255160 102 EU 28820368 103 EU 2129920 
20 HIDDEN_CHAIN 12 EU 19660800 104 EU 28672000 105 EU 48375432 106 EU 28820368 107 EU 149164968 
21 HIDDEN_CHAIN 13 NA 8388608 108 EU 48375432 109 EU 43927184 110 EU 149164968 111 EU 48375432 
22 HIDDEN_CHAIN 14 EU 56255160 112 EU 6296704 113 EU 28672000 114 EU 176160768 115 EU 16777216 
23 HIDDEN_CHAIN 15 EU 55892616 116 EU 56255160 117 EU 55892616 118 NA 48067448 119 EU 28672000 
24 HIDDEN_CHAIN 16 EU 4096000 120 NA 66605352 121 EU 12288000 122 EU 56255160 123 EU 34292528 
25 HIDDEN_CHAIN 17 EU 56255160 124 NA 66605352 125 EU 149164968 126 EU 55892616 127 NA 24371136 
26 HIDDEN_CHAIN 18 EU 48375432 128 EU 149164968 129 EU 34292528 130 NA 48067448 131 EU 149164968 
27 HIDDEN_CHAIN 19 NA 5079504 132 EU 55892616 133 EU 34292528 134 EU 56255160 135 EU 34292528 
28 HIDDEN_CHAIN 20 EU 149164968 136 NA 66605352 137 EU 28672000 138 NA 66605352 139 NA 9216000 
29 HIDDEN_CHAIN 21 NA 24371136 140 EU 56255160 141 EU 176160768 142 NA 48067448 143 EU 56255160 
30 HIDDEN_CHAIN 22 EU 176160768 144 NA 66605352 145 EU 34292528 146 EU 149164968 147 EU 176160768 
31 HIDDEN_CHAIN 23 EU 56255160 148 EU 34292528 149 EU 56255160 150 EU 176160768 151 NA 1605632 
32 HIDDEN_CHAIN 24 EU 34292528 152 EU 28672000 153 EU 34292528 154 NA 48067448 155 EU 56255160 
33 HIDDEN_CHAIN 25 NA 48067448 156 NA 66605352 157 EU 4096000 158 EU 11591680 159 NA 41636560 
34 HIDDEN_CHAIN 26 EU 56255160 160 EU 43927184 161 EU 149164968 162 EU 34292528 163 EU 48375432 
35 HIDDEN_CHAIN 27 NA 41636560 164 EU 28672000 165 NA 66605352 166 EU 54222072 167 EU 28672000 
36 HIDDEN_CHAIN 28 EU 176160768 168 EU 55892616 169 NA 48067448 170 EU 149164968 171 NA 24371136 
37 HIDDEN_CHAIN 29 EU 56255160 172 EU 43927184 173 EU 149164968 174 EU 55892616 175 NA 66605352 
38 HIDDEN_CHAIN 30 NA 66605352 176 EU 11591680 177 NA 66605352 178 EU 43927184 179 EU 28672000 
39 HIDDEN_CHAIN 31 EU 6296704 180 EU 19660800 181 NA 48067448 182 EU 149164968 183 EU 176160768 
40 HIDDEN_CHAIN 32 EU 149164968 184 EU 6296704 185 EU 56255160 186 EU 48375432 187 EU 43927184 
41 HIDDEN_CHAIN 33 EU 176160768 188 EU 28672000 189 NA 24371136 190 EU 55892616 191 EU 11591680 
42 HIDDEN_CHAIN 34 NA 24371136 192 EU 48375432 193 EU 54222072 194 EU 149164968 195 EU 176160768 
43 HIDDEN_CHAIN 35 EU 56255160 196 EU 48375432 197 EU 149164968 198 NA 41636560 199 EU 54222072 
44 HIDDEN_CHAIN 36 EU 28820368 200 EU 11591680 201 NA 66605352 202 EU 43927184 203 EU 56255160 
45 HIDDEN_CHAIN 37 NA 9216000 204 EU 176160768 205 NA 13480656 206 EU 11591680 207 NA 66605352 
46 HIDDEN_CHAIN 38 EU 149164968 208 EU 2457600 209 EU 56255160 210 EU 55892616 211 EU 54222072 
47 HIDDEN_CHAIN 39 NA 41636560 212 EU 56255160 213 NA 66605352 214 NA 24371136 215 EU 149164968 
48 HIDDEN_CHAIN 40 EU 54222072 216 NA 66605352 217 EU 54222072 218 EU 149164968 219 EU 19660800 
49 HIDDEN_CHAIN 41 EU 149164968 220 EU 43927184 221 EU 28672000 222 NA 66605352 223 EU 12288000 
50 HIDDEN_CHAIN 42 EU 176160768 224 EU 56255160 225 EU 48375432 226 EU 43927184 227 EU 149164968 
51 HIDDEN_CHAIN 43 NA 48067448 228 EU 55892616 229 EU 54222072 230 EU 149164968 231 EU 16777216 
52 HIDDEN_CHAIN 44 EU 56255160 232 EU 54222072 233 EU 56255160 234 EU 34292528 235 NA 24371136 
53 HIDDEN_CHAIN 45 EU 176160768 236 EU 149164968 237 EU 176160768 238 NA 5079504 239 EU 56255160 
54 HIDDEN_CHAIN 46 NA 9216000 240 NA 41636560 241 EU 12288000 242 EU 2097152 243 EU 19660800 
55 HIDDEN_CHAIN 47 EU 28672000 244 EU 5898240 245 EU 149164968 246 EU 176160768 247 NA 48067448 
56 HIDDEN_CHAIN 48 NA 41636560 248 EU 149164968 249 EU 55892616 250 EU 8192000 251 EU 56255160 
57 HIDDEN_CHAIN 49 EU 48375432 252 NA 66605352 253 NA 24371136 254 EU 56255160 255 EU 55892616 
58 HIDDEN_CHAIN 50 EU 149164968 256 NA 8388608 257 EU 149164968 258 EU 55892616 259 EU 43927184 
59 HIDDEN_CHAIN 51 EU 16777216 260 EU 56255160 261 NA 24371136 262 NA 48067448 263 EU 149164968 
60 HIDDEN_CHAIN 52 EU 176160768 264 EU 48375432 265 EU 28820368 266 EU 149164968 267 EU 28820368 
61 HIDDEN_CHAIN 53 EU 56255160 268 EU 43927184 269 EU 149164968 270 NA 66605352 271 EU 16777216 
62 HIDDEN_CHAIN 54 NA 66605352 272 EU 2097152 273 EU 55892616 274 NA 48067448 275 EU 149164968 
63 HIDDEN_CHAIN 55 NA 41636560 276 EU 48375432 277 EU 54222072 278 EU 28672000 279 EU 55892616 
