0 BRANCH 0 EU 176160768 1 NA 24371136 2 EU 56255160 3 EU 176160768 4 EU 6296704 5 EU 56255160 6 NA 41636560 
1 CHAIN 0 EU 176160768 7 EU 54222072 8 EU 56255160 9 NA 66605352 10 EU 5898240 11 EU 149164968 12 EU 48375432 13 EU 43927184 
2 CHAIN 1 NA 24371136 14 EU 149164968 15 EU 176160768 16 EU 1064960 17 EU 56255160 18 NA 66605352 19 NA 8044008 20 EU 149164968 
3 CHAIN 2 EU 56255160 21 NA 66605352 22 EU 12288000 23 EU 149164968 24 NA 41636560 25 EU 54222072 26 EU 28672000 27 NA 24371136 
4 CHAIN 3 EU 176160768 28 NA 41636560 29 EU 56255160 30 EU 19660800 31 EU 176160768 32 EU 149164968 33 NA 66605352 34 EU 54222072 
5 CHAIN 4 EU 6296704 35 EU 149164968 36 EU 176160768 37 NA 48067448 38 EU 56255160 39 EU 28820368 40 EU 176160768 41 EU 28672000 
6 CHAIN 5 EU 56255160 42 NA 24371136 43 NA 8388608 44 EU 56255160 45 EU 34292528 46 EU 16777216 47 EU 149164968 48 EU 19660800 
7 CHAIN 6 NA 41636560 49 NA 5079504 50 EU 149164968 51 EU 34292528 52 NA 48067448 53 EU 11591680 54 EU 48375432 55 EU 54222072 
8 HIDDEN_BRANCH 0 EU 176160768 56 EU 11591680 57 EU 19660800 58 EU 54222072 59 EU 149164968 
9 HIDDEN_BRANCH 1 NA 24371136 60 NA 24371136 61 EU 48375432 62 EU 56255160 63 NA 66605352 
10 HIDDEN_BRANCH 2 EU 56255160 64 EU 54222072 65 EU 56255160 66 EU 48375432 67 EU 55892616 
11 HIDDEN_BRANCH 3 EU 176160768 68 EU 28672000 69 EU 48375432 70 NA 48067448 71 EU 56255160 
12 HIDDEN_BRANCH 4 EU 6296704 72 EU 28820368 73 EU 54222072 74 EU 28672000 75 EU 48375432 
13 HIDDEN_BRANCH 5 EU 56255160 76 NA 8388608 77 EU 56255160 78 NA 66605352 79 NA 48067448 
14 HIDDEN_BRANCH 6 NA 41636560 80 EU 56255160 81 NA 41636560 82 EU 43927184 83 EU 56255160 
15 HIDDEN_CHAIN 7 EU 54222072 84 EU 34292528 85 EU 176160768 86 EU 11591680 87 EU 48375432 
16 HIDDEN_CHAIN 8 EU 56255160 88 EU 55892616 89 EU 149164968 90 EU 19660800 91 EU 176160768 
17 HIDDEN_CHAIN 9 NA 66605352 92 EU 149164968 93 EU 176160768 94 NA 9216000 95 EU 56255160 
18 HIDDEN_CHAIN 10 EU 5898240 96 EU 28820368 97 EU 12288000 98 EU 56255160 99 EU 48375432 
19 HIDDEN_CHAIN 11 EU 149164968 100 EU 4096000 101 EU 56255160 102 EU 34292528 103 NA 48067448 
20 HIDDEN_CHAIN 12 EU 48375432 104 EU 28672000 105 EU 176160768 106 EU 8192000 107 EU 149164968 
21 HIDDEN_CHAIN 13 EU 43927184 108 EU 28820368 109 NA 48067448 110 EU 28672000 111 EU 55892616 
22 HIDDEN_CHAIN 14 EU 149164968 112 NA 8388608 113 EU 149164968 114 EU 48375432 115 EU 2129920 
23 HIDDEN_CHAIN 15 EU 176160768 116 EU 56255160 117 EU 176160768 118 EU 12288000 119 EU 56255160 
24 HIDDEN_CHAIN 16 EU 1064960 120 NA 66605352 121 NA 41636560 122 EU 11591680 123 EU 176160768 
25 HIDDEN_CHAIN 17 EU 56255160 124 EU 54222072 125 EU 56255160 126 EU 176160768 127 EU 54222072 
26 HIDDEN_CHAIN 18 NA 66605352 128 EU 56255160 129 EU 176160768 130 EU 12288000 131 EU 56255160 
27 HIDDEN_CHAIN 19 NA 8044008 132 EU 176160768 133 EU 4096000 134 EU 56255160 135 EU 48375432 
28 HIDDEN_CHAIN 20 EU 149164968 136 EU 19660800 137 EU 149164968 138 EU 55892616 139 NA 48067448 
29 HIDDEN_CHAIN 21 NA 66605352 140 EU 149164968 141 NA 66605352 142 EU 43927184 143 EU 28672000 
30 HIDDEN_CHAIN 22 EU 12288000 144 EU 19660800 145 EU 54222072 146 EU 56255160 147 EU 176160768 
31 HIDDEN_CHAIN 23 EU 149164968 148 NA 48067448 149 EU 28672000 150 EU 34292528 151 EU 54222072 
32 HIDDEN_CHAIN 24 NA 41636560 152 EU 56255160 153 NA 41636560 154 NA 13480656 155 EU 56255160 
33 HIDDEN_CHAIN 25 EU 54222072 156 EU 176160768 157 NA 9216000 158 EU 56255160 159 EU 34292528 
34 HIDDEN_CHAIN 26 EU 28672000 160 NA 48067448 161 EU 56255160 162 NA 24371136 163 EU 1638400 
35 HIDDEN_CHAIN 27 NA 24371136 164 EU 149164968 165 EU 176160768 166 EU 43927184 167 EU 56255160 
36 HIDDEN_CHAIN 28 NA 41636560 168 EU 48375432 169 EU 55892616 170 EU 149164968 171 NA 66605352 
37 HIDDEN_CHAIN 29 EU 56255160 172 EU 4096000 173 EU 149164968 174 EU 48375432 175 NA 48067448 
38 HIDDEN_CHAIN 30 EU 19660800 176 EU 149164968 177 EU 176160768 178 NA 8044008 179 EU 56255160 
39 HIDDEN_CHAIN 31 EU 176160768 180 EU 48375432 181 EU 54222072 182 EU 28672000 183 NA 24371136 
40 HIDDEN_CHAIN 32 EU 149164968 184 NA 8388608 185 EU 149164968 186 NA 66605352 187 NA 24371136 
41 HIDDEN_CHAIN 33 NA 66605352 188 EU 149164968 189 NA 66605352 190 EU 19660800 191 EU 28672000 
42 HIDDEN_CHAIN 34 EU 54222072 192 NA 66605352 193 EU 8192000 194 EU 56255160 195 NA 41636560 
43 HIDDEN_CHAIN 35 EU 149164968 196 NA 48067448 197 EU 149164968 198 EU 16777216 199 EU 8192000 
44 HIDDEN_CHAIN 36 EU 176160768 200 EU 149164968 201 NA 24371136 202 EU 54222072 203 EU 149164968 
45 HIDDEN_CHAIN 37 NA 48067448 204 EU 48375432 205 NA 9216000 206 EU 56255160 207 EU 55892616 
46 HIDDEN_CHAIN 38 EU 56255160 208 NA 48067448 209 EU 149164968 210 NA 66605352 211 NA 48067448 
47 HIDDEN_CHAIN 39 EU 28820368 212 EU 28672000 213 EU 34292528 214 NA 4194304 215 EU 56255160 
48 HIDDEN_CHAIN 40 EU 176160768 216 EU 19660800 217 NA 66605352 218 EU 149164968 219 EU 48375432 
49 HIDDEN_CHAIN 41 EU 28672000 220 NA 48067448 221 EU 56255160 222 NA 41636560 223 EU 43927184 
50 HIDDEN_CHAIN 42 NA 24371136 224 EU 149164968 225 NA 24371136 226 EU 176160768 227 EU 56255160 
51 HIDDEN_CHAIN 43 NA 8388608 228 NA 66605352 229 NA 8044008 230 EU 149164968 231 NA 41636560 
52 HIDDEN_CHAIN 44 EU 56255160 232 EU 12288000 233 EU 2097152 234 EU 19660800 235 EU 54222072 
53 HIDDEN_CHAIN 45 EU 34292528 236 EU 56255160 237 NA 66605352 238 NA 24371136 239 EU 28672000 
54 HIDDEN_CHAIN 46 EU 16777216 240 NA 24371136 241 NA 48067448 242 EU 149164968 243 NA 66605352 
55 HIDDEN_CHAIN 47 EU 149164968 244 EU 28820368 245 EU 2097152 246 NA 41636560 247 EU 54222072 
56 HIDDEN_CHAIN 48 EU 19660800 248 EU 149164968 249 NA 41636560 250 EU 54222072 251 EU 149164968 
57 HIDDEN_CHAIN 49 NA 5079504 252 EU 48375432 253 EU 6296704 254 EU 149164968 255 EU 28820368 
58 HIDDEN_CHAIN 50 EU 149164968 256 EU 48375432 257 EU 56255160 258 EU 48375432 259 NA 8044008 
59 HIDDEN_CHAIN 51 EU 34292528 260 EU 149164968 261 EU 176160768 262 NA 8044008 263 EU 149164968 
60 HIDDEN_CHAIN 52 NA 48067448 264 EU 176160768 265 EU 54222072 266 EU 149164968 267 EU 55892616 
61 HIDDEN_CHAIN 53 EU 11591680 268 NA 13480656 269 EU 149164968 270 EU 48375432 271 NA 8044008 
62 HIDDEN_CHAIN 54 EU 48375432 272 EU 149164968 273 NA 66605352 274 EU 2457600 275 EU 149164968 
63 HIDDEN_CHAIN 55 EU 54222072 276 EU 176160768 277 NA 48067448 278 EU 28672000 279 EU 176160768 
