0 BRANCH 0 EU 28820368 1 EU 54222072 2 EU 28672000 3 NA 24371136 4 EU 819200 5 EU 56255160 6 EU 55892616 
1 CHAIN 0 EU 28820368 7 NA 48067448 8 EU 149164968 9 NA 66605352 10 EU 54222072 11 EU 149164968 12 EU 176160768 13 NA 48067448 
2 CHAIN 1 EU 54222072 14 EU 149164968 15 EU 176160768 16 EU 12288000 17 EU 11591680 18 EU 176160768 19 EU 4096000 20 EU 149164968 
3 CHAIN 2 EU 28672000 21 NA 24371136 22 EU 12288000 23 EU 149164968 24 EU 34292528 25 EU 12288000 26 EU 149164968 27 EU 48375432 
4 CHAIN 3 NA 24371136 28 NA 8388608 29 EU 28672000 30 EU 48375432 31 NA 9216000 32 EU 149164968 33 EU 55892616 34 EU 43927184 
5 CHAIN 4 EU 819200 35 EU 56255160 36 EU 48375432 37 EU 28820368 38 EU 56255160 39 EU 34292528 40 NA 13480656 41 EU 56255160 
6 CHAIN 5 EU 56255160 42 EU 55892616 43 NA 66605352 44 EU 149164968 45 EU 176160768 46 NA 24371136 47 EU 56255160 48 EU 176160768 
7 CHAIN 6 EU 55892616 49 EU 8192000 50 EU 149164968 51 NA 24371136 52 EU 1024000 53 EU 28672000 54 EU 28820368 55 NA 41636560 
8 HIDDEN_BRANCH 0 EU 28820368 56 EU 149164968 57 NA 41636560 58 NA 48067448 59 EU 56255160 
9 HIDDEN_BRANCH 1 EU 54222072 60 NA 66605352 61 EU 54222072 62 EU 2097152 63 EU 28820368 
10 HIDDEN_BRANCH 2 EU 28672000 64 NA 8388608 65 EU 149164968 66 EU 34292528 67 NA 9216000 
11 HIDDEN_BRANCH 3 NA 24371136 68 EU 56255160 69 EU 28820368 70 EU 4096000 71 EU 56255160 
12 HIDDEN_BRANCH 4 EU 819200 72 EU 176160768 73 EU 19660800 74 EU 149164968 75 NA 41636560 
13 HIDDEN_BRANCH 5 EU 56255160 76 EU 43927184 77 EU 56255160 78 EU 16777216 79 EU 54222072 
14 HIDDEN_BRANCH 6 EU 55892616 80 EU 149164968 81 EU 48375432 82 EU 55892616 83 EU 149164968 
15 HIDDEN_CHAIN 7 NA 48067448 84 NA 66605352 85 NA 41636560 86 EU 56255160 87 EU 176160768 
16 HIDDEN_CHAIN 8 EU 149164968 88 NA 48067448 89 EU 11591680 90 NA 66605352 91 EU 19660800 
17 HIDDEN_CHAIN 9 NA 66605352 92 EU 149164968 93 EU 16777216 94 EU 54222072 95 EU 149164968 
18 HIDDEN_CHAIN 10 EU 54222072 96 EU 48375432 97 NA 9216000 98 EU 149164968 99 EU 176160768 
19 HIDDEN_CHAIN 11 EU 149164968 100 EU 43927184 101 EU 149164968 102 EU 48375432 103 NA 48067448 
20 HIDDEN_CHAIN 12 EU 176160768 104 EU 11591680 105 EU 28820368 106 EU 54222072 107 EU 56255160 
21 HIDDEN_CHAIN 13 NA 48067448 108 NA 66605352 109 EU 54222072 110 EU 56255160 111 EU 176160768 
22 HIDDEN_CHAIN 14 EU 149164968 112 NA 13480656 113 EU 149164968 114 EU 48375432 115 EU 5898240 
23 HIDDEN_CHAIN 15 EU 176160768 116 EU 56255160 117 NA 41636560 118 EU 28820368 119 EU 28672000 
24 HIDDEN_CHAIN 16 EU 12288000 120 EU 34292528 121 NA 66605352 122 EU 56255160 123 EU 176160768 
25 HIDDEN_CHAIN 17 EU 11591680 124 EU 19660800 125 EU 149164968 126 EU 34292528 127 EU 54222072 
26 HIDDEN_CHAIN 18 EU 176160768 128 EU 149164968 129 EU 16777216 130 EU 55892616 131 EU 56255160 
27 HIDDEN_CHAIN 19 EU 4096000 132 EU 34292528 133 EU 1638400 134 EU 149164968 135 EU 34292528 
28 HIDDEN_CHAIN 20 EU 149164968 136 NA 9216000 137 EU 56255160 138 NA 41636560 139 EU 54222072 
29 HIDDEN_CHAIN 21 NA 24371136 140 EU 149164968 141 EU 19660800 142 EU 43927184 143 EU 149164968 
30 HIDDEN_CHAIN 22 EU 12288000 144 EU 28820368 145 NA 5079504 146 EU 28672000 147 NA 66605352 
31 HIDDEN_CHAIN 23 EU 149164968 148 EU 54222072 149 EU 149164968 150 EU 48375432 151 EU 43927184 
32 HIDDEN_CHAIN 24 EU 34292528 152 EU 149164968 153 NA 41636560 154 NA 24371136 155 EU 28672000 
33 HIDDEN_CHAIN 25 EU 12288000 156 EU 48375432 157 NA 66605352 158 EU 56255160 159 NA 66605352 
34 HIDDEN_CHAIN 26 EU 149164968 160 EU 54222072 161 EU 28672000 162 EU 48375432 163 EU 55892616 
35 HIDDEN_CHAIN 27 EU 48375432 164 EU 149164968 165 EU 16777216 166 NA 5079504 167 EU 56255160 
36 HIDDEN_CHAIN 28 NA 8388608 168 EU 176160768 169 NA 8044008 170 EU 149164968 171 EU 16777216 
37 HIDDEN_CHAIN 29 EU 28672000 172 EU 43927184 173 EU 149164968 174 EU 28820368 175 NA 5079504 
38 HIDDEN_CHAIN 30 EU 48375432 176 EU 149164968 177 NA 66605352 178 EU 54222072 179 EU 149164968 
39 HIDDEN_CHAIN 31 NA 9216000 180 EU 176160768 181 EU 8192000 182 EU 149164968 183 EU 176160768 
40 HIDDEN_CHAIN 32 EU 149164968 184 NA 48067448 185 EU 149164968 186 EU 176160768 187 NA 13480656 
41 HIDDEN_CHAIN 33 EU 55892616 188 EU 149164968 189 EU 34292528 190 EU 28820368 191 EU 149164968 
42 HIDDEN_CHAIN 34 EU 43927184 192 NA 66605352 193 NA 5079504 194 EU 56255160 195 NA 66605352 
43 HIDDEN_CHAIN 35 EU 56255160 196 EU 54222072 197 EU 56255160 198 EU 176160768 199 EU 43927184 
44 HIDDEN_CHAIN 36 EU 48375432 200 EU 2097152 201 NA 66605352 202 EU 19660800 203 EU 56255160 
45 HIDDEN_CHAIN 37 EU 28820368 204 EU 176160768 205 EU 43927184 206 EU 28672000 207 EU 16777216 
46 HIDDEN_CHAIN 38 EU 56255160 208 EU 55892616 209 EU 11591680 210 EU 55892616 211 EU 54222072 
47 HIDDEN_CHAIN 39 EU 34292528 212 EU 11591680 213 EU 176160768 214 EU 43927184 215 EU 56255160 
48 HIDDEN_CHAIN 40 NA 13480656 216 EU 176160768 217 EU 43927184 218 EU 56255160 219 EU 48375432 
49 HIDDEN_CHAIN 41 EU 56255160 220 NA 1605632 221 EU 149164968 222 EU 48375432 223 EU 43927184 
50 HIDDEN_CHAIN 42 EU 55892616 224 EU 149164968 225 NA 24371136 226 NA 41636560 227 EU 11591680 
51 HIDDEN_CHAIN 43 NA 66605352 228 NA 24371136 229 EU 176160768 230 EU 56255160 231 EU 19660800 
52 HIDDEN_CHAIN 44 EU 149164968 232 NA 48067448 233 EU 56255160 234 NA 41636560 235 EU 54222072 
53 HIDDEN_CHAIN 45 EU 176160768 236 EU 11591680 237 EU 48375432 238 EU 12288000 239 EU 28672000 
54 HIDDEN_CHAIN 46 NA 24371136 240 EU 176160768 241 NA 48067448 242 EU 56255160 243 NA 66605352 
55 HIDDEN_CHAIN 47 EU 56255160 244 EU 176160768 245 EU 149164968 246 EU 19660800 247 EU 55892616 
56 HIDDEN_CHAIN 48 EU 176160768 248 EU 149164968 249 NA 66605352 250 NA 48067448 251 EU 149164968 
57 HIDDEN_CHAIN 49 EU 8192000 252 EU 48375432 253 EU 28820368 254 EU 149164968 255 EU 19660800 
58 HIDDEN_CHAIN 50 EU 149164968 256 NA 66605352 257 EU 149164968 258 EU 16777216 259 EU 54222072 
59 HIDDEN_CHAIN 51 NA 24371136 260 EU 56255160 261 NA 41636560 262 EU 48375432 263 EU 149164968 
60 HIDDEN_CHAIN 52 EU 1024000 264 EU 19660800 265 NA 48067448 266 EU 149164968 267 EU 55892616 
61 HIDDEN_CHAIN 53 EU 28672000 268 EU 2457600 269 EU 149164968 270 EU 176160768 271 NA 8388608 
62 HIDDEN_CHAIN 54 EU 28820368 272 EU 56255160 273 EU 19660800 274 EU 54222072 275 EU 56255160 
63 HIDDEN_CHAIN 55 NA 41636560 276 EU 176160768 277 EU 54222072 278 EU 149164968 279 EU 16777216 
