0 BRANCH 0 EU 34292528 1 EU 8192000 2 EU 149164968 3 EU 16777216 4 EU 5898240 5 EU 56255160 6 NA 41636560 
1 CHAIN 0 EU 34292528 7 NA 66605352 8 EU 149164968 9 EU 34292528 10 NA 8388608 11 EU 149164968 12 EU 55892616 13 EU 54222072 
2 CHAIN 1 EU 8192000 14 EU 28672000 15 NA 66605352 16 NA 48067448 17 EU 56255160 18 EU 176160768 19 EU 12288000 20 EU 149164968 
3 CHAIN 2 EU 149164968 21 EU 176160768 22 EU 54222072 23 EU 56255160 24 NA 41636560 25 EU 8192000 26 EU 149164968 27 EU 48375432 
4 CHAIN 3 EU 16777216 28 NA 9216000 29 EU 149164968 30 EU 34292528 31 EU 54222072 32 EU 56255160 33 EU 34292528 34 EU 54222072 
5 CHAIN 4 EU 5898240 35 EU 11591680 36 EU 28820368 37 NA 9216000 38 EU 149164968 39 EU 19660800 40 EU 43927184 41 EU 149164968 
6 CHAIN 5 EU 56255160 42 EU 19660800 43 EU 55892616 44 EU 149164968 45 NA 66605352 46 NA 41636560 47 EU 149164968 48 EU 55892616 
7 CHAIN 6 NA 41636560 49 NA 9216000 50 EU 149164968 51 EU 176160768 52 EU 54222072 53 EU 149164968 54 EU 34292528 55 NA 9216000 
8 HIDDEN_BRANCH 0 EU 34292528 56 EU 11591680 57 NA 24371136 58 NA 9216000 59 EU 149164968 
9 HIDDEN_BRANCH 1 EU 8192000 60 EU 48375432 61 NA 48067448 62 EU 28672000 63 NA 66605352 
10 HIDDEN_BRANCH 2 EU 149164968 64 EU 5898240 65 EU 28672000 66 NA 41636560 67 EU 43927184 
11 HIDDEN_BRANCH 3 EU 16777216 68 EU 56255160 69 EU 55892616 70 EU 54222072 71 EU 56255160 
12 HIDDEN_BRANCH 4 EU 5898240 72 EU 28820368 73 EU 54222072 74 EU 149164968 75 EU 16777216 
13 HIDDEN_BRANCH 5 EU 56255160 76 EU 55892616 77 EU 149164968 78 EU 28820368 79 NA 5079504 
14 HIDDEN_BRANCH 6 NA 41636560 80 EU 149164968 81 EU 48375432 82 NA 9216000 83 EU 149164968 
15 HIDDEN_CHAIN 7 NA 66605352 84 NA 24371136 85 EU 34292528 86 EU 149164968 87 EU 48375432 
16 HIDDEN_CHAIN 8 EU 149164968 88 EU 43927184 89 EU 149164968 90 EU 28820368 91 NA 1605632 
17 HIDDEN_CHAIN 9 EU 34292528 92 EU 56255160 93 EU 48375432 94 NA 48067448 95 EU 149164968 
18 HIDDEN_CHAIN 10 NA 8388608 96 EU 176160768 97 EU 4096000 98 EU 149164968 99 EU 176160768 
19 HIDDEN_CHAIN 11 EU 149164968 100 NA 4194304 101 EU 2097152 102 NA 41636560 103 EU 54222072 
20 HIDDEN_CHAIN 12 EU 55892616 104 EU 149164968 105 EU 48375432 106 EU 12288000 107 EU 149164968 
21 HIDDEN_CHAIN 13 EU 54222072 108 EU 34292528 109 EU 43927184 110 EU 149164968 111 EU 28820368 
22 HIDDEN_CHAIN 14 EU 28672000 112 EU 54222072 113 EU 149164968 114 EU 55892616 115 EU 43927184 
23 HIDDEN_CHAIN 15 NA 66605352 116 EU 2097152 117 EU 48375432 118 NA 41636560 119 EU 149164968 
24 HIDDEN_CHAIN 16 NA 48067448 120 EU 28820368 121 NA 48067448 122 EU 28672000 123 NA 24371136 
25 HIDDEN_CHAIN 17 EU 56255160 124 EU 6296704 125 EU 56255160 126 EU 176160768 127 NA 48067448 
26 HIDDEN_CHAIN 18 EU 176160768 128 EU 28672000 129 EU 176160768 130 NA 48067448 131 EU 149164968 
27 HIDDEN_CHAIN 19 EU 12288000 132 EU 48375432 133 EU 28820368 134 EU 56255160 135 EU 55892616 
28 HIDDEN_CHAIN 20 EU 149164968 136 EU 54222072 137 EU 11591680 138 EU 48375432 139 EU 43927184 
29 HIDDEN_CHAIN 21 EU 176160768 140 EU 28672000 141 NA 66605352 142 NA 41636560 143 EU 28672000 
30 HIDDEN_CHAIN 22 EU 54222072 144 EU 55892616 145 NA 66605352 146 EU 149164968 147 EU 176160768 
31 HIDDEN_CHAIN 23 EU 56255160 148 NA 8388608 149 EU 56255160 150 NA 41636560 151 EU 43927184 
32 HIDDEN_CHAIN 24 NA 41636560 152 EU 149164968 153 EU 55892616 154 EU 43927184 155 EU 56255160 
33 HIDDEN_CHAIN 25 EU 8192000 156 EU 34292528 157 NA 66605352 158 EU 149164968 159 EU 48375432 
34 HIDDEN_CHAIN 26 EU 149164968 160 EU 3178584 161 EU 56255160 162 EU 176160768 163 EU 43927184 
35 HIDDEN_CHAIN 27 EU 48375432 164 EU 149164968 165 EU 16777216 166 NA 9216000 167 EU 56255160 
36 HIDDEN_CHAIN 28 NA 9216000 168 NA 41636560 169 EU 3178584 170 EU 28672000 171 EU 55892616 
37 HIDDEN_CHAIN 29 EU 149164968 172 NA 8044008 173 EU 56255160 174 NA 41636560 175 NA 24371136 
38 HIDDEN_CHAIN 30 EU 34292528 176 EU 2097152 177 EU 28820368 178 NA 41636560 179 EU 28672000 
39 HIDDEN_CHAIN 31 EU 54222072 180 NA 66605352 181 NA 13480656 182 EU 149164968 183 EU 176160768 
40 HIDDEN_CHAIN 32 EU 56255160 184 EU 48375432 185 EU 149164968 186 NA 66605352 187 EU 54222072 
41 HIDDEN_CHAIN 33 EU 34292528 188 EU 149164968 189 NA 41636560 190 EU 8192000 191 EU 28672000 
42 HIDDEN_CHAIN 34 EU 54222072 192 EU 176160768 193 EU 28820368 194 EU 149164968 195 EU 176160768 
43 HIDDEN_CHAIN 35 EU 11591680 196 NA 8044008 197 EU 28672000 198 EU 48375432 199 EU 54222072 
44 HIDDEN_CHAIN 36 EU 28820368 200 EU 149164968 201 NA 41636560 202 EU 54222072 203 EU 11591680 
45 HIDDEN_CHAIN 37 NA 9216000 204 NA 41636560 205 NA 3391304 206 EU 149164968 207 NA 41636560 
46 HIDDEN_CHAIN 38 EU 149164968 208 EU 48375432 209 EU 149164968 210 NA 41636560 211 NA 66605352 
47 HIDDEN_CHAIN 39 EU 19660800 212 EU 149164968 213 EU 176160768 214 NA 48067448 215 EU 149164968 
48 HIDDEN_CHAIN 40 EU 43927184 216 NA 41636560 217 EU 19660800 218 EU 11591680 219 NA 66605352 
49 HIDDEN_CHAIN 41 EU 149164968 220 EU 819200 221 EU 56255160 222 EU 48375432 223 NA 66605352 
50 HIDDEN_CHAIN 42 EU 19660800 224 EU 149164968 225 EU 176160768 226 NA 48067448 227 EU 56255160 
51 HIDDEN_CHAIN 43 EU 55892616 228 EU 34292528 229 EU 54222072 230 EU 11591680 231 EU 48375432 
52 HIDDEN_CHAIN 44 EU 149164968 232 EU 43927184 233 EU 149164968 234 EU 176160768 235 EU 43927184 
53 HIDDEN_CHAIN 45 NA 66605352 236 EU 149164968 237 EU 176160768 238 EU 54222072 239 EU 28672000 
54 HIDDEN_CHAIN 46 NA 41636560 240 NA 66605352 241 EU 55892616 242 EU 56255160 243 EU 48375432 
55 HIDDEN_CHAIN 47 EU 149164968 244 EU 43927184 245 EU 56255160 246 EU 34292528 247 EU 54222072 
56 HIDDEN_CHAIN 48 EU 55892616 248 EU 56255160 249 EU 19660800 250 EU 8192000 251 EU 149164968 
57 HIDDEN_CHAIN 49 NA 9216000 252 EU 176160768 253 EU 54222072 254 EU 28672000 255 EU 55892616 
58 HIDDEN_CHAIN 50 EU 149164968 256 EU 34292528 257 EU 149164968 258 EU 176160768 259 EU 43927184 
59 HIDDEN_CHAIN 51 EU 176160768 260 EU 56255160 261 EU 48375432 262 EU 176160768 263 EU 149164968 
60 HIDDEN_CHAIN 52 EU 54222072 264 EU 176160768 265 EU 54222072 266 EU 56255160 267 EU 176160768 
61 HIDDEN_CHAIN 53 EU 149164968 268 EU 54222072 269 EU 149164968 270 NA 41636560 271 EU 28820368 
62 HIDDEN_CHAIN 54 EU 34292528 272 EU 149164968 273 EU 48375432 274 NA 5079504 275 EU 28672000 
63 HIDDEN_CHAIN 55 NA 9216000 276 EU 176160768 277 EU 54222072 278 EU 11591680 279 EU 28820368 
