0 BRANCH 0 EU 176160768 1 NA 48067448 2 EU 149164968 3 NA 24371136 4 EU 54222072 5 EU 149164968 6 EU 48375432 
1 CHAIN 0 EU 176160768 7 EU 43927184 8 EU 149164968 9 EU 176160768 10 EU 16777216 11 EU 11591680 12 EU 34292528 13 NA 48067448 
2 CHAIN 1 NA 48067448 14 EU 56255160 15 EU 176160768 16 NA 8388608 17 EU 149164968 18 EU 176160768 19 EU 1638400 20 EU 149164968 
3 CHAIN 2 EU 149164968 21 EU 176160768 22 EU 3178584 23 EU 56255160 24 EU 55892616 25 EU 54222072 26 EU 28672000 27 NA 41636560 
4 CHAIN 3 NA 24371136 28 NA 48067448 29 EU 149164968 30 EU 55892616 31 EU 5898240 32 EU 149164968 33 EU 55892616 34 NA 13480656 
5 CHAIN 4 EU 54222072 35 EU 56255160 36 EU 34292528 37 NA 13480656 38 EU 28672000 39 NA 66605352 40 NA 3391304 41 EU 56255160 
6 CHAIN 5 EU 149164968 42 EU 176160768 43 NA 8044008 44 EU 149164968 45 EU 176160768 46 EU 43927184 47 EU 149164968 48 EU 34292528 
7 CHAIN 6 EU 48375432 49 EU 8192000 50 EU 56255160 51 EU 176160768 52 EU 54222072 53 EU 149164968 54 EU 48375432 55 EU 176160768 
8 HIDDEN_BRANCH 0 EU 176160768 56 EU 149164968 57 NA 66605352 58 EU 54222072 59 EU 56255160 
9 HIDDEN_BRANCH 1 NA 48067448 60 EU 176160768 61 NA 48067448 62 EU 149164968 63 NA 66605352 
10 HIDDEN_BRANCH 2 EU 149164968 64 NA 13480656 65 EU 149164968 66 NA 66605352 67 EU 54222072 
11 HIDDEN_BRANCH 3 NA 24371136 68 EU 56255160 69 NA 41636560 70 NA 48067448 71 EU 149164968 
12 HIDDEN_BRANCH 4 EU 54222072 72 NA 66605352 73 NA 8044008 74 EU 149164968 75 EU 48375432 
13 HIDDEN_BRANCH 5 EU 149164968 76 EU 19660800 77 EU 149164968 78 EU 176160768 79 EU 12288000 
14 HIDDEN_BRANCH 6 EU 48375432 80 EU 28672000 81 EU 34292528 82 EU 48375432 83 EU 28672000 
15 HIDDEN_CHAIN 7 EU 43927184 84 EU 55892616 85 NA 48067448 86 EU 56255160 87 EU 48375432 
16 HIDDEN_CHAIN 8 EU 149164968 88 NA 8044008 89 EU 149164968 90 EU 48375432 91 EU 8192000 
17 HIDDEN_CHAIN 9 EU 176160768 92 EU 28672000 93 NA 66605352 94 EU 4096000 95 EU 149164968 
18 HIDDEN_CHAIN 10 EU 16777216 96 NA 66605352 97 EU 48375432 98 EU 28672000 99 EU 48375432 
19 HIDDEN_CHAIN 11 EU 11591680 100 EU 54222072 101 EU 149164968 102 EU 34292528 103 EU 43927184 
20 HIDDEN_CHAIN 12 EU 34292528 104 EU 149164968 105 NA 41636560 106 EU 54222072 107 EU 56255160 
21 HIDDEN_CHAIN 13 NA 48067448 108 NA 66605352 109 EU 43927184 110 EU 56255160 111 NA 24371136 
22 HIDDEN_CHAIN 14 EU 56255160 112 EU 43927184 113 EU 28672000 114 NA 66605352 115 EU 54222072 
23 HIDDEN_CHAIN 15 EU 176160768 116 EU 28672000 117 EU 28820368 118 EU 54222072 119 EU 149164968 
24 HIDDEN_CHAIN 16 NA 8388608 120 EU 48375432 121 EU 176160768 122 EU 149164968 123 EU 48375432 
25 HIDDEN_CHAIN 17 EU 149164968 124 EU 2129920 125 EU 28672000 126 EU 16777216 127 EU 48375432 
26 HIDDEN_CHAIN 18 EU 176160768 128 EU 149164968 129 EU 176160768 130 NA 48067448 131 EU 56255160 
27 HIDDEN_CHAIN 19 EU 1638400 132 EU 176160768 133 EU 48375432 134 EU 56255160 135 NA 24371136 
28 HIDDEN_CHAIN 20 EU 149164968 136 NA 48067448 137 EU 149164968 138 EU 28820368 139 EU 54222072 
29 HIDDEN_CHAIN 21 EU 176160768 140 EU 149164968 141 EU 176160768 142 NA 48067448 143 EU 149164968 
30 HIDDEN_CHAIN 22 EU 3178584 144 EU 176160768 145 NA 48067448 146 EU 56255160 147 EU 28820368 
31 HIDDEN_CHAIN 23 EU 56255160 148 NA 13480656 149 EU 149164968 150 EU 176160768 151 EU 12288000 
32 HIDDEN_CHAIN 24 EU 55892616 152 EU 56255160 153 EU 48375432 154 EU 28820368 155 EU 28672000 
33 HIDDEN_CHAIN 25 EU 54222072 156 EU 55892616 157 EU 3178584 158 EU 149164968 159 NA 66605352 
34 HIDDEN_CHAIN 26 EU 28672000 160 NA 48067448 161 EU 149164968 162 EU 34292528 163 EU 176160768 
35 HIDDEN_CHAIN 27 NA 41636560 164 EU 149164968 165 EU 48375432 166 NA 48067448 167 EU 56255160 
36 HIDDEN_CHAIN 28 NA 48067448 168 EU 176160768 169 EU 54222072 170 EU 149164968 171 EU 34292528 
37 HIDDEN_CHAIN 29 EU 149164968 172 EU 2129920 173 EU 28672000 174 EU 16777216 175 EU 12288000 
38 HIDDEN_CHAIN 30 EU 55892616 176 EU 56255160 177 EU 48375432 178 EU 43927184 179 EU 56255160 
39 HIDDEN_CHAIN 31 EU 5898240 180 EU 176160768 181 NA 9216000 182 EU 56255160 183 NA 24371136 
40 HIDDEN_CHAIN 32 EU 149164968 184 NA 48067448 185 EU 11591680 186 NA 41636560 187 NA 66605352 
41 HIDDEN_CHAIN 33 EU 55892616 188 EU 149164968 189 EU 16777216 190 NA 48067448 191 EU 28672000 
42 HIDDEN_CHAIN 34 NA 13480656 192 EU 176160768 193 EU 43927184 194 EU 149164968 195 EU 176160768 
43 HIDDEN_CHAIN 35 EU 56255160 196 EU 5898240 197 EU 56255160 198 NA 66605352 199 EU 54222072 
44 HIDDEN_CHAIN 36 EU 34292528 200 EU 56255160 201 EU 48375432 202 NA 48067448 203 EU 28672000 
45 HIDDEN_CHAIN 37 NA 13480656 204 NA 41636560 205 EU 5898240 206 EU 149164968 207 EU 48375432 
46 HIDDEN_CHAIN 38 EU 28672000 208 NA 48067448 209 EU 11591680 210 EU 48375432 211 EU 43927184 
47 HIDDEN_CHAIN 39 NA 66605352 212 EU 149164968 213 NA 41636560 214 EU 54222072 215 EU 56255160 
48 HIDDEN_CHAIN 40 NA 3391304 216 EU 176160768 217 NA 9216000 218 EU 28672000 219 EU 48375432 
49 HIDDEN_CHAIN 41 EU 56255160 220 EU 43927184 221 EU 56255160 222 EU 48375432 223 NA 48067448 
50 HIDDEN_CHAIN 42 EU 176160768 224 EU 56255160 225 NA 41636560 226 EU 43927184 227 EU 28672000 
51 HIDDEN_CHAIN 43 NA 8044008 228 EU 34292528 229 NA 13480656 230 EU 56255160 231 NA 66605352 
52 HIDDEN_CHAIN 44 EU 149164968 232 NA 8044008 233 EU 28672000 234 NA 66605352 235 NA 13480656 
53 HIDDEN_CHAIN 45 EU 176160768 236 EU 149164968 237 NA 66605352 238 EU 54222072 239 EU 56255160 
54 HIDDEN_CHAIN 46 EU 43927184 240 EU 19660800 241 EU 43927184 242 EU 149164968 243 EU 34292528 
55 HIDDEN_CHAIN 47 EU 149164968 244 EU 54222072 245 EU 11591680 246 EU 16777216 247 EU 43927184 
56 HIDDEN_CHAIN 48 EU 34292528 248 EU 11591680 249 NA 66605352 250 NA 8044008 251 EU 149164968 
57 HIDDEN_CHAIN 49 EU 8192000 252 NA 41636560 253 EU 6296704 254 EU 28672000 255 EU 48375432 
58 HIDDEN_CHAIN 50 EU 56255160 256 EU 54222072 257 EU 28672000 258 EU 48375432 259 EU 28820368 
59 HIDDEN_CHAIN 51 EU 176160768 260 EU 56255160 261 EU 48375432 262 EU 54222072 263 EU 11591680 
60 HIDDEN_CHAIN 52 EU 54222072 264 NA 41636560 265 EU 5898240 266 EU 28672000 267 EU 28820368 
61 HIDDEN_CHAIN 53 EU 149164968 268 NA 8388608 269 EU 56255160 270 EU 19660800 271 NA 9216000 
62 HIDDEN_CHAIN 54 EU 48375432 272 EU 149164968 273 NA 24371136 274 EU 54222072 275 EU 149164968 
63 HIDDEN_CHAIN 55 EU 176160768 276 EU 16777216 277 EU 43927184 278 EU 56255160 279 EU 48375432 
