0 BRANCH 0 EU 34292528 1 NA 13480656 2 EU 28672000 3 EU 34292528 4 EU 54222072 5 EU 11591680 6 EU 176160768 
1 CHAIN 0 EU 34292528 7 NA 9216000 8 EU 149164968 9 NA 66605352 10 EU 16777216 11 EU 149164968 12 EU 19660800 13 EU 43927184 
2 CHAIN 1 NA 13480656 14 EU 149164968 15 EU 176160768 16 NA 48067448 17 EU 149164968 18 EU 176160768 19 EU 54222072 20 EU 56255160 
3 CHAIN 2 EU 28672000 21 EU 48375432 22 EU 54222072 23 EU 56255160 24 EU 16777216 25 NA 48067448 26 EU 56255160 27 EU 48375432 
4 CHAIN 3 EU 34292528 28 NA 9216000 29 EU 28672000 30 EU 176160768 31 NA 5079504 32 EU 56255160 33 NA 66605352 34 NA 48067448 
5 CHAIN 4 EU 54222072 35 EU 28672000 36 EU 55892616 37 NA 48067448 38 EU 149164968 39 EU 176160768 40 NA 48067448 41 EU 149164968 
6 CHAIN 5 EU 11591680 42 EU 48375432 43 NA 48067448 44 EU 28672000 45 NA 41636560 46 NA 48067448 47 EU 149164968 48 NA 41636560 
7 CHAIN 6 EU 176160768 49 EU 48375432 50 EU 149164968 51 EU 48375432 52 EU 54222072 53 EU 11591680 54 EU 28820368 55 NA 66605352 
8 HIDDEN_BRANCH 0 EU 34292528 56 EU 56255160 57 EU 34292528 58 NA 48067448 59 EU 28672000 
9 HIDDEN_BRANCH 1 NA 13480656 60 EU 34292528 61 EU 176160768 62 EU 149164968 63 EU 28820368 
10 HIDDEN_BRANCH 2 EU 28672000 64 EU 43927184 65 EU 28672000 66 EU 16777216 67 EU 48375432 
11 HIDDEN_BRANCH 3 EU 34292528 68 EU 149164968 69 EU 34292528 70 EU 176160768 71 EU 149164968 
12 HIDDEN_BRANCH 4 EU 54222072 72 EU 48375432 73 NA 8388608 74 EU 56255160 75 EU 176160768 
13 HIDDEN_BRANCH 5 EU 11591680 76 NA 13480656 77 EU 149164968 78 EU 176160768 79 NA 8044008 
14 HIDDEN_BRANCH 6 EU 176160768 80 EU 149164968 81 EU 176160768 82 EU 43927184 83 NA 819200 
15 HIDDEN_CHAIN 7 NA 9216000 84 EU 176160768 85 EU 48375432 86 EU 56255160 87 EU 48375432 
16 HIDDEN_CHAIN 8 EU 149164968 88 NA 48067448 89 EU 149164968 90 EU 48375432 91 EU 43927184 
17 HIDDEN_CHAIN 9 NA 66605352 92 EU 11591680 93 EU 28820368 94 EU 43927184 95 EU 56255160 
18 HIDDEN_CHAIN 10 EU 16777216 96 NA 66605352 97 NA 48067448 98 EU 56255160 99 EU 176160768 
19 HIDDEN_CHAIN 11 EU 149164968 100 NA 66605352 101 EU 149164968 102 NA 41636560 103 NA 13480656 
20 HIDDEN_CHAIN 12 EU 19660800 104 EU 149164968 105 NA 66605352 106 EU 43927184 107 EU 11591680 
21 HIDDEN_CHAIN 13 EU 43927184 108 EU 16777216 109 EU 176160768 110 EU 149164968 111 NA 41636560 
22 HIDDEN_CHAIN 14 EU 149164968 112 EU 12288000 113 EU 28672000 114 EU 34292528 115 EU 55892616 
23 HIDDEN_CHAIN 15 EU 176160768 116 EU 149164968 117 NA 41636560 118 EU 12288000 119 EU 149164968 
24 HIDDEN_CHAIN 16 NA 48067448 120 NA 41636560 121 EU 43927184 122 EU 56255160 123 EU 28820368 
25 HIDDEN_CHAIN 17 EU 149164968 124 EU 12288000 125 EU 149164968 126 EU 16777216 127 NA 48067448 
26 HIDDEN_CHAIN 18 EU 176160768 128 EU 56255160 129 EU 48375432 130 EU 43927184 131 EU 11591680 
27 HIDDEN_CHAIN 19 EU 54222072 132 NA 24371136 133 EU 54222072 134 EU 28672000 135 EU 19660800 
28 HIDDEN_CHAIN 20 EU 56255160 136 EU 43927184 137 EU 149164968 138 EU 34292528 139 EU 28820368 
29 HIDDEN_CHAIN 21 EU 48375432 140 EU 149164968 141 EU 48375432 142 EU 2129920 143 EU 28672000 
30 HIDDEN_CHAIN 22 EU 54222072 144 EU 34292528 145 EU 43927184 146 EU 11591680 147 EU 48375432 
31 HIDDEN_CHAIN 23 EU 56255160 148 NA 48067448 149 EU 149164968 150 EU 16777216 151 NA 41636560 
32 HIDDEN_CHAIN 24 EU 16777216 152 EU 56255160 153 EU 48375432 154 EU 176160768 155 EU 149164968 
33 HIDDEN_CHAIN 25 NA 48067448 156 EU 48375432 157 EU 2129920 158 EU 11591680 159 NA 66605352 
34 HIDDEN_CHAIN 26 EU 56255160 160 EU 48375432 161 EU 149164968 162 EU 34292528 163 EU 54222072 
35 HIDDEN_CHAIN 27 EU 48375432 164 EU 56255160 165 EU 176160768 166 NA 41636560 167 EU 56255160 
36 HIDDEN_CHAIN 28 NA 9216000 168 NA 41636560 169 EU 176160768 170 EU 56255160 171 NA 24371136 
37 HIDDEN_CHAIN 29 EU 28672000 172 EU 54222072 173 EU 149164968 174 EU 176160768 175 NA 48067448 
38 HIDDEN_CHAIN 30 EU 176160768 176 EU 28672000 177 NA 66605352 178 EU 176160768 179 EU 149164968 
39 HIDDEN_CHAIN 31 NA 5079504 180 EU 34292528 181 EU 6296704 182 EU 56255160 183 EU 34292528 
40 HIDDEN_CHAIN 32 EU 56255160 184 NA 8388608 185 EU 56255160 186 NA 66605352 187 NA 24371136 
41 HIDDEN_CHAIN 33 NA 66605352 188 EU 149164968 189 EU 19660800 190 EU 4096000 191 EU 28672000 
42 HIDDEN_CHAIN 34 NA 48067448 192 EU 34292528 193 NA 48067448 194 EU 56255160 195 EU 48375432 
43 HIDDEN_CHAIN 35 EU 28672000 196 EU 43927184 197 EU 56255160 198 EU 28820368 199 EU 43927184 
44 HIDDEN_CHAIN 36 EU 55892616 200 NA 819200 201 EU 28820368 202 EU 12288000 203 EU 28672000 
45 HIDDEN_CHAIN 37 NA 48067448 204 EU 48375432 205 NA 48067448 206 EU 149164968 207 EU 34292528 
46 HIDDEN_CHAIN 38 EU 149164968 208 NA 41636560 209 EU 149164968 210 EU 55892616 211 NA 8044008 
47 HIDDEN_CHAIN 39 EU 176160768 212 EU 56255160 213 EU 55892616 214 EU 43927184 215 EU 149164968 
48 HIDDEN_CHAIN 40 NA 48067448 216 EU 19660800 217 EU 48375432 218 EU 56255160 219 NA 24371136 
49 HIDDEN_CHAIN 41 EU 149164968 220 EU 176160768 221 EU 56255160 222 EU 176160768 223 EU 54222072 
50 HIDDEN_CHAIN 42 EU 48375432 224 EU 28672000 225 NA 41636560 226 NA 24371136 227 EU 149164968 
51 HIDDEN_CHAIN 43 NA 48067448 228 EU 28820368 229 EU 34292528 230 EU 56255160 231 EU 19660800 
52 HIDDEN_CHAIN 44 EU 28672000 232 EU 43927184 233 EU 28672000 234 EU 48375432 235 EU 43927184 
53 HIDDEN_CHAIN 45 NA 41636560 236 EU 149164968 237 EU 34292528 238 EU 54222072 239 EU 56255160 
54 HIDDEN_CHAIN 46 NA 48067448 240 EU 34292528 241 NA 9216000 242 EU 28672000 243 NA 41636560 
55 HIDDEN_CHAIN 47 EU 149164968 244 EU 43927184 245 EU 28672000 246 EU 28820368 247 NA 8388608 
56 HIDDEN_CHAIN 48 NA 41636560 248 EU 56255160 249 NA 41636560 250 NA 8388608 251 EU 56255160 
57 HIDDEN_CHAIN 49 EU 48375432 252 EU 28820368 253 NA 48067448 254 EU 149164968 255 NA 66605352 
58 HIDDEN_CHAIN 50 EU 149164968 256 EU 43927184 257 EU 149164968 258 EU 176160768 259 NA 48067448 
59 HIDDEN_CHAIN 51 EU 48375432 260 EU 149164968 261 EU 176160768 262 NA 13480656 263 EU 56255160 
60 HIDDEN_CHAIN 52 EU 54222072 264 EU 48375432 265 NA 48067448 266 EU 149164968 267 NA 66605352 
61 HIDDEN_CHAIN 53 EU 11591680 268 NA 48067448 269 EU 149164968 270 EU 48375432 271 EU 8192000 
62 HIDDEN_CHAIN 54 EU 28820368 272 EU 149164968 273 EU 55892616 274 NA 4194304 275 EU 28672000 
63 HIDDEN_CHAIN 55 NA 66605352 276 EU 176160768 277 NA 9216000 278 EU 149164968 279 EU 176160768 
