0 BRANCH 0 NA 41636560 1 EU 43927184 2 EU 149164968 3 EU 48375432 4 NA 66605352 5 EU 28672000 6 NA 66605352 
1 CHAIN 0 NA 41636560 7 NA 41636560 8 EU 149164968 9 NA 24371136 10 NA 41636560 11 EU 56255160 12 EU 176160768 13 EU 5898240 
2 CHAIN 1 EU 43927184 14 EU 149164968 15 EU 28820368 16 EU 54222072 17 EU 11591680 18 NA 66605352 19 EU 8192000 20 EU 56255160 
3 CHAIN 2 EU 149164968 21 EU 176160768 22 NA 48067448 23 EU 28672000 24 NA 24371136 25 EU 55892616 26 EU 28672000 27 EU 48375432 
4 CHAIN 3 EU 48375432 28 EU 8192000 29 EU 56255160 30 EU 176160768 31 EU 43927184 32 EU 11591680 33 EU 176160768 34 EU 4096000 
5 CHAIN 4 NA 66605352 35 EU 28672000 36 EU 176160768 37 EU 34292528 38 EU 149164968 39 NA 66605352 40 EU 55892616 41 EU 149164968 
6 CHAIN 5 EU 28672000 42 EU 34292528 43 EU 54222072 44 EU 149164968 45 EU 55892616 46 NA 66605352 47 EU 28672000 48 EU 48375432 
7 CHAIN 6 NA 66605352 49 NA 3391304 50 EU 149164968 51 EU 16777216 52 EU 12288000 53 EU 56255160 54 NA 66605352 55 EU 5898240 
8 HIDDEN_BRANCH 0 NA 41636560 56 EU 28672000 57 EU 48375432 58 NA 48067448 59 EU 56255160 
9 HIDDEN_BRANCH 1 EU 43927184 60 NA 66605352 61 NA 48067448 62 EU 149164968 63 EU 55892616 
10 HIDDEN_BRANCH 2 EU 149164968 64 EU 54222072 65 EU 28672000 66 EU 48375432 67 EU 43927184 
11 HIDDEN_BRANCH 3 EU 48375432 68 EU 149164968 69 EU 34292528 70 NA 819200 71 EU 28672000 
12 HIDDEN_BRANCH 4 NA 66605352 72 NA 24371136 73 NA 5079504 74 EU 11591680 75 EU 19660800 
13 HIDDEN_BRANCH 5 EU 28672000 76 EU 55892616 77 EU 56255160 78 EU 55892616 79 EU 34292528 
14 HIDDEN_BRANCH 6 NA 66605352 80 EU 11591680 81 EU 176160768 82 EU 12288000 83 EU 56255160 
15 HIDDEN_CHAIN 7 NA 41636560 84 EU 176160768 85 NA 48067448 86 EU 11591680 87 EU 16777216 
16 HIDDEN_CHAIN 8 EU 149164968 88 EU 43927184 89 EU 56255160 90 EU 28820368 91 NA 48067448 
17 HIDDEN_CHAIN 9 NA 24371136 92 EU 149164968 93 NA 66605352 94 EU 6296704 95 EU 149164968 
18 HIDDEN_CHAIN 10 NA 41636560 96 EU 55892616 97 NA 66605352 98 EU 56255160 99 EU 176160768 
19 HIDDEN_CHAIN 11 EU 56255160 100 NA 48067448 101 EU 56255160 102 EU 19660800 103 EU 176160768 
20 HIDDEN_CHAIN 12 EU 176160768 104 EU 149164968 105 EU 19660800 106 EU 12288000 107 EU 56255160 
21 HIDDEN_CHAIN 13 EU 5898240 108 EU 55892616 109 EU 54222072 110 EU 11591680 111 NA 66605352 
22 HIDDEN_CHAIN 14 EU 149164968 112 NA 48067448 113 EU 149164968 114 EU 48375432 115 NA 8044008 
23 HIDDEN_CHAIN 15 EU 28820368 116 EU 56255160 117 EU 176160768 118 NA 8388608 119 EU 28672000 
24 HIDDEN_CHAIN 16 EU 54222072 120 EU 19660800 121 EU 1024000 122 EU 56255160 123 NA 66605352 
25 HIDDEN_CHAIN 17 EU 11591680 124 NA 13480656 125 EU 28672000 126 NA 41636560 127 EU 5898240 
26 HIDDEN_CHAIN 18 NA 66605352 128 EU 149164968 129 EU 176160768 130 NA 66605352 131 EU 28672000 
27 HIDDEN_CHAIN 19 EU 8192000 132 EU 55892616 133 NA 3391304 134 EU 149164968 135 EU 16777216 
28 HIDDEN_CHAIN 20 EU 56255160 136 EU 55892616 137 EU 56255160 138 NA 66605352 139 EU 12288000 
29 HIDDEN_CHAIN 21 EU 176160768 140 EU 149164968 141 EU 176160768 142 EU 54222072 143 EU 2097152 
30 HIDDEN_CHAIN 22 NA 48067448 144 NA 24371136 145 NA 41636560 146 EU 149164968 147 EU 48375432 
31 HIDDEN_CHAIN 23 EU 28672000 148 NA 66605352 149 EU 149164968 150 EU 34292528 151 EU 43927184 
32 HIDDEN_CHAIN 24 NA 24371136 152 EU 11591680 153 EU 48375432 154 EU 16777216 155 EU 56255160 
33 HIDDEN_CHAIN 25 EU 55892616 156 EU 176160768 157 EU 34292528 158 EU 149164968 159 EU 176160768 
34 HIDDEN_CHAIN 26 EU 28672000 160 EU 48375432 161 EU 149164968 162 NA 66605352 163 NA 4194304 
35 HIDDEN_CHAIN 27 EU 48375432 164 EU 149164968 165 EU 28820368 166 EU 43927184 167 EU 149164968 
36 HIDDEN_CHAIN 28 EU 8192000 168 EU 176160768 169 NA 4194304 170 EU 149164968 171 EU 34292528 
37 HIDDEN_CHAIN 29 EU 56255160 172 NA 4194304 173 EU 149164968 174 NA 41636560 175 EU 28820368 
38 HIDDEN_CHAIN 30 EU 176160768 176 EU 149164968 177 EU 34292528 178 EU 6296704 179 EU 56255160 
39 HIDDEN_CHAIN 31 EU 43927184 180 NA 41636560 181 EU 43927184 182 EU 28672000 183 NA 66605352 
40 HIDDEN_CHAIN 32 EU 11591680 184 NA 5079504 185 EU 28672000 186 EU 48375432 187 EU 4096000 
41 HIDDEN_CHAIN 33 EU 176160768 188 EU 149164968 189 EU 176160768 190 EU 54222072 191 EU 149164968 
42 HIDDEN_CHAIN 34 EU 4096000 192 EU 176160768 193 EU 54222072 194 EU 11591680 195 EU 55892616 
43 HIDDEN_CHAIN 35 EU 28672000 196 EU 6296704 197 EU 56255160 198 NA 41636560 199 EU 176160768 
44 HIDDEN_CHAIN 36 EU 176160768 200 EU 56255160 201 NA 24371136 202 EU 54222072 203 EU 149164968 
45 HIDDEN_CHAIN 37 EU 34292528 204 NA 66605352 205 EU 8192000 206 EU 56255160 207 EU 55892616 
46 HIDDEN_CHAIN 38 EU 149164968 208 NA 48067448 209 EU 149164968 210 EU 28820368 211 EU 48375432 
47 HIDDEN_CHAIN 39 NA 66605352 212 EU 56255160 213 NA 66605352 214 EU 54222072 215 EU 149164968 
48 HIDDEN_CHAIN 40 EU 55892616 216 EU 19660800 217 EU 54222072 218 EU 56255160 219 EU 34292528 
49 HIDDEN_CHAIN 41 EU 149164968 220 EU 3178584 221 EU 149164968 222 EU 55892616 223 EU 54222072 
50 HIDDEN_CHAIN 42 EU 34292528 224 EU 11591680 225 EU 16777216 226 EU 3178584 227 EU 149164968 
51 HIDDEN_CHAIN 43 EU 54222072 228 NA 66605352 229 NA 48067448 230 EU 149164968 231 NA 66605352 
52 HIDDEN_CHAIN 44 EU 149164968 232 NA 9216000 233 EU 56255160 234 NA 24371136 235 EU 43927184 
53 HIDDEN_CHAIN 45 EU 55892616 236 EU 11591680 237 EU 16777216 238 EU 2129920 239 EU 56255160 
54 HIDDEN_CHAIN 46 NA 66605352 240 EU 48375432 241 NA 48067448 242 EU 149164968 243 NA 41636560 
55 HIDDEN_CHAIN 47 EU 28672000 244 NA 48067448 245 EU 149164968 246 EU 34292528 247 EU 2457600 
56 HIDDEN_CHAIN 48 EU 48375432 248 EU 11591680 249 EU 48375432 250 EU 43927184 251 EU 149164968 
57 HIDDEN_CHAIN 49 NA 3391304 252 EU 28820368 253 EU 2048000 254 EU 56255160 255 NA 41636560 
58 HIDDEN_CHAIN 50 EU 149164968 256 EU 12288000 257 EU 28672000 258 NA 24371136 259 NA 3391304 
59 HIDDEN_CHAIN 51 EU 16777216 260 EU 56255160 261 EU 48375432 262 EU 43927184 263 EU 11591680 
60 HIDDEN_CHAIN 52 EU 12288000 264 NA 24371136 265 EU 176160768 266 EU 56255160 267 EU 16777216 
61 HIDDEN_CHAIN 53 EU 56255160 268 NA 48067448 269 EU 56255160 270 EU 16777216 271 EU 19660800 
62 HIDDEN_CHAIN 54 NA 66605352 272 EU 56255160 273 EU 16777216 274 EU 54222072 275 EU 56255160 
63 HIDDEN_CHAIN 55 EU 5898240 276 EU 28820368 277 EU 54222072 278 EU 28672000 279 NA 66605352 
