0 BRANCH 0 NA 66605352 1 EU 43927184 2 EU 56255160 3 EU 48375432 4 NA 66605352 5 EU 56255160 6 NA 24371136 
1 CHAIN 0 NA 66605352 7 EU 43927184 8 EU 28672000 9 NA 66605352 10 NA 48067448 11 EU 149164968 12 EU 48375432 13 NA 8044008 
2 CHAIN 1 EU 43927184 14 EU 149164968 15 EU 28820368 16 EU 55892616 17 EU 56255160 18 EU 34292528 19 NA 8388608 20 EU 149164968 
3 CHAIN 2 EU 56255160 21 EU 48375432 22 EU 6296704 23 EU 56255160 24 EU 176160768 25 EU 3178584 26 EU 149164968 27 EU 48375432 
4 CHAIN 3 EU 48375432 28 NA 9216000 29 EU 28672000 30 NA 66605352 31 EU 819200 32 EU 149164968 33 EU 34292528 34 EU 43927184 
5 CHAIN 4 NA 66605352 35 EU 56255160 36 EU 176160768 37 EU 19660800 38 EU 11591680 39 EU 48375432 40 EU 34292528 41 EU 56255160 
6 CHAIN 5 EU 56255160 42 EU 28820368 43 EU 43927184 44 EU 149164968 45 EU 55892616 46 EU 43927184 47 EU 56255160 48 EU 55892616 
7 CHAIN 6 NA 24371136 49 EU 2048000 50 EU 56255160 51 NA 41636560 52 NA 48067448 53 EU 56255160 54 EU 28820368 55 EU 54222072 
8 HIDDEN_BRANCH 0 NA 66605352 56 EU 56255160 57 EU 48375432 58 EU 43927184 59 EU 149164968 
9 HIDDEN_BRANCH 1 EU 43927184 60 EU 176160768 61 EU 54222072 62 EU 56255160 63 EU 55892616 
10 HIDDEN_BRANCH 2 EU 56255160 64 EU 54222072 65 EU 11591680 66 EU 48375432 67 NA 48067448 
11 HIDDEN_BRANCH 3 EU 48375432 68 EU 11591680 69 EU 19660800 70 EU 4096000 71 EU 28672000 
12 HIDDEN_BRANCH 4 NA 66605352 72 EU 16777216 73 NA 41636560 74 EU 28672000 75 NA 66605352 
13 HIDDEN_BRANCH 5 EU 56255160 76 EU 55892616 77 EU 56255160 78 EU 176160768 79 NA 41636560 
14 HIDDEN_BRANCH 6 NA 24371136 80 EU 56255160 81 EU 34292528 82 EU 176160768 83 EU 149164968 
15 HIDDEN_CHAIN 7 EU 43927184 84 EU 48375432 85 NA 48067448 86 EU 149164968 87 EU 19660800 
16 HIDDEN_CHAIN 8 EU 28672000 88 EU 176160768 89 EU 149164968 90 EU 48375432 91 EU 54222072 
17 HIDDEN_CHAIN 9 NA 66605352 92 EU 149164968 93 NA 24371136 94 EU 34292528 95 EU 149164968 
18 HIDDEN_CHAIN 10 NA 48067448 96 EU 48375432 97 EU 54222072 98 EU 28672000 99 EU 55892616 
19 HIDDEN_CHAIN 11 EU 149164968 100 EU 54222072 101 EU 11591680 102 NA 41636560 103 EU 48375432 
20 HIDDEN_CHAIN 12 EU 48375432 104 EU 149164968 105 EU 34292528 106 EU 43927184 107 EU 149164968 
21 HIDDEN_CHAIN 13 NA 8044008 108 NA 41636560 109 NA 4194304 110 EU 56255160 111 EU 55892616 
22 HIDDEN_CHAIN 14 EU 149164968 112 EU 12288000 113 EU 149164968 114 NA 66605352 115 EU 54222072 
23 HIDDEN_CHAIN 15 EU 28820368 116 EU 56255160 117 NA 66605352 118 EU 55892616 119 EU 149164968 
24 HIDDEN_CHAIN 16 EU 55892616 120 EU 34292528 121 EU 55892616 122 EU 56255160 123 EU 28820368 
25 HIDDEN_CHAIN 17 EU 56255160 124 NA 48067448 125 EU 149164968 126 NA 66605352 127 EU 54222072 
26 HIDDEN_CHAIN 18 EU 34292528 128 EU 56255160 129 EU 48375432 130 NA 41636560 131 EU 149164968 
27 HIDDEN_CHAIN 19 NA 8388608 132 NA 66605352 133 EU 43927184 134 EU 11591680 135 EU 55892616 
28 HIDDEN_CHAIN 20 EU 149164968 136 EU 48375432 137 EU 11591680 138 EU 48375432 139 EU 43927184 
29 HIDDEN_CHAIN 21 EU 48375432 140 EU 149164968 141 NA 66605352 142 NA 13480656 143 EU 149164968 
30 HIDDEN_CHAIN 22 EU 6296704 144 NA 66605352 145 NA 41636560 146 EU 11591680 147 EU 176160768 
31 HIDDEN_CHAIN 23 EU 56255160 148 EU 54222072 149 EU 11591680 150 NA 24371136 151 EU 48375432 
32 HIDDEN_CHAIN 24 EU 176160768 152 EU 56255160 153 NA 41636560 154 EU 54222072 155 EU 149164968 
33 HIDDEN_CHAIN 25 EU 3178584 156 NA 66605352 157 NA 13480656 158 EU 28672000 159 NA 41636560 
34 HIDDEN_CHAIN 26 EU 149164968 160 EU 12288000 161 EU 149164968 162 EU 34292528 163 NA 48067448 
35 HIDDEN_CHAIN 27 EU 48375432 164 EU 56255160 165 NA 41636560 166 NA 66605352 167 EU 149164968 
36 HIDDEN_CHAIN 28 NA 9216000 168 EU 176160768 169 EU 34292528 170 EU 56255160 171 NA 66605352 
37 HIDDEN_CHAIN 29 EU 28672000 172 EU 48375432 173 EU 56255160 174 EU 28820368 175 EU 54222072 
38 HIDDEN_CHAIN 30 NA 66605352 176 EU 11591680 177 EU 176160768 178 EU 1638400 179 EU 149164968 
39 HIDDEN_CHAIN 31 EU 819200 180 EU 19660800 181 EU 54222072 182 EU 149164968 183 EU 34292528 
40 HIDDEN_CHAIN 32 EU 149164968 184 NA 66605352 185 EU 149164968 186 EU 19660800 187 EU 48375432 
41 HIDDEN_CHAIN 33 EU 34292528 188 EU 56255160 189 NA 24371136 190 NA 8388608 191 EU 149164968 
42 HIDDEN_CHAIN 34 EU 43927184 192 EU 34292528 193 EU 6296704 194 EU 56255160 195 EU 34292528 
43 HIDDEN_CHAIN 35 EU 56255160 196 EU 48375432 197 EU 56255160 198 EU 176160768 199 NA 24371136 
44 HIDDEN_CHAIN 36 EU 176160768 200 EU 56255160 201 EU 28820368 202 EU 48375432 203 EU 56255160 
45 HIDDEN_CHAIN 37 EU 19660800 204 EU 19660800 205 NA 48067448 206 EU 149164968 207 NA 66605352 
46 HIDDEN_CHAIN 38 EU 11591680 208 NA 48067448 209 EU 28672000 210 EU 48375432 211 EU 54222072 
47 HIDDEN_CHAIN 39 EU 48375432 212 EU 149164968 213 EU 28820368 214 EU 176160768 215 EU 28672000 
48 HIDDEN_CHAIN 40 EU 34292528 216 NA 66605352 217 NA 8044008 218 EU 28672000 219 EU 48375432 
49 HIDDEN_CHAIN 41 EU 56255160 220 NA 9216000 221 EU 56255160 222 NA 41636560 223 EU 54222072 
50 HIDDEN_CHAIN 42 EU 28820368 224 EU 149164968 225 EU 48375432 226 EU 54222072 227 EU 28672000 
51 HIDDEN_CHAIN 43 EU 43927184 228 EU 16777216 229 EU 12288000 230 EU 56255160 231 NA 66605352 
52 HIDDEN_CHAIN 44 EU 149164968 232 EU 5898240 233 EU 149164968 234 NA 41636560 235 NA 48067448 
53 HIDDEN_CHAIN 45 EU 55892616 236 EU 149164968 237 NA 66605352 238 NA 48067448 239 EU 149164968 
54 HIDDEN_CHAIN 46 EU 43927184 240 NA 66605352 241 NA 8388608 242 EU 56255160 243 EU 176160768 
55 HIDDEN_CHAIN 47 EU 56255160 244 NA 66605352 245 EU 149164968 246 EU 19660800 247 EU 43927184 
56 HIDDEN_CHAIN 48 EU 55892616 248 EU 56255160 249 NA 66605352 250 NA 48067448 251 EU 149164968 
57 HIDDEN_CHAIN 49 EU 2048000 252 NA 24371136 253 EU 43927184 254 EU 149164968 255 EU 34292528 
58 HIDDEN_CHAIN 50 EU 56255160 256 NA 13480656 257 EU 149164968 258 EU 34292528 259 NA 8388608 
59 HIDDEN_CHAIN 51 NA 41636560 260 EU 11591680 261 EU 28820368 262 NA 9216000 263 EU 149164968 
60 HIDDEN_CHAIN 52 NA 48067448 264 EU 55892616 265 EU 54222072 266 EU 149164968 267 NA 66605352 
61 HIDDEN_CHAIN 53 EU 56255160 268 EU 54222072 269 EU 28672000 270 EU 28820368 271 EU 176160768 
62 HIDDEN_CHAIN 54 EU 28820368 272 EU 56255160 273 EU 55892616 274 EU 54222072 275 EU 149164968 
63 HIDDEN_CHAIN 55 EU 54222072 276 NA 41636560 277 NA 5079504 278 EU 149164968 279 NA 24371136 
