0 BRANCH 0 EU 19660800 1 NA 8044008 2 EU 149164968 3 NA 24371136 4 EU 34292528 5 EU 56255160 6 EU 176160768 
1 CHAIN 0 EU 19660800 7 NA 48067448 8 EU 56255160 9 EU 28820368 10 NA 8388608 11 EU 149164968 12 EU 34292528 13 NA 48067448 
2 CHAIN 1 NA 8044008 14 EU 149164968 15 EU 34292528 16 EU 43927184 17 EU 149164968 18 NA 24371136 19 EU 4096000 20 EU 149164968 
3 CHAIN 2 EU 149164968 21 EU 34292528 22 EU 54222072 23 EU 11591680 24 EU 176160768 25 EU 43927184 26 EU 149164968 27 NA 41636560 
4 CHAIN 3 NA 24371136 28 NA 66605352 29 EU 56255160 30 NA 66605352 31 NA 8044008 32 EU 11591680 33 EU 28820368 34 EU 54222072 
5 CHAIN 4 EU 34292528 35 EU 11591680 36 EU 28820368 37 EU 4096000 38 EU 149164968 39 EU 48375432 40 EU 54222072 41 EU 149164968 
6 CHAIN 5 EU 56255160 42 EU 176160768 43 EU 43927184 44 EU 149164968 45 EU 28820368 46 EU 12288000 47 NA 819200 48 NA 66605352 
7 CHAIN 6 EU 176160768 49 NA 41636560 50 EU 149164968 51 NA 66605352 52 EU 48375432 53 EU 28672000 54 NA 66605352 55 NA 9216000 
8 HIDDEN_BRANCH 0 EU 19660800 56 EU 28672000 57 NA 41636560 58 NA 66605352 59 EU 149164968 
9 HIDDEN_BRANCH 1 NA 8044008 60 NA 66605352 61 NA 41636560 62 EU 56255160 63 NA 41636560 
10 HIDDEN_BRANCH 2 EU 149164968 64 NA 13480656 65 EU 56255160 66 NA 66605352 67 EU 176160768 
11 HIDDEN_BRANCH 3 NA 24371136 68 EU 56255160 69 NA 66605352 70 EU 54222072 71 EU 149164968 
12 HIDDEN_BRANCH 4 EU 34292528 72 NA 24371136 73 NA 48067448 74 EU 56255160 75 NA 66605352 
13 HIDDEN_BRANCH 5 EU 56255160 76 NA 48067448 77 EU 149164968 78 EU 28820368 79 NA 5079504 
14 HIDDEN_BRANCH 6 EU 176160768 80 EU 149164968 81 EU 55892616 82 EU 54222072 83 EU 149164968 
15 HIDDEN_CHAIN 7 NA 48067448 84 NA 24371136 85 EU 43927184 86 EU 149164968 87 NA 41636560 
16 HIDDEN_CHAIN 8 EU 56255160 88 EU 55892616 89 EU 56255160 90 EU 55892616 91 EU 2457600 
17 HIDDEN_CHAIN 9 EU 28820368 92 EU 56255160 93 EU 19660800 94 EU 8192000 95 EU 28672000 
18 HIDDEN_CHAIN 10 NA 8388608 96 NA 66605352 97 EU 6296704 98 EU 149164968 99 EU 34292528 
19 HIDDEN_CHAIN 11 EU 149164968 100 NA 13480656 101 EU 11591680 102 EU 19660800 103 NA 8388608 
20 HIDDEN_CHAIN 12 EU 34292528 104 EU 2097152 105 NA 24371136 106 EU 54222072 107 EU 11591680 
21 HIDDEN_CHAIN 13 NA 48067448 108 EU 19660800 109 EU 176160768 110 EU 149164968 111 EU 55892616 
22 HIDDEN_CHAIN 14 EU 149164968 112 NA 5079504 113 EU 11591680 114 NA 41636560 115 EU 2129920 
23 HIDDEN_CHAIN 15 EU 34292528 116 EU 149164968 117 EU 34292528 118 NA 48067448 119 EU 149164968 
24 HIDDEN_CHAIN 16 EU 43927184 120 EU 176160768 121 NA 1605632 122 EU 149164968 123 NA 66605352 
25 HIDDEN_CHAIN 17 EU 149164968 124 NA 48067448 125 EU 28672000 126 NA 66605352 127 EU 43927184 
26 HIDDEN_CHAIN 18 NA 24371136 128 EU 149164968 129 EU 16777216 130 NA 8388608 131 EU 28672000 
27 HIDDEN_CHAIN 19 EU 4096000 132 EU 176160768 133 EU 54222072 134 EU 149164968 135 NA 66605352 
28 HIDDEN_CHAIN 20 EU 149164968 136 NA 3391304 137 EU 56255160 138 NA 66605352 139 EU 54222072 
29 HIDDEN_CHAIN 21 EU 34292528 140 EU 56255160 141 NA 66605352 142 EU 12288000 143 EU 56255160 
30 HIDDEN_CHAIN 22 EU 54222072 144 NA 66605352 145 EU 4096000 146 EU 28672000 147 NA 66605352 
31 HIDDEN_CHAIN 23 EU 11591680 148 EU 48375432 149 EU 149164968 150 NA 66605352 151 NA 8388608 
32 HIDDEN_CHAIN 24 EU 176160768 152 EU 149164968 153 NA 66605352 154 EU 19660800 155 EU 56255160 
33 HIDDEN_CHAIN 25 EU 43927184 156 EU 55892616 157 NA 66605352 158 EU 149164968 159 NA 66605352 
34 HIDDEN_CHAIN 26 EU 149164968 160 NA 48067448 161 EU 56255160 162 NA 24371136 163 NA 41636560 
35 HIDDEN_CHAIN 27 NA 41636560 164 EU 149164968 165 NA 24371136 166 EU 54222072 167 EU 149164968 
36 HIDDEN_CHAIN 28 NA 66605352 168 EU 48375432 169 EU 43927184 170 EU 56255160 171 NA 66605352 
37 HIDDEN_CHAIN 29 EU 56255160 172 EU 43927184 173 EU 56255160 174 NA 66605352 175 EU 12288000 
38 HIDDEN_CHAIN 30 NA 66605352 176 EU 149164968 177 NA 66605352 178 NA 13480656 179 EU 56255160 
39 HIDDEN_CHAIN 31 NA 8044008 180 EU 48375432 181 NA 9216000 182 EU 149164968 183 EU 176160768 
40 HIDDEN_CHAIN 32 EU 11591680 184 NA 66605352 185 EU 149164968 186 EU 48375432 187 EU 54222072 
41 HIDDEN_CHAIN 33 EU 28820368 188 EU 149164968 189 EU 176160768 190 NA 48067448 191 EU 56255160 
42 HIDDEN_CHAIN 34 EU 54222072 192 NA 66605352 193 NA 13480656 194 EU 56255160 195 EU 176160768 
43 HIDDEN_CHAIN 35 EU 11591680 196 EU 43927184 197 EU 56255160 198 EU 55892616 199 NA 8044008 
44 HIDDEN_CHAIN 36 EU 28820368 200 EU 2097152 201 NA 66605352 202 EU 54222072 203 EU 28672000 
45 HIDDEN_CHAIN 37 EU 4096000 204 NA 66605352 205 EU 54222072 206 EU 149164968 207 EU 19660800 
46 HIDDEN_CHAIN 38 EU 149164968 208 NA 48067448 209 EU 56255160 210 NA 41636560 211 EU 55892616 
47 HIDDEN_CHAIN 39 EU 48375432 212 EU 149164968 213 NA 66605352 214 EU 54222072 215 EU 149164968 
48 HIDDEN_CHAIN 40 EU 54222072 216 EU 55892616 217 NA 41636560 218 EU 149164968 219 EU 55892616 
49 HIDDEN_CHAIN 41 EU 149164968 220 NA 48067448 221 EU 28672000 222 NA 41636560 223 EU 43927184 
50 HIDDEN_CHAIN 42 EU 176160768 224 EU 149164968 225 EU 55892616 226 NA 9216000 227 EU 149164968 
51 HIDDEN_CHAIN 43 EU 43927184 228 NA 66605352 229 EU 43927184 230 EU 149164968 231 EU 19660800 
52 HIDDEN_CHAIN 44 EU 149164968 232 EU 8192000 233 EU 149164968 234 EU 34292528 235 NA 4194304 
53 HIDDEN_CHAIN 45 EU 28820368 236 EU 56255160 237 EU 55892616 238 NA 8388608 239 EU 11591680 
54 HIDDEN_CHAIN 46 EU 12288000 240 EU 28820368 241 EU 19660800 242 EU 149164968 243 NA 66605352 
55 HIDDEN_CHAIN 47 NA 819200 244 EU 55892616 245 EU 56255160 246 NA 41636560 247 NA 48067448 
56 HIDDEN_CHAIN 48 NA 66605352 248 EU 149164968 249 EU 176160768 250 NA 48067448 251 EU 28672000 
57 HIDDEN_CHAIN 49 NA 41636560 252 NA 41636560 253 EU 4096000 254 EU 28672000 255 EU 28820368 
58 HIDDEN_CHAIN 50 EU 149164968 256 EU 6296704 257 EU 56255160 258 EU 55892616 259 EU 34292528 
59 HIDDEN_CHAIN 51 NA 66605352 260 EU 28672000 261 NA 41636560 262 EU 176160768 263 EU 56255160 
60 HIDDEN_CHAIN 52 EU 48375432 264 EU 19660800 265 EU 54222072 266 EU 56255160 267 EU 48375432 
61 HIDDEN_CHAIN 53 EU 28672000 268 EU 1064960 269 EU 56255160 270 EU 48375432 271 NA 5079504 
62 HIDDEN_CHAIN 54 NA 66605352 272 EU 28672000 273 NA 66605352 274 NA 13480656 275 EU 149164968 
63 HIDDEN_CHAIN 55 NA 9216000 276 EU 16777216 277 EU 12288000 278 EU 149164968 279 EU 176160768 
