0 BRANCH 0 NA 66605352 1 NA 41636560 2 EU 11591680 3 EU 55892616 4 NA 48067448 5 EU 28672000 6 NA 24371136 
1 CHAIN 0 NA 66605352 7 EU 43927184 8 EU 28672000 9 EU 48375432 10 EU 54222072 11 EU 149164968 12 EU 34292528 13 NA 48067448 
2 CHAIN 1 NA 41636560 14 EU 56255160 15 NA 66605352 16 NA 48067448 17 EU 56255160 18 EU 19660800 19 EU 176160768 20 EU 149164968 
3 CHAIN 2 EU 11591680 21 EU 176160768 22 EU 6296704 23 EU 11591680 24 EU 48375432 25 EU 8192000 26 EU 149164968 27 EU 34292528 
4 CHAIN 3 EU 55892616 28 NA 48067448 29 EU 56255160 30 EU 176160768 31 NA 8388608 32 EU 56255160 33 EU 48375432 34 EU 54222072 
5 CHAIN 4 NA 48067448 35 EU 28672000 36 NA 24371136 37 NA 66605352 38 EU 28672000 39 EU 34292528 40 NA 48067448 41 EU 2097152 
6 CHAIN 5 EU 28672000 42 EU 48375432 43 EU 54222072 44 EU 149164968 45 NA 66605352 46 EU 48375432 47 EU 2097152 48 NA 41636560 
7 CHAIN 6 NA 24371136 49 NA 9216000 50 EU 149164968 51 EU 34292528 52 NA 8044008 53 EU 56255160 54 NA 41636560 55 NA 9216000 
8 HIDDEN_BRANCH 0 NA 66605352 56 EU 56255160 57 EU 34292528 58 EU 54222072 59 EU 11591680 
9 HIDDEN_BRANCH 1 NA 41636560 60 EU 55892616 61 EU 54222072 62 NA 819200 63 EU 34292528 
10 HIDDEN_BRANCH 2 EU 11591680 64 NA 48067448 65 EU 56255160 66 EU 176160768 67 EU 12288000 
11 HIDDEN_BRANCH 3 EU 55892616 68 EU 56255160 69 NA 66605352 70 NA 48067448 71 EU 149164968 
12 HIDDEN_BRANCH 4 NA 48067448 72 EU 176160768 73 NA 66605352 74 EU 56255160 75 EU 48375432 
13 HIDDEN_BRANCH 5 EU 28672000 76 EU 6296704 77 EU 56255160 78 EU 176160768 79 EU 43927184 
14 HIDDEN_BRANCH 6 NA 24371136 80 NA 819200 81 EU 55892616 82 NA 8388608 83 EU 149164968 
15 HIDDEN_CHAIN 7 EU 43927184 84 EU 34292528 85 EU 48375432 86 EU 28672000 87 EU 48375432 
16 HIDDEN_CHAIN 8 EU 28672000 88 NA 5079504 89 EU 56255160 90 EU 34292528 91 EU 48375432 
17 HIDDEN_CHAIN 9 EU 48375432 92 EU 149164968 93 EU 55892616 94 NA 48067448 95 EU 28672000 
18 HIDDEN_CHAIN 10 EU 54222072 96 EU 34292528 97 EU 16777216 98 EU 149164968 99 EU 48375432 
19 HIDDEN_CHAIN 11 EU 149164968 100 EU 54222072 101 EU 56255160 102 EU 19660800 103 EU 48375432 
20 HIDDEN_CHAIN 12 EU 34292528 104 EU 149164968 105 EU 176160768 106 EU 54222072 107 EU 11591680 
21 HIDDEN_CHAIN 13 NA 48067448 108 EU 55892616 109 EU 6296704 110 EU 56255160 111 NA 41636560 
22 HIDDEN_CHAIN 14 EU 56255160 112 EU 54222072 113 EU 28672000 114 NA 41636560 115 NA 48067448 
23 HIDDEN_CHAIN 15 NA 66605352 116 EU 28672000 117 EU 19660800 118 EU 54222072 119 EU 56255160 
24 HIDDEN_CHAIN 16 NA 48067448 120 EU 55892616 121 EU 48375432 122 EU 56255160 123 NA 66605352 
25 HIDDEN_CHAIN 17 EU 56255160 124 EU 54222072 125 EU 149164968 126 NA 24371136 127 EU 55892616 
26 HIDDEN_CHAIN 18 EU 19660800 128 EU 56255160 129 NA 66605352 130 NA 13480656 131 EU 149164968 
27 HIDDEN_CHAIN 19 EU 176160768 132 NA 41636560 133 NA 24371136 134 EU 28672000 135 NA 66605352 
28 HIDDEN_CHAIN 20 EU 149164968 136 EU 55892616 137 EU 149164968 138 NA 24371136 139 NA 41636560 
29 HIDDEN_CHAIN 21 EU 176160768 140 EU 149164968 141 EU 34292528 142 NA 819200 143 EU 11591680 
30 HIDDEN_CHAIN 22 EU 6296704 144 NA 66605352 145 EU 4096000 146 EU 11591680 147 NA 41636560 
31 HIDDEN_CHAIN 23 EU 11591680 148 EU 43927184 149 EU 56255160 150 EU 28820368 151 EU 54222072 
32 HIDDEN_CHAIN 24 EU 48375432 152 EU 149164968 153 EU 16777216 154 NA 9216000 155 EU 56255160 
33 HIDDEN_CHAIN 25 EU 8192000 156 EU 55892616 157 NA 8044008 158 EU 149164968 159 EU 55892616 
34 HIDDEN_CHAIN 26 EU 149164968 160 EU 43927184 161 EU 56255160 162 EU 48375432 163 NA 48067448 
35 HIDDEN_CHAIN 27 EU 34292528 164 EU 149164968 165 EU 19660800 166 EU 43927184 167 EU 28672000 
36 HIDDEN_CHAIN 28 NA 48067448 168 NA 66605352 169 NA 8388608 170 EU 56255160 171 EU 176160768 
37 HIDDEN_CHAIN 29 EU 56255160 172 EU 54222072 173 EU 149164968 174 EU 16777216 175 EU 43927184 
38 HIDDEN_CHAIN 30 EU 176160768 176 EU 28672000 177 EU 48375432 178 EU 43927184 179 EU 28672000 
39 HIDDEN_CHAIN 31 NA 8388608 180 NA 41636560 181 NA 8388608 182 EU 149164968 183 NA 24371136 
40 HIDDEN_CHAIN 32 EU 56255160 184 EU 176160768 185 EU 149164968 186 NA 41636560 187 EU 4096000 
41 HIDDEN_CHAIN 33 EU 48375432 188 EU 11591680 189 EU 176160768 190 EU 8192000 191 EU 149164968 
42 HIDDEN_CHAIN 34 EU 54222072 192 EU 176160768 193 EU 54222072 194 EU 149164968 195 NA 66605352 
43 HIDDEN_CHAIN 35 EU 28672000 196 EU 2457600 197 EU 149164968 198 NA 66605352 199 NA 8044008 
44 HIDDEN_CHAIN 36 NA 24371136 200 EU 149164968 201 NA 66605352 202 EU 12288000 203 EU 56255160 
45 HIDDEN_CHAIN 37 NA 66605352 204 NA 41636560 205 EU 176160768 206 EU 56255160 207 EU 48375432 
46 HIDDEN_CHAIN 38 EU 28672000 208 EU 176160768 209 EU 11591680 210 NA 41636560 211 NA 8388608 
47 HIDDEN_CHAIN 39 EU 34292528 212 EU 149164968 213 EU 176160768 214 EU 43927184 215 EU 56255160 
48 HIDDEN_CHAIN 40 NA 48067448 216 NA 24371136 217 NA 13480656 218 EU 149164968 219 EU 48375432 
49 HIDDEN_CHAIN 41 EU 2097152 220 EU 8192000 221 EU 149164968 222 EU 28820368 223 EU 4096000 
50 HIDDEN_CHAIN 42 EU 48375432 224 EU 149164968 225 NA 24371136 226 EU 54222072 227 EU 149164968 
51 HIDDEN_CHAIN 43 EU 54222072 228 NA 66605352 229 NA 41636560 230 EU 56255160 231 EU 28820368 
52 HIDDEN_CHAIN 44 EU 149164968 232 EU 54222072 233 EU 149164968 234 NA 66605352 235 EU 5898240 
53 HIDDEN_CHAIN 45 NA 66605352 236 EU 149164968 237 EU 55892616 238 NA 48067448 239 EU 28672000 
54 HIDDEN_CHAIN 46 EU 48375432 240 EU 48375432 241 NA 8388608 242 EU 56255160 243 EU 16777216 
55 HIDDEN_CHAIN 47 EU 2097152 244 EU 54222072 245 EU 149164968 246 NA 41636560 247 EU 48375432 
56 HIDDEN_CHAIN 48 NA 41636560 248 EU 149164968 249 EU 19660800 250 NA 66605352 251 EU 149164968 
57 HIDDEN_CHAIN 49 NA 9216000 252 EU 55892616 253 EU 819200 254 EU 28672000 255 EU 34292528 
58 HIDDEN_CHAIN 50 EU 149164968 256 EU 176160768 257 EU 149164968 258 EU 176160768 259 EU 54222072 
59 HIDDEN_CHAIN 51 EU 34292528 260 EU 149164968 261 EU 16777216 262 NA 8388608 263 EU 56255160 
60 HIDDEN_CHAIN 52 NA 8044008 264 EU 16777216 265 NA 8388608 266 EU 28672000 267 EU 176160768 
61 HIDDEN_CHAIN 53 EU 56255160 268 EU 34292528 269 EU 149164968 270 EU 176160768 271 EU 54222072 
62 HIDDEN_CHAIN 54 NA 41636560 272 EU 149164968 273 EU 55892616 274 EU 54222072 275 EU 149164968 
63 HIDDEN_CHAIN 55 NA 9216000 276 EU 34292528 277 EU 54222072 278 EU 11591680 279 NA 66605352 
