0 BRANCH 0 EU 176160768 1 EU 8192000 2 EU 149164968 3 EU 176160768 4 EU 28820368 5 EU 56255160 6 NA 66605352 
1 CHAIN 0 EU 176160768 7 EU 3178584 8 EU 149164968 9 NA 24371136 10 NA 41636560 11 EU 56255160 12 EU 28820368 13 NA 48067448 
2 CHAIN 1 EU 8192000 14 EU 149164968 15 EU 48375432 16 EU 3178584 17 EU 56255160 18 EU 19660800 19 NA 48067448 20 EU 11591680 
3 CHAIN 2 EU 149164968 21 NA 24371136 22 NA 13480656 23 EU 2097152 24 NA 66605352 25 NA 48067448 26 EU 56255160 27 NA 41636560 
4 CHAIN 3 EU 176160768 28 NA 66605352 29 EU 56255160 30 NA 66605352 31 NA 48067448 32 EU 149164968 33 EU 176160768 34 EU 54222072 
5 CHAIN 4 EU 28820368 35 EU 149164968 36 EU 28820368 37 EU 54222072 38 EU 56255160 39 EU 48375432 40 NA 48067448 41 EU 56255160 
6 CHAIN 5 EU 56255160 42 NA 41636560 43 NA 13480656 44 EU 149164968 45 EU 28820368 46 EU 4096000 47 EU 149164968 48 EU 48375432 
7 CHAIN 6 NA 66605352 49 EU 34292528 50 EU 149164968 51 NA 66605352 52 NA 48067448 53 EU 149164968 54 EU 176160768 55 EU 1638400 
8 HIDDEN_BRANCH 0 EU 176160768 56 EU 28672000 57 NA 66605352 58 EU 48375432 59 EU 2097152 
9 HIDDEN_BRANCH 1 EU 8192000 60 EU 48375432 61 NA 3391304 62 EU 56255160 63 EU 48375432 
10 HIDDEN_BRANCH 2 EU 149164968 64 NA 24371136 65 EU 149164968 66 EU 28820368 67 NA 8388608 
11 HIDDEN_BRANCH 3 EU 176160768 68 EU 149164968 69 EU 19660800 70 NA 48067448 71 EU 56255160 
12 HIDDEN_BRANCH 4 EU 28820368 72 EU 19660800 73 NA 13480656 74 EU 11591680 75 EU 176160768 
13 HIDDEN_BRANCH 5 EU 56255160 76 EU 43927184 77 EU 149164968 78 EU 55892616 79 NA 48067448 
14 HIDDEN_BRANCH 6 NA 66605352 80 EU 149164968 81 EU 176160768 82 NA 9216000 83 EU 149164968 
15 HIDDEN_CHAIN 7 EU 3178584 84 EU 16777216 85 NA 9216000 86 EU 11591680 87 EU 176160768 
16 HIDDEN_CHAIN 8 EU 149164968 88 NA 13480656 89 EU 149164968 90 NA 66605352 91 EU 176160768 
17 HIDDEN_CHAIN 9 NA 24371136 92 EU 56255160 93 EU 55892616 94 EU 43927184 95 EU 56255160 
18 HIDDEN_CHAIN 10 NA 41636560 96 NA 66605352 97 NA 48067448 98 EU 56255160 99 EU 16777216 
19 HIDDEN_CHAIN 11 EU 56255160 100 NA 48067448 101 EU 56255160 102 EU 28820368 103 EU 54222072 
20 HIDDEN_CHAIN 12 EU 28820368 104 EU 149164968 105 NA 66605352 106 NA 48067448 107 EU 149164968 
21 HIDDEN_CHAIN 13 NA 48067448 108 EU 28820368 109 EU 43927184 110 EU 149164968 111 EU 55892616 
22 HIDDEN_CHAIN 14 EU 149164968 112 EU 43927184 113 EU 2097152 114 EU 48375432 115 NA 13480656 
23 HIDDEN_CHAIN 15 EU 48375432 116 EU 149164968 117 NA 66605352 118 NA 4194304 119 EU 11591680 
24 HIDDEN_CHAIN 16 EU 3178584 120 EU 16777216 121 NA 48067448 122 EU 149164968 123 EU 48375432 
25 HIDDEN_CHAIN 17 EU 56255160 124 EU 6296704 125 EU 28672000 126 EU 48375432 127 EU 54222072 
26 HIDDEN_CHAIN 18 EU 19660800 128 EU 56255160 129 EU 176160768 130 EU 43927184 131 EU 149164968 
27 HIDDEN_CHAIN 19 NA 48067448 132 EU 48375432 133 NA 48067448 134 EU 56255160 135 NA 66605352 
28 HIDDEN_CHAIN 20 EU 11591680 136 EU 2048000 137 EU 149164968 138 NA 66605352 139 EU 43927184 
29 HIDDEN_CHAIN 21 NA 24371136 140 EU 56255160 141 EU 28820368 142 NA 5079504 143 EU 28672000 
30 HIDDEN_CHAIN 22 NA 13480656 144 EU 176160768 145 EU 1064960 146 EU 149164968 147 NA 41636560 
31 HIDDEN_CHAIN 23 EU 2097152 148 EU 43927184 149 EU 149164968 150 NA 41636560 151 EU 2457600 
32 HIDDEN_CHAIN 24 NA 66605352 152 EU 149164968 153 EU 48375432 154 EU 54222072 155 EU 56255160 
33 HIDDEN_CHAIN 25 NA 48067448 156 NA 24371136 157 EU 54222072 158 EU 149164968 159 EU 19660800 
34 HIDDEN_CHAIN 26 EU 56255160 160 NA 48067448 161 EU 149164968 162 EU 176160768 163 EU 54222072 
35 HIDDEN_CHAIN 27 NA 41636560 164 EU 56255160 165 NA 24371136 166 NA 8044008 167 EU 56255160 
36 HIDDEN_CHAIN 28 NA 66605352 168 EU 19660800 169 NA 8388608 170 EU 149164968 171 EU 55892616 
37 HIDDEN_CHAIN 29 EU 56255160 172 NA 9216000 173 EU 11591680 174 NA 41636560 175 EU 54222072 
38 HIDDEN_CHAIN 30 NA 66605352 176 EU 56255160 177 EU 19660800 178 EU 48375432 179 EU 56255160 
39 HIDDEN_CHAIN 31 NA 48067448 180 NA 41636560 181 EU 55892616 182 EU 149164968 183 EU 19660800 
40 HIDDEN_CHAIN 32 EU 149164968 184 NA 48067448 185 EU 149164968 186 NA 66605352 187 EU 48375432 
41 HIDDEN_CHAIN 33 EU 176160768 188 EU 28672000 189 EU 55892616 190 NA 8388608 191 EU 56255160 
42 HIDDEN_CHAIN 34 EU 54222072 192 EU 55892616 193 EU 43927184 194 EU 149164968 195 EU 55892616 
43 HIDDEN_CHAIN 35 EU 149164968 196 EU 43927184 197 EU 28672000 198 NA 66605352 199 EU 43927184 
44 HIDDEN_CHAIN 36 EU 28820368 200 EU 11591680 201 EU 48375432 202 NA 66605352 203 EU 149164968 
45 HIDDEN_CHAIN 37 EU 54222072 204 EU 34292528 205 EU 43927184 206 EU 28672000 207 NA 41636560 
46 HIDDEN_CHAIN 38 EU 56255160 208 EU 5898240 209 EU 149164968 210 EU 176160768 211 NA 8388608 
47 HIDDEN_CHAIN 39 EU 48375432 212 EU 28672000 213 EU 176160768 214 NA 48067448 215 EU 28672000 
48 HIDDEN_CHAIN 40 NA 48067448 216 EU 19660800 217 EU 4096000 218 EU 28672000 219 EU 48375432 
49 HIDDEN_CHAIN 41 EU 56255160 220 EU 43927184 221 EU 149164968 222 EU 16777216 223 EU 19660800 
50 HIDDEN_CHAIN 42 NA 41636560 224 EU 149164968 225 EU 48375432 226 EU 28820368 227 EU 149164968 
51 HIDDEN_CHAIN 43 NA 13480656 228 EU 176160768 229 EU 54222072 230 EU 149164968 231 EU 48375432 
52 HIDDEN_CHAIN 44 EU 149164968 232 EU 43927184 233 EU 149164968 234 NA 41636560 235 NA 48067448 
53 HIDDEN_CHAIN 45 EU 28820368 236 EU 149164968 237 EU 19660800 238 NA 48067448 239 EU 149164968 
54 HIDDEN_CHAIN 46 EU 4096000 240 EU 28820368 241 EU 34292528 242 EU 56255160 243 EU 55892616 
55 HIDDEN_CHAIN 47 EU 149164968 244 EU 43927184 245 EU 11591680 246 EU 176160768 247 EU 54222072 
56 HIDDEN_CHAIN 48 EU 48375432 248 EU 149164968 249 EU 34292528 250 EU 2457600 251 EU 11591680 
57 HIDDEN_CHAIN 49 EU 34292528 252 EU 48375432 253 EU 3178584 254 EU 56255160 255 EU 55892616 
58 HIDDEN_CHAIN 50 EU 149164968 256 NA 48067448 257 EU 149164968 258 EU 34292528 259 EU 54222072 
59 HIDDEN_CHAIN 51 NA 66605352 260 EU 56255160 261 EU 55892616 262 NA 66605352 263 EU 149164968 
60 HIDDEN_CHAIN 52 NA 48067448 264 NA 41636560 265 EU 54222072 266 EU 2097152 267 EU 48375432 
61 HIDDEN_CHAIN 53 EU 149164968 268 EU 16777216 269 EU 28672000 270 NA 41636560 271 EU 176160768 
62 HIDDEN_CHAIN 54 EU 176160768 272 EU 149164968 273 EU 19660800 274 EU 176160768 275 EU 149164968 
63 HIDDEN_CHAIN 55 EU 1638400 276 EU 28820368 277 EU 54222072 278 EU 149164968 279 EU 34292528 
