0 BRANCH 0 EU 176160768 1 EU 8192000 2 EU 149164968 3 EU 176160768 4 NA 819200 5 EU 149164968 6 EU 48375432 
1 CHAIN 0 EU 176160768 7 EU 43927184 8 EU 149164968 9 NA 66605352 10 NA 13480656 11 EU 56255160 12 EU 28820368 13 EU 3178584 
2 CHAIN 1 EU 8192000 14 EU 56255160 15 EU 48375432 16 EU 55892616 17 EU 149164968 18 EU 34292528 19 EU 43927184 20 EU 28672000 
3 CHAIN 2 EU 149164968 21 EU 176160768 22 EU 1024000 23 EU 56255160 24 EU 176160768 25 EU 28820368 26 EU 56255160 27 EU 28820368 
4 CHAIN 3 EU 176160768 28 EU 55892616 29 EU 56255160 30 EU 48375432 31 EU 54222072 32 EU 149164968 33 EU 28820368 34 NA 41636560 
5 CHAIN 4 NA 819200 35 EU 149164968 36 EU 55892616 37 NA 13480656 38 EU 149164968 39 EU 48375432 40 NA 41636560 41 EU 28672000 
6 CHAIN 5 EU 149164968 42 NA 24371136 43 EU 1638400 44 EU 149164968 45 NA 66605352 46 NA 48067448 47 EU 56255160 48 EU 34292528 
7 CHAIN 6 EU 48375432 49 NA 13480656 50 EU 149164968 51 NA 41636560 52 EU 176160768 53 EU 56255160 54 EU 48375432 55 EU 43927184 
8 HIDDEN_BRANCH 0 EU 176160768 56 EU 149164968 57 EU 19660800 58 EU 176160768 59 EU 2097152 
9 HIDDEN_BRANCH 1 EU 8192000 60 NA 66605352 61 NA 48067448 62 EU 149164968 63 NA 66605352 
10 HIDDEN_BRANCH 2 EU 149164968 64 EU 43927184 65 EU 56255160 66 NA 66605352 67 EU 6296704 
11 HIDDEN_BRANCH 3 EU 176160768 68 EU 149164968 69 EU 34292528 70 NA 48067448 71 EU 28672000 
12 HIDDEN_BRANCH 4 NA 819200 72 EU 48375432 73 EU 176160768 74 EU 149164968 75 EU 176160768 
13 HIDDEN_BRANCH 5 EU 149164968 76 NA 48067448 77 EU 28672000 78 NA 66605352 79 EU 54222072 
14 HIDDEN_BRANCH 6 EU 48375432 80 EU 149164968 81 EU 55892616 82 EU 54222072 83 EU 28672000 
15 HIDDEN_CHAIN 7 EU 43927184 84 NA 24371136 85 EU 43927184 86 EU 149164968 87 EU 28820368 
16 HIDDEN_CHAIN 8 EU 149164968 88 EU 4096000 89 EU 149164968 90 NA 66605352 91 NA 48067448 
17 HIDDEN_CHAIN 9 NA 66605352 92 EU 149164968 93 EU 55892616 94 EU 54222072 95 EU 149164968 
18 HIDDEN_CHAIN 10 NA 13480656 96 EU 48375432 97 EU 4096000 98 EU 56255160 99 NA 41636560 
19 HIDDEN_CHAIN 11 EU 56255160 100 EU 176160768 101 EU 56255160 102 NA 41636560 103 EU 54222072 
20 HIDDEN_CHAIN 12 EU 28820368 104 EU 56255160 105 EU 176160768 106 EU 54222072 107 EU 149164968 
21 HIDDEN_CHAIN 13 EU 3178584 108 EU 48375432 109 EU 16777216 110 NA 819200 111 NA 41636560 
22 HIDDEN_CHAIN 14 EU 56255160 112 EU 43927184 113 EU 56255160 114 NA 66605352 115 NA 41636560 
23 HIDDEN_CHAIN 15 EU 48375432 116 EU 56255160 117 NA 66605352 118 NA 48067448 119 EU 149164968 
24 HIDDEN_CHAIN 16 EU 55892616 120 EU 176160768 121 EU 4096000 122 EU 56255160 123 NA 66605352 
25 HIDDEN_CHAIN 17 EU 149164968 124 EU 54222072 125 EU 28672000 126 NA 24371136 127 NA 5079504 
26 HIDDEN_CHAIN 18 EU 34292528 128 EU 149164968 129 EU 34292528 130 NA 66605352 131 EU 149164968 
27 HIDDEN_CHAIN 19 EU 43927184 132 EU 48375432 133 EU 43927184 134 EU 149164968 135 EU 28820368 
28 HIDDEN_CHAIN 20 EU 28672000 136 NA 13480656 137 EU 149164968 138 NA 66605352 139 NA 41636560 
29 HIDDEN_CHAIN 21 EU 176160768 140 EU 28672000 141 EU 176160768 142 NA 48067448 143 EU 28672000 
30 HIDDEN_CHAIN 22 EU 1024000 144 NA 24371136 145 NA 66605352 146 EU 149164968 147 EU 28820368 
31 HIDDEN_CHAIN 23 EU 56255160 148 EU 54222072 149 EU 56255160 150 NA 66605352 151 EU 176160768 
32 HIDDEN_CHAIN 24 EU 176160768 152 EU 56255160 153 NA 66605352 154 NA 13480656 155 EU 149164968 
33 HIDDEN_CHAIN 25 EU 28820368 156 EU 19660800 157 EU 176160768 158 EU 28672000 159 EU 55892616 
34 HIDDEN_CHAIN 26 EU 56255160 160 NA 66605352 161 EU 149164968 162 EU 55892616 163 EU 3178584 
35 HIDDEN_CHAIN 27 EU 28820368 164 EU 28672000 165 NA 24371136 166 NA 9216000 167 EU 149164968 
36 HIDDEN_CHAIN 28 EU 55892616 168 EU 48375432 169 NA 24371136 170 EU 149164968 171 NA 66605352 
37 HIDDEN_CHAIN 29 EU 56255160 172 EU 43927184 173 EU 149164968 174 EU 48375432 175 EU 176160768 
38 HIDDEN_CHAIN 30 EU 48375432 176 EU 28672000 177 NA 24371136 178 NA 8388608 179 EU 56255160 
39 HIDDEN_CHAIN 31 EU 54222072 180 NA 66605352 181 EU 54222072 182 EU 149164968 183 EU 55892616 
40 HIDDEN_CHAIN 32 EU 149164968 184 EU 54222072 185 EU 28672000 186 NA 66605352 187 NA 13480656 
41 HIDDEN_CHAIN 33 EU 28820368 188 EU 56255160 189 NA 66605352 190 NA 48067448 191 EU 149164968 
42 HIDDEN_CHAIN 34 NA 41636560 192 EU 34292528 193 EU 43927184 194 EU 56255160 195 EU 55892616 
43 HIDDEN_CHAIN 35 EU 149164968 196 NA 48067448 197 EU 11591680 198 EU 48375432 199 NA 48067448 
44 HIDDEN_CHAIN 36 EU 55892616 200 EU 149164968 201 NA 66605352 202 EU 19660800 203 EU 56255160 
45 HIDDEN_CHAIN 37 NA 13480656 204 NA 24371136 205 EU 54222072 206 EU 56255160 207 EU 55892616 
46 HIDDEN_CHAIN 38 EU 149164968 208 NA 41636560 209 EU 56255160 210 EU 16777216 211 EU 43927184 
47 HIDDEN_CHAIN 39 EU 48375432 212 EU 149164968 213 NA 66605352 214 NA 48067448 215 EU 28672000 
48 HIDDEN_CHAIN 40 NA 41636560 216 EU 55892616 217 NA 48067448 218 EU 56255160 219 EU 176160768 
49 HIDDEN_CHAIN 41 EU 28672000 220 NA 48067448 221 EU 2097152 222 EU 34292528 223 NA 13480656 
50 HIDDEN_CHAIN 42 NA 24371136 224 EU 56255160 225 EU 55892616 226 NA 66605352 227 EU 56255160 
51 HIDDEN_CHAIN 43 EU 1638400 228 NA 66605352 229 EU 34292528 230 EU 28672000 231 EU 55892616 
52 HIDDEN_CHAIN 44 EU 149164968 232 NA 48067448 233 EU 28672000 234 EU 176160768 235 EU 48375432 
53 HIDDEN_CHAIN 45 NA 66605352 236 EU 56255160 237 EU 48375432 238 EU 54222072 239 EU 28672000 
54 HIDDEN_CHAIN 46 NA 48067448 240 EU 48375432 241 EU 12288000 242 EU 56255160 243 NA 66605352 
55 HIDDEN_CHAIN 47 EU 56255160 244 EU 4096000 245 EU 56255160 246 NA 41636560 247 EU 6296704 
56 HIDDEN_CHAIN 48 EU 34292528 248 EU 56255160 249 EU 55892616 250 EU 54222072 251 EU 149164968 
57 HIDDEN_CHAIN 49 NA 13480656 252 NA 66605352 253 EU 6296704 254 EU 56255160 255 NA 66605352 
58 HIDDEN_CHAIN 50 EU 149164968 256 NA 48067448 257 EU 149164968 258 EU 34292528 259 EU 176160768 
59 HIDDEN_CHAIN 51 NA 41636560 260 EU 149164968 261 NA 41636560 262 EU 48375432 263 EU 149164968 
60 HIDDEN_CHAIN 52 EU 176160768 264 NA 66605352 265 NA 48067448 266 NA 819200 267 NA 41636560 
61 HIDDEN_CHAIN 53 EU 56255160 268 EU 34292528 269 EU 56255160 270 NA 41636560 271 NA 13480656 
62 HIDDEN_CHAIN 54 EU 48375432 272 EU 149164968 273 EU 176160768 274 EU 54222072 275 EU 56255160 
63 HIDDEN_CHAIN 55 EU 43927184 276 EU 176160768 277 EU 54222072 278 EU 149164968 279 EU 16777216 
