0 BRANCH 0 EU 176160768 1 NA 4194304 2 EU 149164968 3 EU 28820368 4 NA 13480656 5 EU 149164968 
1 CHAIN 0 EU 176160768 6 EU 176160768 7 NA 48067448 8 EU 149164968 9 NA 66605352 10 NA 13480656 11 EU 149164968 
2 CHAIN 1 NA 4194304 12 NA 41636560 13 NA 5079504 14 EU 28672000 15 EU 176160768 16 EU 43927184 17 EU 149164968 
3 CHAIN 2 EU 149164968 18 EU 28820368 19 EU 54222072 20 EU 56255160 21 EU 48375432 22 NA 13480656 23 EU 56255160 
4 CHAIN 3 EU 28820368 24 EU 176160768 25 NA 8388608 26 EU 28672000 27 EU 48375432 28 EU 16777216 29 EU 149164968 
5 CHAIN 4 NA 13480656 30 NA 66605352 31 EU 176160768 32 EU 56255160 33 EU 34292528 34 EU 8192000 35 EU 56255160 
6 CHAIN 5 EU 149164968 36 NA 66605352 37 EU 54222072 38 EU 149164968 39 EU 28820368 40 EU 54222072 41 EU 56255160 
7 HIDDEN_BRANCH 0 EU 176160768 42 EU 176160768 43 NA 48067448 44 EU 149164968 45 NA 66605352 
8 HIDDEN_BRANCH 1 NA 4194304 46 EU 19660800 47 EU 149164968 48 NA 41636560 49 EU 1638400 
9 HIDDEN_BRANCH 2 EU 149164968 50 EU 56255160 51 NA 66605352 52 NA 48067448 53 EU 56255160 
10 HIDDEN_BRANCH 3 EU 28820368 54 NA 66605352 55 EU 4096000 56 EU 149164968 57 NA 66605352 
11 HIDDEN_BRANCH 4 NA 13480656 58 EU 6296704 59 EU 149164968 60 NA 66605352 61 EU 43927184 
12 HIDDEN_BRANCH 5 EU 149164968 62 EU 56255160 63 NA 41636560 64 EU 43927184 65 EU 56255160 
13 HIDDEN_CHAIN 6 EU 176160768 66 EU 176160768 67 NA 48067448 68 EU 28672000 69 NA 24371136 
14 HIDDEN_CHAIN 7 NA 48067448 70 EU 2048000 71 EU 149164968 72 NA 66605352 73 EU 54222072 
15 HIDDEN_CHAIN 8 EU 149164968 74 EU 149164968 75 EU 28820368 76 NA 48067448 77 EU 28672000 
16 HIDDEN_CHAIN 9 NA 66605352 78 EU 34292528 79 NA 48067448 80 EU 149164968 81 EU 55892616 
17 HIDDEN_CHAIN 10 NA 13480656 82 NA 8388608 83 EU 149164968 84 NA 24371136 85 EU 54222072 
18 HIDDEN_CHAIN 11 EU 149164968 86 EU 149164968 87 NA 41636560 88 NA 13480656 89 EU 56255160 
19 HIDDEN_CHAIN 12 NA 41636560 90 EU 19660800 91 EU 4096000 92 EU 56255160 93 EU 176160768 
20 HIDDEN_CHAIN 13 NA 5079504 94 EU 43927184 95 EU 149164968 96 EU 176160768 97 EU 54222072 
21 HIDDEN_CHAIN 14 EU 28672000 98 EU 56255160 99 NA 41636560 100 EU 43927184 101 EU 149164968 
22 HIDDEN_CHAIN 15 EU 176160768 102 EU 176160768 103 EU 28820368 104 EU 56255160 105 EU 55892616 
23 HIDDEN_CHAIN 16 EU 43927184 106 EU 54222072 107 EU 28672000 108 NA 24371136 109 NA 8044008 
24 HIDDEN_CHAIN 17 EU 149164968 110 EU 28672000 111 EU 34292528 112 NA 9216000 113 EU 56255160 
25 HIDDEN_CHAIN 18 EU 28820368 114 EU 19660800 115 NA 8388608 116 EU 56255160 117 EU 176160768 
26 HIDDEN_CHAIN 19 EU 54222072 118 NA 13480656 119 EU 149164968 120 EU 55892616 121 NA 8388608 
27 HIDDEN_CHAIN 20 EU 56255160 122 EU 56255160 123 NA 66605352 124 EU 54222072 125 EU 56255160 
28 HIDDEN_CHAIN 21 EU 48375432 126 NA 24371136 127 NA 48067448 128 EU 28672000 129 NA 41636560 
29 HIDDEN_CHAIN 22 NA 13480656 130 EU 176160768 131 EU 149164968 132 EU 176160768 133 NA 9216000 
30 HIDDEN_CHAIN 23 EU 56255160 134 EU 56255160 135 NA 66605352 136 NA 1605632 137 EU 56255160 
31 HIDDEN_CHAIN 24 EU 176160768 138 NA 41636560 139 EU 5898240 140 EU 149164968 141 NA 66605352 
32 HIDDEN_CHAIN 25 NA 8388608 142 NA 48067448 143 EU 149164968 144 EU 55892616 145 EU 43927184 
33 HIDDEN_CHAIN 26 EU 28672000 146 EU 28672000 147 EU 176160768 148 EU 2457600 149 EU 149164968 
34 HIDDEN_CHAIN 27 EU 48375432 150 EU 176160768 151 EU 8192000 152 EU 149164968 153 EU 28820368 
35 HIDDEN_CHAIN 28 EU 16777216 154 NA 4194304 155 EU 149164968 156 EU 34292528 157 NA 66605352 
36 HIDDEN_CHAIN 29 EU 149164968 158 EU 149164968 159 EU 34292528 160 NA 48067448 161 EU 56255160 
37 HIDDEN_CHAIN 30 NA 66605352 162 NA 66605352 163 EU 43927184 164 EU 28672000 165 EU 55892616 
38 HIDDEN_CHAIN 31 EU 176160768 166 NA 8388608 167 EU 28672000 168 EU 34292528 169 NA 8388608 
39 HIDDEN_CHAIN 32 EU 56255160 170 EU 56255160 171 EU 19660800 172 EU 5898240 173 EU 56255160 
40 HIDDEN_CHAIN 33 EU 34292528 174 EU 34292528 175 EU 43927184 176 EU 149164968 177 EU 28820368 
41 HIDDEN_CHAIN 34 EU 8192000 178 EU 54222072 179 EU 149164968 180 EU 55892616 181 EU 43927184 
42 HIDDEN_CHAIN 35 EU 56255160 182 EU 56255160 183 EU 48375432 184 EU 28820368 185 EU 56255160 
43 HIDDEN_CHAIN 36 NA 66605352 186 NA 66605352 187 NA 9216000 188 EU 56255160 189 EU 55892616 
44 HIDDEN_CHAIN 37 EU 54222072 190 EU 2457600 191 EU 28672000 192 EU 55892616 193 NA 41636560 
45 HIDDEN_CHAIN 38 EU 149164968 194 EU 56255160 195 EU 19660800 196 EU 54222072 197 EU 149164968 
46 HIDDEN_CHAIN 39 EU 28820368 198 NA 66605352 199 NA 48067448 200 EU 149164968 201 NA 66605352 
47 HIDDEN_CHAIN 40 EU 54222072 202 NA 8388608 203 EU 28672000 204 EU 176160768 205 NA 9216000 
48 HIDDEN_CHAIN 41 EU 56255160 206 EU 56255160 207 EU 48375432 208 NA 48067448 209 EU 28672000 
