0 BRANCH 0 EU 34292528 1 NA 5079504 2 EU 149164968 3 EU 34292528 4 NA 8388608 5 EU 149164968 
1 CHAIN 0 EU 34292528 6 EU 176160768 7 EU 819200 8 EU 56255160 9 EU 176160768 10 NA 48067448 11 EU 56255160 
2 CHAIN 1 NA 5079504 12 EU 28820368 13 NA 4194304 14 EU 149164968 15 NA 66605352 16 EU 2457600 17 EU 149164968 
3 CHAIN 2 EU 149164968 18 NA 41636560 19 NA 8388608 20 EU 28672000 21 EU 34292528 22 EU 6296704 23 EU 149164968 
4 CHAIN 3 EU 34292528 24 EU 48375432 25 NA 9216000 26 EU 149164968 27 EU 28820368 28 EU 176160768 29 EU 28672000 
5 CHAIN 4 NA 8388608 30 EU 48375432 31 NA 41636560 32 EU 149164968 33 EU 176160768 34 EU 5898240 35 EU 149164968 
6 CHAIN 5 EU 149164968 36 NA 41636560 37 NA 66605352 38 EU 149164968 39 NA 41636560 40 EU 43927184 41 EU 56255160 
7 HIDDEN_BRANCH 0 EU 34292528 42 EU 176160768 43 EU 54222072 44 EU 149164968 45 NA 66605352 
8 HIDDEN_BRANCH 1 NA 5079504 46 EU 48375432 47 EU 28672000 48 EU 28820368 49 NA 13480656 
9 HIDDEN_BRANCH 2 EU 149164968 50 EU 11591680 51 EU 176160768 52 EU 34292528 53 EU 149164968 
10 HIDDEN_BRANCH 3 EU 34292528 54 EU 176160768 55 EU 1638400 56 EU 28672000 57 EU 176160768 
11 HIDDEN_BRANCH 4 NA 8388608 58 EU 54222072 59 EU 149164968 60 EU 16777216 61 EU 43927184 
12 HIDDEN_BRANCH 5 EU 149164968 62 EU 56255160 63 NA 66605352 64 NA 48067448 65 EU 28672000 
13 HIDDEN_CHAIN 6 EU 176160768 66 EU 16777216 67 EU 176160768 68 EU 56255160 69 EU 28820368 
14 HIDDEN_CHAIN 7 EU 819200 70 EU 43927184 71 EU 56255160 72 NA 41636560 73 EU 54222072 
15 HIDDEN_CHAIN 8 EU 56255160 74 EU 28672000 75 EU 19660800 76 EU 43927184 77 EU 56255160 
16 HIDDEN_CHAIN 9 EU 176160768 78 EU 48375432 79 EU 54222072 80 EU 149164968 81 EU 48375432 
17 HIDDEN_CHAIN 10 NA 48067448 82 NA 48067448 83 EU 28672000 84 EU 16777216 85 EU 43927184 
18 HIDDEN_CHAIN 11 EU 56255160 86 EU 149164968 87 EU 55892616 88 EU 43927184 89 EU 2097152 
19 HIDDEN_CHAIN 12 EU 28820368 90 NA 24371136 91 EU 54222072 92 EU 11591680 93 EU 48375432 
20 HIDDEN_CHAIN 13 NA 4194304 94 NA 48067448 95 EU 56255160 96 NA 41636560 97 EU 43927184 
21 HIDDEN_CHAIN 14 EU 149164968 98 EU 149164968 99 EU 55892616 100 NA 4194304 101 EU 56255160 
22 HIDDEN_CHAIN 15 NA 66605352 102 EU 48375432 103 EU 54222072 104 EU 149164968 105 EU 28820368 
23 HIDDEN_CHAIN 16 EU 2457600 106 EU 12288000 107 EU 149164968 108 EU 34292528 109 EU 54222072 
24 HIDDEN_CHAIN 17 EU 149164968 110 EU 56255160 111 EU 176160768 112 NA 9216000 113 EU 56255160 
25 HIDDEN_CHAIN 18 NA 41636560 114 NA 41636560 115 EU 43927184 116 EU 149164968 117 EU 176160768 
26 HIDDEN_CHAIN 19 NA 8388608 118 EU 43927184 119 EU 149164968 120 EU 55892616 121 EU 28820368 
27 HIDDEN_CHAIN 20 EU 28672000 122 EU 149164968 123 EU 48375432 124 NA 8388608 125 EU 56255160 
28 HIDDEN_CHAIN 21 EU 34292528 126 NA 41636560 127 EU 54222072 128 EU 56255160 129 NA 24371136 
29 HIDDEN_CHAIN 22 EU 6296704 130 EU 54222072 131 EU 56255160 132 EU 48375432 133 EU 43927184 
30 HIDDEN_CHAIN 23 EU 149164968 134 EU 149164968 135 EU 19660800 136 NA 66605352 137 EU 56255160 
31 HIDDEN_CHAIN 24 EU 48375432 138 NA 41636560 139 NA 3391304 140 EU 149164968 141 NA 41636560 
32 HIDDEN_CHAIN 25 NA 9216000 142 NA 48067448 143 EU 149164968 144 EU 34292528 145 EU 54222072 
33 HIDDEN_CHAIN 26 EU 149164968 146 EU 56255160 147 EU 16777216 148 EU 43927184 149 EU 11591680 
34 HIDDEN_CHAIN 27 EU 28820368 150 EU 176160768 151 NA 24371136 152 EU 149164968 153 EU 34292528 
35 HIDDEN_CHAIN 28 EU 176160768 154 NA 8388608 155 EU 56255160 156 NA 41636560 157 EU 54222072 
36 HIDDEN_CHAIN 29 EU 28672000 158 EU 149164968 159 NA 66605352 160 EU 43927184 161 EU 149164968 
37 HIDDEN_CHAIN 30 EU 48375432 162 EU 28820368 163 NA 48067448 164 EU 149164968 165 EU 16777216 
38 HIDDEN_CHAIN 31 NA 41636560 166 EU 54222072 167 EU 56255160 168 EU 19660800 169 EU 8192000 
39 HIDDEN_CHAIN 32 EU 149164968 170 EU 28672000 171 NA 66605352 172 EU 54222072 173 EU 56255160 
40 HIDDEN_CHAIN 33 EU 176160768 174 EU 176160768 175 NA 48067448 176 EU 149164968 177 EU 176160768 
41 HIDDEN_CHAIN 34 EU 5898240 178 NA 5079504 179 EU 56255160 180 NA 66605352 181 NA 48067448 
42 HIDDEN_CHAIN 35 EU 149164968 182 EU 149164968 183 NA 66605352 184 EU 43927184 185 EU 56255160 
43 HIDDEN_CHAIN 36 NA 41636560 186 EU 48375432 187 EU 43927184 188 EU 149164968 189 EU 48375432 
44 HIDDEN_CHAIN 37 NA 66605352 190 EU 54222072 191 EU 56255160 192 NA 41636560 193 EU 54222072 
45 HIDDEN_CHAIN 38 EU 149164968 194 EU 149164968 195 NA 41636560 196 NA 48067448 197 EU 56255160 
46 HIDDEN_CHAIN 39 NA 41636560 198 EU 176160768 199 EU 54222072 200 EU 149164968 201 EU 176160768 
47 HIDDEN_CHAIN 40 EU 43927184 202 EU 54222072 203 EU 56255160 204 NA 66605352 205 EU 54222072 
48 HIDDEN_CHAIN 41 EU 56255160 206 EU 149164968 207 EU 28820368 208 EU 12288000 209 EU 149164968 
