0 BRANCH 0 NA 24371136 1 EU 176160768 2 EU 149164968 3 EU 176160768 4 EU 43927184 5 EU 149164968 
1 CHAIN 0 NA 24371136 6 EU 176160768 7 EU 54222072 8 EU 11591680 9 NA 66605352 10 NA 24371136 11 EU 56255160 
2 CHAIN 1 EU 176160768 12 NA 24371136 13 EU 54222072 14 EU 11591680 15 NA 24371136 16 EU 43927184 17 EU 56255160 
3 CHAIN 2 EU 149164968 18 EU 55892616 19 EU 43927184 20 EU 56255160 21 EU 176160768 22 NA 8388608 23 EU 56255160 
4 CHAIN 3 EU 176160768 24 NA 66605352 25 EU 34292528 26 EU 56255160 27 EU 48375432 28 EU 54222072 29 EU 149164968 
5 CHAIN 4 EU 43927184 30 NA 66605352 31 NA 48067448 32 EU 149164968 33 NA 41636560 34 NA 8388608 35 EU 11591680 
6 CHAIN 5 EU 149164968 36 NA 66605352 37 NA 48067448 38 EU 28672000 39 EU 19660800 40 EU 54222072 41 EU 28672000 
7 HIDDEN_BRANCH 0 NA 24371136 42 EU 16777216 43 EU 819200 44 EU 56255160 45 NA 24371136 
8 HIDDEN_BRANCH 1 EU 176160768 46 EU 34292528 47 EU 56255160 48 EU 48375432 49 NA 48067448 
9 HIDDEN_BRANCH 2 EU 149164968 50 EU 56255160 51 EU 55892616 52 NA 66605352 53 EU 149164968 
10 HIDDEN_BRANCH 3 EU 176160768 54 NA 24371136 55 NA 8044008 56 EU 149164968 57 EU 48375432 
11 HIDDEN_BRANCH 4 EU 43927184 58 NA 24371136 59 EU 11591680 60 NA 41636560 61 EU 55892616 
12 HIDDEN_BRANCH 5 EU 149164968 62 EU 28672000 63 EU 176160768 64 NA 41636560 65 EU 149164968 
13 HIDDEN_CHAIN 6 EU 176160768 66 NA 24371136 67 EU 54222072 68 EU 56255160 69 EU 48375432 
14 HIDDEN_CHAIN 7 EU 54222072 70 NA 48067448 71 EU 149164968 72 EU 176160768 73 NA 48067448 
15 HIDDEN_CHAIN 8 EU 11591680 74 EU 28672000 75 NA 41636560 76 EU 12288000 77 EU 28672000 
16 HIDDEN_CHAIN 9 NA 66605352 78 NA 41636560 79 EU 54222072 80 EU 56255160 81 EU 55892616 
17 HIDDEN_CHAIN 10 NA 24371136 82 EU 54222072 83 EU 149164968 84 EU 176160768 85 EU 6296704 
18 HIDDEN_CHAIN 11 EU 56255160 86 EU 28672000 87 EU 48375432 88 NA 8388608 89 EU 28672000 
19 HIDDEN_CHAIN 12 NA 24371136 90 NA 66605352 91 NA 48067448 92 EU 149164968 93 EU 48375432 
20 HIDDEN_CHAIN 13 EU 54222072 94 NA 41636560 95 EU 149164968 96 EU 55892616 97 EU 34292528 
21 HIDDEN_CHAIN 14 EU 11591680 98 EU 56255160 99 EU 48375432 100 NA 8388608 101 EU 56255160 
22 HIDDEN_CHAIN 15 NA 24371136 102 EU 34292528 103 EU 43927184 104 EU 11591680 105 EU 34292528 
23 HIDDEN_CHAIN 16 EU 43927184 106 NA 4194304 107 EU 28672000 108 NA 41636560 109 NA 66605352 
24 HIDDEN_CHAIN 17 EU 56255160 110 EU 56255160 111 NA 66605352 112 NA 48067448 113 EU 28672000 
25 HIDDEN_CHAIN 18 EU 55892616 114 EU 34292528 115 NA 48067448 116 EU 56255160 117 NA 66605352 
26 HIDDEN_CHAIN 19 EU 43927184 118 EU 12288000 119 EU 149164968 120 NA 66605352 121 EU 176160768 
27 HIDDEN_CHAIN 20 EU 56255160 122 EU 149164968 123 EU 34292528 124 NA 3391304 125 EU 11591680 
28 HIDDEN_CHAIN 21 EU 176160768 126 EU 176160768 127 EU 12288000 128 EU 149164968 129 EU 34292528 
29 HIDDEN_CHAIN 22 NA 8388608 130 EU 176160768 131 NA 819200 132 NA 41636560 133 EU 12288000 
30 HIDDEN_CHAIN 23 EU 56255160 134 EU 149164968 135 EU 176160768 136 NA 48067448 137 EU 28672000 
31 HIDDEN_CHAIN 24 NA 66605352 138 EU 16777216 139 NA 66605352 140 EU 149164968 141 NA 41636560 
32 HIDDEN_CHAIN 25 EU 34292528 142 EU 48375432 143 EU 56255160 144 NA 41636560 145 EU 54222072 
33 HIDDEN_CHAIN 26 EU 56255160 146 EU 28672000 147 EU 55892616 148 EU 54222072 149 EU 11591680 
34 HIDDEN_CHAIN 27 EU 48375432 150 EU 19660800 151 EU 43927184 152 EU 28672000 153 NA 66605352 
35 HIDDEN_CHAIN 28 EU 54222072 154 EU 54222072 155 EU 149164968 156 EU 28820368 157 NA 24371136 
36 HIDDEN_CHAIN 29 EU 149164968 158 EU 149164968 159 NA 41636560 160 EU 6296704 161 EU 28672000 
37 HIDDEN_CHAIN 30 NA 66605352 162 EU 55892616 163 NA 9216000 164 EU 28672000 165 EU 48375432 
38 HIDDEN_CHAIN 31 NA 48067448 166 EU 176160768 167 EU 149164968 168 NA 66605352 169 NA 9216000 
39 HIDDEN_CHAIN 32 EU 149164968 170 EU 56255160 171 NA 41636560 172 EU 1638400 173 EU 149164968 
40 HIDDEN_CHAIN 33 NA 41636560 174 EU 48375432 175 EU 43927184 176 EU 149164968 177 EU 176160768 
41 HIDDEN_CHAIN 34 NA 8388608 178 EU 54222072 179 EU 149164968 180 EU 28820368 181 EU 176160768 
42 HIDDEN_CHAIN 35 EU 11591680 182 EU 56255160 183 EU 19660800 184 NA 48067448 185 EU 28672000 
43 HIDDEN_CHAIN 36 NA 66605352 186 EU 176160768 187 EU 48375432 188 EU 149164968 189 NA 41636560 
44 HIDDEN_CHAIN 37 NA 48067448 190 NA 4194304 191 EU 149164968 192 EU 55892616 193 EU 16777216 
45 HIDDEN_CHAIN 38 EU 28672000 194 EU 149164968 195 NA 66605352 196 NA 41636560 197 EU 149164968 
46 HIDDEN_CHAIN 39 EU 19660800 198 EU 176160768 199 EU 54222072 200 EU 149164968 201 EU 19660800 
47 HIDDEN_CHAIN 40 EU 54222072 202 NA 13480656 203 EU 28672000 204 NA 66605352 205 NA 48067448 
48 HIDDEN_CHAIN 41 EU 28672000 206 EU 149164968 207 NA 66605352 208 NA 48067448 209 EU 149164968 
