0 BRANCH 0 NA 66605352 1 NA 48067448 2 EU 11591680 3 NA 24371136 4 NA 48067448 5 EU 149164968 
1 CHAIN 0 NA 66605352 6 EU 48375432 7 NA 13480656 8 EU 56255160 9 NA 66605352 10 NA 48067448 11 EU 56255160 
2 CHAIN 1 NA 48067448 12 EU 48375432 13 EU 55892616 14 EU 149164968 15 EU 48375432 16 EU 2457600 17 EU 149164968 
3 CHAIN 2 EU 11591680 18 NA 41636560 19 EU 54222072 20 EU 28672000 21 EU 55892616 22 EU 54222072 23 EU 149164968 
4 CHAIN 3 NA 24371136 24 NA 41636560 25 EU 54222072 26 EU 149164968 27 EU 16777216 28 EU 54222072 29 EU 149164968 
5 CHAIN 4 NA 48067448 30 EU 48375432 31 EU 54222072 32 EU 11591680 33 EU 176160768 34 NA 8388608 35 EU 149164968 
6 CHAIN 5 EU 149164968 36 EU 48375432 37 NA 13480656 38 EU 149164968 39 EU 48375432 40 EU 54222072 41 EU 28672000 
7 HIDDEN_BRANCH 0 NA 66605352 42 NA 66605352 43 NA 48067448 44 EU 149164968 45 EU 34292528 
8 HIDDEN_BRANCH 1 NA 48067448 46 EU 43927184 47 EU 149164968 48 NA 24371136 49 EU 12288000 
9 HIDDEN_BRANCH 2 EU 11591680 50 EU 56255160 51 NA 41636560 52 EU 43927184 53 EU 149164968 
10 HIDDEN_BRANCH 3 NA 24371136 54 EU 16777216 55 EU 48375432 56 EU 149164968 57 EU 19660800 
11 HIDDEN_BRANCH 4 NA 48067448 58 NA 66605352 59 EU 56255160 60 EU 176160768 61 NA 9216000 
12 HIDDEN_BRANCH 5 EU 149164968 62 EU 56255160 63 NA 24371136 64 NA 8388608 65 EU 149164968 
13 HIDDEN_CHAIN 6 EU 48375432 66 EU 28820368 67 EU 34292528 68 EU 149164968 69 NA 41636560 
14 HIDDEN_CHAIN 7 NA 13480656 70 EU 54222072 71 EU 28672000 72 EU 176160768 73 EU 16777216 
15 HIDDEN_CHAIN 8 EU 56255160 74 EU 149164968 75 EU 176160768 76 EU 54222072 77 EU 56255160 
16 HIDDEN_CHAIN 9 NA 66605352 78 EU 176160768 79 EU 43927184 80 EU 149164968 81 EU 48375432 
17 HIDDEN_CHAIN 10 NA 48067448 82 EU 54222072 83 EU 149164968 84 EU 48375432 85 EU 28820368 
18 HIDDEN_CHAIN 11 EU 56255160 86 EU 149164968 87 EU 28820368 88 EU 48375432 89 EU 28672000 
19 HIDDEN_CHAIN 12 EU 48375432 90 NA 24371136 91 EU 2457600 92 EU 56255160 93 NA 66605352 
20 HIDDEN_CHAIN 13 EU 55892616 94 NA 41636560 95 EU 28672000 96 NA 66605352 97 NA 41636560 
21 HIDDEN_CHAIN 14 EU 149164968 98 EU 149164968 99 EU 176160768 100 EU 48375432 101 EU 56255160 
22 HIDDEN_CHAIN 15 EU 48375432 102 NA 66605352 103 EU 2048000 104 EU 149164968 105 EU 28820368 
23 HIDDEN_CHAIN 16 EU 2457600 106 EU 12288000 107 EU 149164968 108 NA 41636560 109 EU 54222072 
24 HIDDEN_CHAIN 17 EU 149164968 110 EU 56255160 111 NA 24371136 112 NA 41636560 113 EU 149164968 
25 HIDDEN_CHAIN 18 NA 41636560 114 EU 55892616 115 EU 43927184 116 EU 149164968 117 EU 34292528 
26 HIDDEN_CHAIN 19 EU 54222072 118 NA 3391304 119 EU 149164968 120 EU 55892616 121 EU 12288000 
27 HIDDEN_CHAIN 20 EU 28672000 122 EU 56255160 123 NA 66605352 124 NA 48067448 125 EU 28672000 
28 HIDDEN_CHAIN 21 EU 55892616 126 EU 48375432 127 NA 24371136 128 EU 56255160 129 NA 41636560 
29 HIDDEN_CHAIN 22 EU 54222072 130 EU 54222072 131 EU 56255160 132 NA 41636560 133 EU 6296704 
30 HIDDEN_CHAIN 23 EU 149164968 134 EU 149164968 135 EU 176160768 136 EU 54222072 137 EU 11591680 
31 HIDDEN_CHAIN 24 NA 41636560 138 EU 176160768 139 NA 66605352 140 EU 28672000 141 EU 48375432 
32 HIDDEN_CHAIN 25 EU 54222072 142 EU 43927184 143 EU 56255160 144 EU 19660800 145 EU 16777216 
33 HIDDEN_CHAIN 26 EU 149164968 146 EU 28672000 147 EU 176160768 148 NA 48067448 149 EU 149164968 
34 HIDDEN_CHAIN 27 EU 16777216 150 NA 66605352 151 NA 8044008 152 EU 56255160 153 EU 34292528 
35 HIDDEN_CHAIN 28 EU 54222072 154 NA 41636560 155 EU 56255160 156 EU 34292528 157 NA 48067448 
36 HIDDEN_CHAIN 29 EU 149164968 158 EU 149164968 159 EU 16777216 160 EU 43927184 161 EU 149164968 
37 HIDDEN_CHAIN 30 EU 48375432 162 NA 66605352 163 NA 8044008 164 EU 56255160 165 EU 55892616 
38 HIDDEN_CHAIN 31 EU 54222072 166 EU 54222072 167 EU 149164968 168 EU 19660800 169 EU 8192000 
39 HIDDEN_CHAIN 32 EU 11591680 170 EU 56255160 171 NA 24371136 172 EU 54222072 173 EU 11591680 
40 HIDDEN_CHAIN 33 EU 176160768 174 NA 66605352 175 EU 12288000 176 EU 11591680 177 NA 66605352 
41 HIDDEN_CHAIN 34 NA 8388608 178 EU 43927184 179 EU 56255160 180 EU 48375432 181 NA 13480656 
42 HIDDEN_CHAIN 35 EU 149164968 182 EU 56255160 183 EU 176160768 184 NA 8388608 185 EU 56255160 
43 HIDDEN_CHAIN 36 EU 48375432 186 NA 66605352 187 EU 34292528 188 EU 28672000 189 NA 66605352 
44 HIDDEN_CHAIN 37 NA 13480656 190 EU 54222072 191 EU 149164968 192 NA 66605352 193 EU 43927184 
45 HIDDEN_CHAIN 38 EU 149164968 194 EU 56255160 195 EU 19660800 196 NA 13480656 197 EU 56255160 
46 HIDDEN_CHAIN 39 EU 48375432 198 EU 176160768 199 NA 9216000 200 EU 56255160 201 EU 19660800 
47 HIDDEN_CHAIN 40 EU 54222072 202 EU 176160768 203 EU 149164968 204 EU 16777216 205 EU 2457600 
48 HIDDEN_CHAIN 41 EU 28672000 206 EU 149164968 207 EU 48375432 208 EU 54222072 209 EU 56255160 
