0 BRANCH 0 EU 176160768 1 NA 66605352 2 EU 56255160 3 EU 176160768 4 NA 8388608 5 EU 56255160 
1 CHAIN 0 EU 176160768 6 EU 176160768 7 NA 48067448 8 EU 28672000 9 EU 176160768 10 EU 1064960 11 EU 149164968 
2 CHAIN 1 NA 66605352 12 EU 55892616 13 EU 54222072 14 EU 149164968 15 EU 16777216 16 EU 12288000 17 EU 28672000 
3 CHAIN 2 EU 56255160 18 EU 28820368 19 EU 54222072 20 EU 56255160 21 EU 176160768 22 EU 54222072 23 EU 11591680 
4 CHAIN 3 EU 176160768 24 EU 176160768 25 EU 54222072 26 EU 149164968 27 EU 34292528 28 EU 43927184 29 EU 56255160 
5 CHAIN 4 NA 8388608 30 EU 34292528 31 NA 48067448 32 EU 149164968 33 NA 24371136 34 EU 54222072 35 EU 11591680 
6 CHAIN 5 EU 56255160 36 EU 19660800 37 NA 48067448 38 EU 11591680 39 NA 24371136 40 EU 8192000 41 EU 56255160 
7 HIDDEN_BRANCH 0 EU 176160768 42 NA 66605352 43 NA 48067448 44 EU 149164968 45 NA 41636560 
8 HIDDEN_BRANCH 1 NA 66605352 46 EU 54222072 47 EU 149164968 48 NA 41636560 49 NA 24371136 
9 HIDDEN_BRANCH 2 EU 56255160 50 EU 149164968 51 EU 176160768 52 EU 3178584 53 EU 149164968 
10 HIDDEN_BRANCH 3 EU 176160768 54 EU 28820368 55 EU 4096000 56 EU 149164968 57 NA 66605352 
11 HIDDEN_BRANCH 4 NA 8388608 58 EU 55892616 59 EU 149164968 60 EU 55892616 61 EU 8192000 
12 HIDDEN_BRANCH 5 EU 56255160 62 EU 56255160 63 EU 55892616 64 EU 54222072 65 EU 28672000 
13 HIDDEN_CHAIN 6 EU 176160768 66 EU 28820368 67 NA 8388608 68 EU 149164968 69 NA 24371136 
14 HIDDEN_CHAIN 7 NA 48067448 70 EU 5898240 71 EU 149164968 72 NA 41636560 73 NA 48067448 
15 HIDDEN_CHAIN 8 EU 28672000 74 EU 11591680 75 EU 176160768 76 NA 13480656 77 EU 149164968 
16 HIDDEN_CHAIN 9 EU 176160768 78 EU 176160768 79 EU 43927184 80 NA 819200 81 EU 176160768 
17 HIDDEN_CHAIN 10 EU 1064960 82 EU 34292528 83 EU 56255160 84 EU 55892616 85 EU 2457600 
18 HIDDEN_CHAIN 11 EU 149164968 86 EU 28672000 87 EU 28820368 88 NA 13480656 89 EU 56255160 
19 HIDDEN_CHAIN 12 EU 55892616 90 EU 176160768 91 EU 12288000 92 EU 56255160 93 EU 16777216 
20 HIDDEN_CHAIN 13 EU 54222072 94 EU 2457600 95 EU 28672000 96 EU 28820368 97 EU 43927184 
21 HIDDEN_CHAIN 14 EU 149164968 98 EU 149164968 99 EU 176160768 100 NA 41636560 101 EU 149164968 
22 HIDDEN_CHAIN 15 EU 16777216 102 EU 55892616 103 EU 54222072 104 EU 28672000 105 EU 176160768 
23 HIDDEN_CHAIN 16 EU 12288000 106 EU 6296704 107 EU 28672000 108 NA 66605352 109 NA 13480656 
24 HIDDEN_CHAIN 17 EU 28672000 110 EU 149164968 111 EU 48375432 112 NA 41636560 113 EU 149164968 
25 HIDDEN_CHAIN 18 EU 28820368 114 NA 41636560 115 NA 8388608 116 EU 149164968 117 EU 176160768 
26 HIDDEN_CHAIN 19 EU 54222072 118 NA 3391304 119 EU 56255160 120 EU 176160768 121 EU 43927184 
27 HIDDEN_CHAIN 20 EU 56255160 122 EU 149164968 123 NA 66605352 124 EU 1064960 125 EU 149164968 
28 HIDDEN_CHAIN 21 EU 176160768 126 EU 48375432 127 NA 66605352 128 EU 149164968 129 NA 41636560 
29 HIDDEN_CHAIN 22 EU 54222072 130 EU 12288000 131 EU 56255160 132 EU 176160768 133 NA 48067448 
30 HIDDEN_CHAIN 23 EU 11591680 134 EU 11591680 135 NA 41636560 136 EU 3178584 137 EU 149164968 
31 HIDDEN_CHAIN 24 EU 176160768 138 EU 28820368 139 NA 48067448 140 EU 11591680 141 EU 34292528 
32 HIDDEN_CHAIN 25 EU 54222072 142 NA 48067448 143 EU 56255160 144 NA 66605352 145 EU 54222072 
33 HIDDEN_CHAIN 26 EU 149164968 146 EU 149164968 147 NA 24371136 148 NA 8388608 149 EU 149164968 
34 HIDDEN_CHAIN 27 EU 34292528 150 NA 66605352 151 EU 54222072 152 EU 149164968 153 EU 48375432 
35 HIDDEN_CHAIN 28 EU 43927184 154 NA 1605632 155 EU 11591680 156 NA 66605352 157 EU 54222072 
36 HIDDEN_CHAIN 29 EU 56255160 158 EU 149164968 159 NA 66605352 160 EU 43927184 161 EU 149164968 
37 HIDDEN_CHAIN 30 EU 34292528 162 NA 66605352 163 EU 43927184 164 EU 56255160 165 EU 55892616 
38 HIDDEN_CHAIN 31 NA 48067448 166 NA 8388608 167 EU 28672000 168 EU 28820368 169 EU 54222072 
39 HIDDEN_CHAIN 32 EU 149164968 170 EU 149164968 171 EU 48375432 172 EU 4096000 173 EU 149164968 
40 HIDDEN_CHAIN 33 NA 24371136 174 EU 176160768 175 EU 43927184 176 EU 149164968 177 EU 48375432 
41 HIDDEN_CHAIN 34 EU 54222072 178 EU 8192000 179 EU 149164968 180 NA 41636560 181 EU 54222072 
42 HIDDEN_CHAIN 35 EU 11591680 182 EU 28672000 183 EU 28820368 184 EU 43927184 185 EU 149164968 
43 HIDDEN_CHAIN 36 EU 19660800 186 EU 48375432 187 EU 54222072 188 EU 56255160 189 EU 19660800 
44 HIDDEN_CHAIN 37 NA 48067448 190 EU 55892616 191 EU 56255160 192 EU 55892616 193 NA 48067448 
45 HIDDEN_CHAIN 38 EU 11591680 194 EU 149164968 195 NA 41636560 196 NA 66605352 197 EU 149164968 
46 HIDDEN_CHAIN 39 NA 24371136 198 EU 34292528 199 NA 13480656 200 EU 149164968 201 EU 176160768 
47 HIDDEN_CHAIN 40 EU 8192000 202 EU 54222072 203 EU 149164968 204 EU 16777216 205 EU 12288000 
48 HIDDEN_CHAIN 41 EU 56255160 206 EU 149164968 207 EU 55892616 208 EU 43927184 209 EU 56255160 
