0 BRANCH 0 EU 176160768 1 EU 28820368 2 EU 56255160 3 EU 55892616 4 NA 48067448 5 EU 28672000 
1 CHAIN 0 EU 176160768 6 NA 66605352 7 EU 43927184 8 EU 56255160 9 EU 34292528 10 EU 6296704 11 EU 149164968 
2 CHAIN 1 EU 28820368 12 EU 55892616 13 EU 54222072 14 EU 149164968 15 NA 66605352 16 NA 48067448 17 EU 56255160 
3 CHAIN 2 EU 56255160 18 EU 19660800 19 EU 43927184 20 EU 149164968 21 EU 176160768 22 EU 12288000 23 EU 149164968 
4 CHAIN 3 EU 55892616 24 NA 66605352 25 EU 176160768 26 EU 149164968 27 NA 41636560 28 EU 43927184 29 EU 56255160 
5 CHAIN 4 NA 48067448 30 EU 176160768 31 NA 1605632 32 EU 28672000 33 EU 28820368 34 NA 48067448 35 EU 56255160 
6 CHAIN 5 EU 28672000 36 NA 66605352 37 EU 43927184 38 EU 149164968 39 NA 66605352 40 NA 1605632 41 EU 56255160 
7 HIDDEN_BRANCH 0 EU 176160768 42 EU 34292528 43 NA 48067448 44 EU 28672000 45 EU 48375432 
8 HIDDEN_BRANCH 1 EU 28820368 46 NA 41636560 47 EU 56255160 48 EU 48375432 49 NA 8388608 
9 HIDDEN_BRANCH 2 EU 56255160 50 EU 28672000 51 EU 176160768 52 NA 9216000 53 EU 28672000 
10 HIDDEN_BRANCH 3 EU 55892616 54 NA 41636560 55 EU 43927184 56 EU 149164968 57 EU 28820368 
11 HIDDEN_BRANCH 4 NA 48067448 58 EU 5898240 59 EU 28672000 60 EU 55892616 61 EU 4096000 
12 HIDDEN_BRANCH 5 EU 28672000 62 EU 149164968 63 NA 41636560 64 EU 54222072 65 EU 56255160 
13 HIDDEN_CHAIN 6 NA 66605352 66 EU 28820368 67 NA 24371136 68 EU 149164968 69 NA 66605352 
14 HIDDEN_CHAIN 7 EU 43927184 70 EU 176160768 71 EU 149164968 72 EU 55892616 73 EU 2457600 
15 HIDDEN_CHAIN 8 EU 56255160 74 EU 28672000 75 EU 55892616 76 NA 9216000 77 EU 149164968 
16 HIDDEN_CHAIN 9 EU 34292528 78 EU 19660800 79 EU 4096000 80 EU 56255160 81 EU 55892616 
17 HIDDEN_CHAIN 10 EU 6296704 82 NA 66605352 83 EU 56255160 84 NA 24371136 85 EU 43927184 
18 HIDDEN_CHAIN 11 EU 149164968 86 EU 149164968 87 EU 28820368 88 NA 48067448 89 EU 149164968 
19 HIDDEN_CHAIN 12 EU 55892616 90 NA 41636560 91 EU 6296704 92 EU 149164968 93 NA 41636560 
20 HIDDEN_CHAIN 13 EU 54222072 94 EU 43927184 95 EU 149164968 96 EU 34292528 97 EU 4096000 
21 HIDDEN_CHAIN 14 EU 149164968 98 EU 28672000 99 NA 41636560 100 NA 13480656 101 EU 56255160 
22 HIDDEN_CHAIN 15 NA 66605352 102 NA 41636560 103 NA 48067448 104 EU 149164968 105 NA 66605352 
23 HIDDEN_CHAIN 16 NA 48067448 106 NA 48067448 107 EU 149164968 108 EU 34292528 109 NA 48067448 
24 HIDDEN_CHAIN 17 EU 56255160 110 EU 149164968 111 NA 24371136 112 NA 48067448 113 EU 28672000 
25 HIDDEN_CHAIN 18 EU 19660800 114 EU 48375432 115 EU 43927184 116 EU 11591680 117 EU 176160768 
26 HIDDEN_CHAIN 19 EU 43927184 118 NA 48067448 119 EU 56255160 120 EU 28820368 121 NA 5079504 
27 HIDDEN_CHAIN 20 EU 149164968 122 EU 149164968 123 NA 66605352 124 EU 1024000 125 EU 149164968 
28 HIDDEN_CHAIN 21 EU 176160768 126 EU 34292528 127 EU 54222072 128 EU 149164968 129 EU 16777216 
29 HIDDEN_CHAIN 22 EU 12288000 130 EU 176160768 131 EU 149164968 132 NA 66605352 133 EU 54222072 
30 HIDDEN_CHAIN 23 EU 149164968 134 EU 56255160 135 EU 34292528 136 NA 8044008 137 EU 56255160 
31 HIDDEN_CHAIN 24 NA 66605352 138 EU 28820368 139 NA 48067448 140 EU 56255160 141 EU 55892616 
32 HIDDEN_CHAIN 25 EU 176160768 142 EU 54222072 143 EU 149164968 144 NA 66605352 145 EU 48375432 
33 HIDDEN_CHAIN 26 EU 149164968 146 EU 28672000 147 EU 28820368 148 NA 48067448 149 EU 149164968 
34 HIDDEN_CHAIN 27 NA 41636560 150 EU 55892616 151 EU 34292528 152 EU 149164968 153 EU 16777216 
35 HIDDEN_CHAIN 28 EU 43927184 154 EU 54222072 155 EU 149164968 156 NA 66605352 157 EU 43927184 
36 HIDDEN_CHAIN 29 EU 56255160 158 EU 28672000 159 EU 176160768 160 EU 5898240 161 EU 56255160 
37 HIDDEN_CHAIN 30 EU 176160768 162 NA 24371136 163 EU 54222072 164 EU 28672000 165 NA 41636560 
38 HIDDEN_CHAIN 31 NA 1605632 166 EU 43927184 167 EU 149164968 168 EU 19660800 169 EU 48375432 
39 HIDDEN_CHAIN 32 EU 28672000 170 EU 56255160 171 EU 176160768 172 NA 4194304 173 EU 149164968 
40 HIDDEN_CHAIN 33 EU 28820368 174 NA 66605352 175 NA 8044008 176 EU 149164968 177 EU 16777216 
41 HIDDEN_CHAIN 34 NA 48067448 178 EU 2457600 179 EU 56255160 180 NA 66605352 181 EU 54222072 
42 HIDDEN_CHAIN 35 EU 56255160 182 EU 149164968 183 EU 28820368 184 NA 8388608 185 EU 149164968 
43 HIDDEN_CHAIN 36 NA 66605352 186 EU 176160768 187 EU 43927184 188 EU 28672000 189 EU 19660800 
44 HIDDEN_CHAIN 37 EU 43927184 190 NA 48067448 191 EU 149164968 192 EU 48375432 193 NA 48067448 
45 HIDDEN_CHAIN 38 EU 149164968 194 EU 149164968 195 EU 176160768 196 EU 19660800 197 EU 56255160 
46 HIDDEN_CHAIN 39 NA 66605352 198 EU 55892616 199 EU 54222072 200 EU 149164968 201 EU 176160768 
47 HIDDEN_CHAIN 40 NA 1605632 202 EU 6296704 203 EU 149164968 204 EU 48375432 205 EU 1064960 
48 HIDDEN_CHAIN 41 EU 56255160 206 EU 56255160 207 NA 66605352 208 EU 54222072 209 EU 149164968 
