0 BRANCH 0 EU 19660800 1 EU 12288000 2 EU 149164968 3 NA 66605352 4 EU 16777216 5 EU 149164968 
1 CHAIN 0 EU 19660800 6 EU 55892616 7 EU 54222072 8 EU 149164968 9 EU 48375432 10 EU 54222072 11 EU 149164968 
2 CHAIN 1 EU 12288000 12 NA 41636560 13 NA 8388608 14 EU 56255160 15 EU 28820368 16 EU 176160768 17 EU 56255160 
3 CHAIN 2 EU 149164968 18 NA 66605352 19 EU 8192000 20 EU 149164968 21 EU 176160768 22 EU 43927184 23 EU 11591680 
4 CHAIN 3 NA 66605352 24 EU 34292528 25 EU 54222072 26 EU 11591680 27 EU 34292528 28 NA 48067448 29 EU 56255160 
5 CHAIN 4 EU 16777216 30 NA 41636560 31 NA 48067448 32 EU 149164968 33 NA 66605352 34 NA 13480656 35 EU 149164968 
6 CHAIN 5 EU 149164968 36 EU 176160768 37 NA 48067448 38 EU 56255160 39 EU 16777216 40 EU 48375432 41 EU 149164968 
7 HIDDEN_BRANCH 0 EU 19660800 42 EU 176160768 43 EU 43927184 44 EU 11591680 45 EU 176160768 
8 HIDDEN_BRANCH 1 EU 12288000 46 EU 54222072 47 EU 149164968 48 EU 28820368 49 NA 8388608 
9 HIDDEN_BRANCH 2 EU 149164968 50 EU 56255160 51 EU 34292528 52 EU 12288000 53 EU 149164968 
10 HIDDEN_BRANCH 3 NA 66605352 54 EU 16777216 55 EU 2457600 56 EU 149164968 57 EU 48375432 
11 HIDDEN_BRANCH 4 EU 16777216 58 EU 54222072 59 EU 149164968 60 EU 55892616 61 NA 66605352 
12 HIDDEN_BRANCH 5 EU 149164968 62 EU 56255160 63 EU 48375432 64 EU 12288000 65 EU 149164968 
13 HIDDEN_CHAIN 6 EU 55892616 66 EU 34292528 67 NA 13480656 68 EU 11591680 69 EU 34292528 
14 HIDDEN_CHAIN 7 EU 54222072 70 NA 66605352 71 EU 56255160 72 EU 34292528 73 EU 54222072 
15 HIDDEN_CHAIN 8 EU 149164968 74 EU 56255160 75 NA 24371136 76 NA 66605352 77 EU 149164968 
16 HIDDEN_CHAIN 9 EU 48375432 78 EU 176160768 79 EU 6296704 80 EU 28672000 81 NA 41636560 
17 HIDDEN_CHAIN 10 EU 54222072 82 EU 5898240 83 EU 149164968 84 EU 48375432 85 NA 48067448 
18 HIDDEN_CHAIN 11 EU 149164968 86 EU 149164968 87 NA 41636560 88 NA 48067448 89 EU 28672000 
19 HIDDEN_CHAIN 12 NA 41636560 90 NA 66605352 91 EU 8192000 92 EU 149164968 93 EU 48375432 
20 HIDDEN_CHAIN 13 NA 8388608 94 EU 54222072 95 EU 56255160 96 EU 55892616 97 EU 54222072 
21 HIDDEN_CHAIN 14 EU 56255160 98 EU 28672000 99 NA 41636560 100 EU 176160768 101 EU 28672000 
22 HIDDEN_CHAIN 15 EU 28820368 102 EU 55892616 103 EU 54222072 104 EU 56255160 105 EU 48375432 
23 HIDDEN_CHAIN 16 EU 176160768 106 NA 48067448 107 EU 149164968 108 NA 66605352 109 EU 2129920 
24 HIDDEN_CHAIN 17 EU 56255160 110 EU 149164968 111 NA 41636560 112 EU 3178584 113 EU 28672000 
25 HIDDEN_CHAIN 18 NA 66605352 114 EU 28820368 115 EU 43927184 116 EU 149164968 117 EU 16777216 
26 HIDDEN_CHAIN 19 EU 8192000 118 EU 34292528 119 EU 28672000 120 EU 19660800 121 EU 54222072 
27 HIDDEN_CHAIN 20 EU 149164968 122 EU 56255160 123 EU 28820368 124 NA 48067448 125 EU 149164968 
28 HIDDEN_CHAIN 21 EU 176160768 126 NA 41636560 127 NA 48067448 128 EU 56255160 129 NA 24371136 
29 HIDDEN_CHAIN 22 EU 43927184 130 NA 41636560 131 EU 56255160 132 NA 41636560 133 NA 9216000 
30 HIDDEN_CHAIN 23 EU 11591680 134 EU 149164968 135 NA 66605352 136 NA 48067448 137 EU 56255160 
31 HIDDEN_CHAIN 24 EU 34292528 138 EU 176160768 139 NA 8388608 140 EU 149164968 141 NA 41636560 
32 HIDDEN_CHAIN 25 EU 54222072 142 EU 8192000 143 EU 28672000 144 EU 34292528 145 EU 43927184 
33 HIDDEN_CHAIN 26 EU 11591680 146 EU 11591680 147 EU 28820368 148 NA 5079504 149 EU 28672000 
34 HIDDEN_CHAIN 27 EU 34292528 150 EU 28820368 151 NA 66605352 152 EU 56255160 153 EU 55892616 
35 HIDDEN_CHAIN 28 NA 48067448 154 EU 43927184 155 EU 56255160 156 EU 28820368 157 EU 176160768 
36 HIDDEN_CHAIN 29 EU 56255160 158 EU 11591680 159 NA 66605352 160 NA 13480656 161 EU 149164968 
37 HIDDEN_CHAIN 30 NA 41636560 162 NA 66605352 163 NA 8388608 164 EU 149164968 165 NA 66605352 
38 HIDDEN_CHAIN 31 NA 48067448 166 NA 48067448 167 EU 149164968 168 NA 66605352 169 NA 24371136 
39 HIDDEN_CHAIN 32 EU 149164968 170 EU 28672000 171 EU 176160768 172 NA 24371136 173 EU 56255160 
40 HIDDEN_CHAIN 33 NA 66605352 174 EU 176160768 175 NA 5079504 176 EU 11591680 177 EU 176160768 
41 HIDDEN_CHAIN 34 NA 13480656 178 NA 48067448 179 EU 149164968 180 EU 176160768 181 EU 54222072 
42 HIDDEN_CHAIN 35 EU 149164968 182 EU 149164968 183 EU 19660800 184 NA 48067448 185 EU 149164968 
43 HIDDEN_CHAIN 36 EU 176160768 186 EU 55892616 187 EU 34292528 188 EU 149164968 189 EU 48375432 
44 HIDDEN_CHAIN 37 NA 48067448 190 EU 8192000 191 EU 28672000 192 NA 41636560 193 EU 43927184 
45 HIDDEN_CHAIN 38 EU 56255160 194 EU 28672000 195 EU 34292528 196 EU 176160768 197 EU 149164968 
46 HIDDEN_CHAIN 39 EU 16777216 198 EU 16777216 199 NA 48067448 200 EU 28672000 201 EU 28820368 
47 HIDDEN_CHAIN 40 EU 48375432 202 EU 54222072 203 EU 149164968 204 EU 28820368 205 EU 54222072 
48 HIDDEN_CHAIN 41 EU 149164968 206 EU 149164968 207 NA 66605352 208 EU 55892616 209 EU 149164968 
