0 BRANCH 0 EU 55892616 1 NA 48067448 2 EU 28672000 3 EU 48375432 4 EU 54222072 5 EU 56255160 
1 CHAIN 0 EU 55892616 6 EU 176160768 7 NA 48067448 8 EU 56255160 9 EU 48375432 10 NA 8388608 11 EU 56255160 
2 CHAIN 1 NA 48067448 12 NA 66605352 13 EU 54222072 14 EU 56255160 15 NA 66605352 16 EU 12288000 17 EU 56255160 
3 CHAIN 2 EU 28672000 18 NA 66605352 19 EU 43927184 20 EU 149164968 21 EU 34292528 22 EU 43927184 23 EU 56255160 
4 CHAIN 3 EU 48375432 24 EU 176160768 25 EU 34292528 26 EU 149164968 27 EU 19660800 28 EU 28820368 29 EU 56255160 
5 CHAIN 4 EU 54222072 30 NA 41636560 31 NA 48067448 32 EU 56255160 33 EU 176160768 34 EU 54222072 35 EU 56255160 
6 CHAIN 5 EU 56255160 36 EU 176160768 37 NA 48067448 38 EU 149164968 39 EU 176160768 40 EU 43927184 41 EU 56255160 
7 HIDDEN_BRANCH 0 EU 55892616 42 NA 66605352 43 EU 54222072 44 EU 11591680 45 EU 176160768 
8 HIDDEN_BRANCH 1 NA 48067448 46 NA 5079504 47 EU 149164968 48 EU 34292528 49 NA 13480656 
9 HIDDEN_BRANCH 2 EU 28672000 50 EU 56255160 51 NA 24371136 52 EU 176160768 53 EU 28672000 
10 HIDDEN_BRANCH 3 EU 48375432 54 EU 19660800 55 EU 4096000 56 EU 56255160 57 NA 41636560 
11 HIDDEN_BRANCH 4 EU 54222072 58 EU 54222072 59 EU 56255160 60 EU 48375432 61 EU 176160768 
12 HIDDEN_BRANCH 5 EU 56255160 62 EU 56255160 63 NA 66605352 64 EU 28820368 65 EU 56255160 
13 HIDDEN_CHAIN 6 EU 176160768 66 NA 41636560 67 EU 4096000 68 EU 56255160 69 EU 34292528 
14 HIDDEN_CHAIN 7 NA 48067448 70 NA 8388608 71 EU 56255160 72 NA 41636560 73 NA 48067448 
15 HIDDEN_CHAIN 8 EU 56255160 74 EU 11591680 75 NA 66605352 76 EU 12288000 77 EU 11591680 
16 HIDDEN_CHAIN 9 EU 48375432 78 EU 34292528 79 NA 8044008 80 EU 149164968 81 EU 34292528 
17 HIDDEN_CHAIN 10 NA 8388608 82 NA 5079504 83 EU 11591680 84 EU 55892616 85 EU 12288000 
18 HIDDEN_CHAIN 11 EU 56255160 86 EU 56255160 87 EU 28820368 88 NA 48067448 89 EU 28672000 
19 HIDDEN_CHAIN 12 NA 66605352 90 NA 66605352 91 NA 5079504 92 EU 56255160 93 EU 28820368 
20 HIDDEN_CHAIN 13 EU 54222072 94 EU 43927184 95 EU 149164968 96 EU 48375432 97 EU 43927184 
21 HIDDEN_CHAIN 14 EU 56255160 98 EU 28672000 99 EU 34292528 100 NA 9216000 101 EU 56255160 
22 HIDDEN_CHAIN 15 NA 66605352 102 EU 34292528 103 NA 66605352 104 EU 28672000 105 EU 176160768 
23 HIDDEN_CHAIN 16 EU 12288000 106 NA 48067448 107 EU 149164968 108 NA 24371136 109 NA 13480656 
24 HIDDEN_CHAIN 17 EU 56255160 110 EU 149164968 111 EU 176160768 112 NA 3391304 113 EU 56255160 
25 HIDDEN_CHAIN 18 NA 66605352 114 EU 55892616 115 NA 13480656 116 EU 28672000 117 EU 16777216 
26 HIDDEN_CHAIN 19 EU 43927184 118 NA 48067448 119 EU 149164968 120 EU 16777216 121 NA 41636560 
27 HIDDEN_CHAIN 20 EU 149164968 122 EU 56255160 123 EU 55892616 124 NA 66605352 125 EU 11591680 
28 HIDDEN_CHAIN 21 EU 34292528 126 NA 41636560 127 EU 4096000 128 EU 149164968 129 NA 41636560 
29 HIDDEN_CHAIN 22 EU 43927184 130 NA 24371136 131 EU 2097152 132 NA 66605352 133 EU 48375432 
30 HIDDEN_CHAIN 23 EU 56255160 134 EU 28672000 135 EU 176160768 136 NA 48067448 137 EU 149164968 
31 HIDDEN_CHAIN 24 EU 176160768 138 NA 66605352 139 NA 8388608 140 EU 56255160 141 EU 34292528 
32 HIDDEN_CHAIN 25 EU 34292528 142 EU 48375432 143 EU 56255160 144 EU 34292528 145 EU 43927184 
33 HIDDEN_CHAIN 26 EU 149164968 146 EU 28672000 147 EU 176160768 148 EU 19660800 149 EU 149164968 
34 HIDDEN_CHAIN 27 EU 19660800 150 NA 41636560 151 EU 54222072 152 EU 11591680 153 EU 28820368 
35 HIDDEN_CHAIN 28 EU 28820368 154 EU 54222072 155 EU 28672000 156 EU 55892616 157 NA 8044008 
36 HIDDEN_CHAIN 29 EU 56255160 158 EU 56255160 159 EU 28820368 160 EU 54222072 161 EU 149164968 
37 HIDDEN_CHAIN 30 NA 41636560 162 NA 66605352 163 NA 41636560 164 EU 56255160 165 EU 28820368 
38 HIDDEN_CHAIN 31 NA 48067448 166 EU 43927184 167 EU 149164968 168 EU 34292528 169 EU 55892616 
39 HIDDEN_CHAIN 32 EU 56255160 170 EU 11591680 171 NA 41636560 172 EU 54222072 173 EU 56255160 
40 HIDDEN_CHAIN 33 EU 176160768 174 EU 34292528 175 EU 819200 176 EU 28672000 177 NA 41636560 
41 HIDDEN_CHAIN 34 EU 54222072 178 EU 43927184 179 EU 149164968 180 EU 16777216 181 EU 2129920 
42 HIDDEN_CHAIN 35 EU 56255160 182 EU 56255160 183 NA 24371136 184 EU 3178584 185 EU 149164968 
43 HIDDEN_CHAIN 36 EU 176160768 186 EU 34292528 187 EU 43927184 188 EU 56255160 189 EU 176160768 
44 HIDDEN_CHAIN 37 NA 48067448 190 EU 2457600 191 EU 149164968 192 EU 34292528 193 EU 54222072 
45 HIDDEN_CHAIN 38 EU 149164968 194 EU 149164968 195 NA 41636560 196 EU 54222072 197 EU 56255160 
46 HIDDEN_CHAIN 39 EU 176160768 198 NA 41636560 199 NA 48067448 200 EU 149164968 201 EU 48375432 
47 HIDDEN_CHAIN 40 EU 43927184 202 EU 43927184 203 EU 149164968 204 NA 41636560 205 EU 28820368 
48 HIDDEN_CHAIN 41 EU 56255160 206 EU 56255160 207 EU 16777216 208 EU 12288000 209 EU 11591680 
