0 BRANCH 0 NA 24371136 1 NA 41636560 2 EU 28672000 3 EU 55892616 4 NA 48067448 5 EU 56255160 
1 CHAIN 0 NA 24371136 6 EU 34292528 7 EU 2457600 8 EU 56255160 9 NA 24371136 10 EU 43927184 11 EU 28672000 
2 CHAIN 1 NA 41636560 12 NA 24371136 13 NA 9216000 14 EU 56255160 15 NA 66605352 16 EU 54222072 17 EU 56255160 
3 CHAIN 2 EU 28672000 18 NA 66605352 19 EU 43927184 20 EU 149164968 21 EU 48375432 22 NA 9216000 23 EU 149164968 
4 CHAIN 3 EU 55892616 24 NA 41636560 25 EU 176160768 26 EU 56255160 27 EU 34292528 28 NA 24371136 29 EU 56255160 
5 CHAIN 4 NA 48067448 30 EU 28820368 31 EU 54222072 32 EU 56255160 33 EU 176160768 34 NA 48067448 35 EU 28672000 
6 CHAIN 5 EU 56255160 36 EU 48375432 37 EU 43927184 38 EU 149164968 39 NA 66605352 40 EU 5898240 41 EU 28672000 
7 HIDDEN_BRANCH 0 NA 24371136 42 EU 28820368 43 NA 8388608 44 EU 149164968 45 NA 66605352 
8 HIDDEN_BRANCH 1 NA 41636560 46 NA 8388608 47 EU 28672000 48 EU 176160768 49 NA 48067448 
9 HIDDEN_BRANCH 2 EU 28672000 50 EU 149164968 51 EU 16777216 52 EU 54222072 53 EU 56255160 
10 HIDDEN_BRANCH 3 EU 55892616 54 NA 66605352 55 NA 48067448 56 EU 56255160 57 NA 66605352 
11 HIDDEN_BRANCH 4 NA 48067448 58 EU 48375432 59 EU 28672000 60 EU 176160768 61 NA 66605352 
12 HIDDEN_BRANCH 5 EU 56255160 62 EU 149164968 63 NA 66605352 64 NA 48067448 65 EU 28672000 
13 HIDDEN_CHAIN 6 EU 34292528 66 NA 41636560 67 NA 8044008 68 EU 149164968 69 NA 24371136 
14 HIDDEN_CHAIN 7 EU 2457600 70 EU 6296704 71 EU 28672000 72 NA 66605352 73 NA 41636560 
15 HIDDEN_CHAIN 8 EU 56255160 74 EU 56255160 75 NA 41636560 76 EU 54222072 77 EU 28672000 
16 HIDDEN_CHAIN 9 NA 24371136 78 EU 48375432 79 NA 8388608 80 EU 28672000 81 EU 19660800 
17 HIDDEN_CHAIN 10 EU 43927184 82 EU 48375432 83 EU 149164968 84 NA 66605352 85 EU 176160768 
18 HIDDEN_CHAIN 11 EU 28672000 86 EU 56255160 87 EU 176160768 88 NA 48067448 89 EU 28672000 
19 HIDDEN_CHAIN 12 NA 24371136 90 EU 48375432 91 EU 54222072 92 EU 149164968 93 EU 16777216 
20 HIDDEN_CHAIN 13 NA 9216000 94 EU 55892616 95 EU 56255160 96 EU 16777216 97 EU 54222072 
21 HIDDEN_CHAIN 14 EU 56255160 98 EU 28672000 99 EU 16777216 100 EU 12288000 101 EU 56255160 
22 HIDDEN_CHAIN 15 NA 66605352 102 EU 176160768 103 EU 4096000 104 EU 56255160 105 NA 66605352 
23 HIDDEN_CHAIN 16 EU 54222072 106 EU 43927184 107 EU 149164968 108 NA 41636560 109 EU 12288000 
24 HIDDEN_CHAIN 17 EU 56255160 110 EU 28672000 111 EU 34292528 112 NA 66605352 113 EU 28672000 
25 HIDDEN_CHAIN 18 NA 66605352 114 EU 176160768 115 NA 48067448 116 EU 56255160 117 NA 24371136 
26 HIDDEN_CHAIN 19 EU 43927184 118 NA 48067448 119 EU 56255160 120 EU 55892616 121 EU 4096000 
27 HIDDEN_CHAIN 20 EU 149164968 122 EU 56255160 123 EU 48375432 124 EU 43927184 125 EU 56255160 
28 HIDDEN_CHAIN 21 EU 48375432 126 NA 41636560 127 NA 48067448 128 EU 149164968 129 NA 66605352 
29 HIDDEN_CHAIN 22 NA 9216000 130 EU 54222072 131 EU 149164968 132 EU 176160768 133 EU 48375432 
30 HIDDEN_CHAIN 23 EU 149164968 134 EU 56255160 135 EU 34292528 136 EU 176160768 137 EU 28672000 
31 HIDDEN_CHAIN 24 NA 41636560 138 EU 55892616 139 EU 2048000 140 EU 149164968 141 NA 66605352 
32 HIDDEN_CHAIN 25 EU 176160768 142 EU 12288000 143 EU 149164968 144 EU 176160768 145 NA 48067448 
33 HIDDEN_CHAIN 26 EU 56255160 146 EU 28672000 147 NA 66605352 148 NA 8044008 149 EU 56255160 
34 HIDDEN_CHAIN 27 EU 34292528 150 EU 19660800 151 EU 8192000 152 EU 28672000 153 NA 66605352 
35 HIDDEN_CHAIN 28 NA 24371136 154 EU 4096000 155 EU 149164968 156 NA 41636560 157 EU 43927184 
36 HIDDEN_CHAIN 29 EU 56255160 158 EU 56255160 159 EU 16777216 160 EU 54222072 161 EU 149164968 
37 HIDDEN_CHAIN 30 EU 28820368 162 EU 48375432 163 EU 43927184 164 EU 28672000 165 EU 48375432 
38 HIDDEN_CHAIN 31 EU 54222072 166 EU 28820368 167 EU 56255160 168 NA 41636560 169 EU 43927184 
39 HIDDEN_CHAIN 32 EU 56255160 170 EU 149164968 171 EU 16777216 172 NA 48067448 173 EU 149164968 
40 HIDDEN_CHAIN 33 EU 176160768 174 EU 176160768 175 EU 43927184 176 EU 149164968 177 NA 66605352 
41 HIDDEN_CHAIN 34 NA 48067448 178 NA 8388608 179 EU 149164968 180 NA 66605352 181 NA 24371136 
42 HIDDEN_CHAIN 35 EU 28672000 182 EU 28672000 183 EU 55892616 184 NA 48067448 185 EU 149164968 
43 HIDDEN_CHAIN 36 EU 48375432 186 EU 176160768 187 EU 43927184 188 EU 149164968 189 EU 16777216 
44 HIDDEN_CHAIN 37 EU 43927184 190 NA 41636560 191 EU 149164968 192 EU 55892616 193 EU 54222072 
45 HIDDEN_CHAIN 38 EU 149164968 194 EU 149164968 195 EU 48375432 196 NA 48067448 197 EU 149164968 
46 HIDDEN_CHAIN 39 NA 66605352 198 EU 16777216 199 EU 55892616 200 EU 149164968 201 EU 176160768 
47 HIDDEN_CHAIN 40 EU 5898240 202 NA 8044008 203 EU 56255160 204 NA 41636560 205 NA 8388608 
48 HIDDEN_CHAIN 41 EU 28672000 206 EU 56255160 207 EU 176160768 208 EU 6296704 209 EU 11591680 
