0 BRANCH 0 EU 176160768 1 EU 28820368 2 EU 56255160 3 EU 48375432 4 EU 3178584 5 EU 56255160 
1 CHAIN 0 EU 176160768 6 EU 48375432 7 EU 34292528 8 EU 11591680 9 EU 34292528 10 EU 43927184 11 EU 149164968 
2 CHAIN 1 EU 28820368 12 EU 55892616 13 EU 2048000 14 EU 56255160 15 NA 66605352 16 NA 48067448 17 EU 56255160 
3 CHAIN 2 EU 56255160 18 NA 41636560 19 NA 66605352 20 EU 56255160 21 EU 55892616 22 NA 8388608 23 EU 11591680 
4 CHAIN 3 EU 48375432 24 EU 55892616 25 EU 54222072 26 EU 56255160 27 EU 48375432 28 EU 4096000 29 EU 28672000 
5 CHAIN 4 EU 3178584 30 NA 66605352 31 EU 54222072 32 EU 149164968 33 NA 66605352 34 NA 5079504 35 EU 56255160 
6 CHAIN 5 EU 56255160 36 EU 19660800 37 NA 66605352 38 EU 149164968 39 NA 41636560 40 EU 19660800 41 EU 56255160 
7 HIDDEN_BRANCH 0 EU 176160768 42 EU 19660800 43 EU 28820368 44 EU 149164968 45 EU 48375432 
8 HIDDEN_BRANCH 1 EU 28820368 46 NA 8044008 47 EU 28672000 48 NA 41636560 49 NA 66605352 
9 HIDDEN_BRANCH 2 EU 56255160 50 EU 149164968 51 EU 176160768 52 EU 43927184 53 EU 28672000 
10 HIDDEN_BRANCH 3 EU 48375432 54 NA 66605352 55 NA 48067448 56 EU 149164968 57 EU 19660800 
11 HIDDEN_BRANCH 4 EU 3178584 58 EU 28820368 59 EU 56255160 60 EU 19660800 61 EU 55892616 
12 HIDDEN_BRANCH 5 EU 56255160 62 EU 56255160 63 NA 41636560 64 NA 4194304 65 EU 56255160 
13 HIDDEN_CHAIN 6 EU 48375432 66 EU 55892616 67 NA 24371136 68 EU 149164968 69 NA 41636560 
14 HIDDEN_CHAIN 7 EU 34292528 70 EU 43927184 71 EU 56255160 72 NA 41636560 73 EU 55892616 
15 HIDDEN_CHAIN 8 EU 11591680 74 EU 28672000 75 NA 24371136 76 NA 13480656 77 EU 149164968 
16 HIDDEN_CHAIN 9 EU 34292528 78 EU 48375432 79 EU 19660800 80 EU 149164968 81 EU 55892616 
17 HIDDEN_CHAIN 10 EU 43927184 82 NA 4194304 83 EU 149164968 84 EU 55892616 85 EU 2457600 
18 HIDDEN_CHAIN 11 EU 149164968 86 EU 28672000 87 NA 24371136 88 NA 5079504 89 EU 56255160 
19 HIDDEN_CHAIN 12 EU 55892616 90 EU 55892616 91 NA 8388608 92 EU 56255160 93 NA 24371136 
20 HIDDEN_CHAIN 13 EU 2048000 94 EU 54222072 95 EU 28672000 96 EU 19660800 97 EU 48375432 
21 HIDDEN_CHAIN 14 EU 56255160 98 EU 149164968 99 EU 55892616 100 EU 54222072 101 EU 149164968 
22 HIDDEN_CHAIN 15 NA 66605352 102 EU 28820368 103 EU 54222072 104 EU 11591680 105 EU 176160768 
23 HIDDEN_CHAIN 16 NA 48067448 106 NA 48067448 107 EU 56255160 108 NA 24371136 109 NA 48067448 
24 HIDDEN_CHAIN 17 EU 56255160 110 EU 56255160 111 NA 41636560 112 EU 43927184 113 EU 56255160 
25 HIDDEN_CHAIN 18 NA 41636560 114 EU 34292528 115 NA 4194304 116 EU 28672000 117 EU 48375432 
26 HIDDEN_CHAIN 19 NA 66605352 118 NA 66605352 119 EU 149164968 120 EU 16777216 121 NA 5079504 
27 HIDDEN_CHAIN 20 EU 56255160 122 EU 56255160 123 NA 24371136 124 NA 8044008 125 EU 56255160 
28 HIDDEN_CHAIN 21 EU 55892616 126 NA 24371136 127 EU 43927184 128 EU 149164968 129 NA 24371136 
29 HIDDEN_CHAIN 22 NA 8388608 130 EU 55892616 131 EU 28672000 132 NA 66605352 133 EU 54222072 
30 HIDDEN_CHAIN 23 EU 11591680 134 EU 56255160 135 NA 66605352 136 EU 48375432 137 EU 149164968 
31 HIDDEN_CHAIN 24 EU 55892616 138 EU 16777216 139 NA 5079504 140 EU 149164968 141 EU 176160768 
32 HIDDEN_CHAIN 25 EU 54222072 142 NA 24371136 143 EU 11591680 144 NA 66605352 145 EU 54222072 
33 HIDDEN_CHAIN 26 EU 56255160 146 EU 149164968 147 EU 176160768 148 NA 8388608 149 EU 28672000 
34 HIDDEN_CHAIN 27 EU 48375432 150 EU 16777216 151 EU 54222072 152 EU 56255160 153 EU 28820368 
35 HIDDEN_CHAIN 28 EU 4096000 154 NA 4194304 155 EU 149164968 156 EU 48375432 157 EU 43927184 
36 HIDDEN_CHAIN 29 EU 28672000 158 EU 56255160 159 EU 176160768 160 NA 819200 161 EU 149164968 
37 HIDDEN_CHAIN 30 NA 66605352 162 EU 176160768 163 NA 66605352 164 EU 28672000 165 EU 176160768 
38 HIDDEN_CHAIN 31 EU 54222072 166 EU 34292528 167 EU 28672000 168 EU 48375432 169 NA 48067448 
39 HIDDEN_CHAIN 32 EU 149164968 170 EU 149164968 171 EU 55892616 172 NA 48067448 173 EU 149164968 
40 HIDDEN_CHAIN 33 NA 66605352 174 NA 41636560 175 NA 9216000 176 EU 28672000 177 EU 48375432 
41 HIDDEN_CHAIN 34 NA 5079504 178 EU 43927184 179 EU 149164968 180 NA 66605352 181 NA 13480656 
42 HIDDEN_CHAIN 35 EU 56255160 182 EU 56255160 183 NA 41636560 184 EU 12288000 185 EU 28672000 
43 HIDDEN_CHAIN 36 EU 19660800 186 NA 41636560 187 EU 3178584 188 EU 28672000 189 EU 16777216 
44 HIDDEN_CHAIN 37 NA 66605352 190 NA 8388608 191 EU 56255160 192 NA 41636560 193 EU 54222072 
45 HIDDEN_CHAIN 38 EU 149164968 194 EU 56255160 195 EU 16777216 196 NA 41636560 197 EU 149164968 
46 HIDDEN_CHAIN 39 NA 41636560 198 EU 48375432 199 EU 176160768 200 EU 149164968 201 EU 28820368 
47 HIDDEN_CHAIN 40 EU 19660800 202 EU 54222072 203 EU 28672000 204 NA 41636560 205 EU 54222072 
48 HIDDEN_CHAIN 41 EU 56255160 206 EU 149164968 207 EU 55892616 208 EU 54222072 209 EU 149164968 
