0 BRANCH 0 EU 28820368 1 NA 8044008 2 EU 149164968 3 EU 176160768 4 NA 819200 5 EU 149164968 
1 CHAIN 0 EU 28820368 6 NA 66605352 7 NA 8388608 8 EU 56255160 9 EU 16777216 10 EU 34292528 11 EU 11591680 
2 CHAIN 1 NA 8044008 12 NA 41636560 13 EU 43927184 14 EU 56255160 15 NA 41636560 16 NA 8388608 17 EU 56255160 
3 CHAIN 2 EU 149164968 18 NA 24371136 19 EU 2457600 20 EU 149164968 21 EU 34292528 22 EU 43927184 23 EU 149164968 
4 CHAIN 3 EU 176160768 24 EU 28820368 25 NA 24371136 26 EU 28672000 27 EU 176160768 28 EU 12288000 29 EU 149164968 
5 CHAIN 4 NA 819200 30 NA 41636560 31 EU 54222072 32 EU 149164968 33 EU 48375432 34 NA 48067448 35 EU 28672000 
6 CHAIN 5 EU 149164968 36 EU 28820368 37 EU 54222072 38 EU 149164968 39 EU 16777216 40 EU 54222072 41 EU 28672000 
7 HIDDEN_BRANCH 0 EU 28820368 42 EU 28820368 43 NA 8388608 44 EU 149164968 45 NA 66605352 
8 HIDDEN_BRANCH 1 NA 8044008 46 EU 8192000 47 EU 56255160 48 EU 16777216 49 NA 48067448 
9 HIDDEN_BRANCH 2 EU 149164968 50 EU 149164968 51 NA 66605352 52 EU 1638400 53 EU 56255160 
10 HIDDEN_BRANCH 3 EU 176160768 54 EU 48375432 55 NA 48067448 56 EU 56255160 57 EU 19660800 
11 HIDDEN_BRANCH 4 NA 819200 58 NA 9216000 59 EU 11591680 60 EU 55892616 61 NA 8388608 
12 HIDDEN_BRANCH 5 EU 149164968 62 EU 28672000 63 NA 66605352 64 EU 12288000 65 EU 149164968 
13 HIDDEN_CHAIN 6 NA 66605352 66 EU 16777216 67 EU 176160768 68 EU 56255160 69 NA 41636560 
14 HIDDEN_CHAIN 7 NA 8388608 70 NA 48067448 71 EU 11591680 72 EU 28820368 73 EU 43927184 
15 HIDDEN_CHAIN 8 EU 56255160 74 EU 149164968 75 EU 55892616 76 EU 2457600 77 EU 28672000 
16 HIDDEN_CHAIN 9 EU 16777216 78 EU 176160768 79 EU 54222072 80 EU 149164968 81 EU 176160768 
17 HIDDEN_CHAIN 10 EU 34292528 82 NA 48067448 83 EU 149164968 84 EU 19660800 85 EU 1024000 
18 HIDDEN_CHAIN 11 EU 11591680 86 EU 56255160 87 NA 24371136 88 EU 54222072 89 EU 28672000 
19 HIDDEN_CHAIN 12 NA 41636560 90 NA 41636560 91 NA 48067448 92 EU 149164968 93 NA 24371136 
20 HIDDEN_CHAIN 13 EU 43927184 94 NA 48067448 95 EU 56255160 96 EU 34292528 97 NA 66605352 
21 HIDDEN_CHAIN 14 EU 56255160 98 EU 149164968 99 NA 41636560 100 NA 48067448 101 EU 149164968 
22 HIDDEN_CHAIN 15 NA 41636560 102 EU 55892616 103 EU 12288000 104 EU 149164968 105 EU 176160768 
23 HIDDEN_CHAIN 16 NA 8388608 106 NA 9216000 107 EU 56255160 108 NA 41636560 109 EU 54222072 
24 HIDDEN_CHAIN 17 EU 56255160 110 EU 56255160 111 NA 66605352 112 EU 176160768 113 EU 28672000 
25 HIDDEN_CHAIN 18 NA 24371136 114 EU 176160768 115 EU 43927184 116 EU 149164968 117 NA 66605352 
26 HIDDEN_CHAIN 19 EU 2457600 118 EU 55892616 119 EU 56255160 120 EU 48375432 121 EU 54222072 
27 HIDDEN_CHAIN 20 EU 149164968 122 EU 56255160 123 EU 55892616 124 EU 54222072 125 EU 56255160 
28 HIDDEN_CHAIN 21 EU 34292528 126 EU 176160768 127 EU 48375432 128 EU 149164968 129 NA 66605352 
29 HIDDEN_CHAIN 22 EU 43927184 130 EU 8192000 131 EU 28672000 132 EU 176160768 133 EU 4096000 
30 HIDDEN_CHAIN 23 EU 149164968 134 EU 28672000 135 NA 66605352 136 NA 48067448 137 EU 28672000 
31 HIDDEN_CHAIN 24 EU 28820368 138 EU 48375432 139 NA 66605352 140 EU 28672000 141 NA 24371136 
32 HIDDEN_CHAIN 25 NA 24371136 142 EU 43927184 143 EU 149164968 144 EU 34292528 145 NA 13480656 
33 HIDDEN_CHAIN 26 EU 28672000 146 EU 56255160 147 NA 41636560 148 EU 54222072 149 EU 28672000 
34 HIDDEN_CHAIN 27 EU 176160768 150 EU 48375432 151 EU 43927184 152 EU 149164968 153 NA 66605352 
35 HIDDEN_CHAIN 28 EU 12288000 154 NA 13480656 155 EU 56255160 156 NA 41636560 157 EU 176160768 
36 HIDDEN_CHAIN 29 EU 149164968 158 EU 56255160 159 EU 34292528 160 NA 66605352 161 EU 149164968 
37 HIDDEN_CHAIN 30 NA 41636560 162 EU 48375432 163 EU 43927184 164 EU 149164968 165 EU 176160768 
38 HIDDEN_CHAIN 31 EU 54222072 166 EU 12288000 167 EU 56255160 168 EU 28820368 169 EU 34292528 
39 HIDDEN_CHAIN 32 EU 149164968 170 EU 56255160 171 EU 176160768 172 NA 8388608 173 EU 56255160 
40 HIDDEN_CHAIN 33 EU 48375432 174 NA 41636560 175 EU 5898240 176 EU 28672000 177 EU 176160768 
41 HIDDEN_CHAIN 34 NA 48067448 178 EU 5898240 179 EU 149164968 180 EU 55892616 181 NA 24371136 
42 HIDDEN_CHAIN 35 EU 28672000 182 EU 149164968 183 EU 48375432 184 NA 48067448 185 EU 56255160 
43 HIDDEN_CHAIN 36 EU 28820368 186 EU 55892616 187 EU 54222072 188 EU 28672000 189 EU 28820368 
44 HIDDEN_CHAIN 37 EU 54222072 190 NA 13480656 191 EU 149164968 192 EU 28820368 193 EU 54222072 
45 HIDDEN_CHAIN 38 EU 149164968 194 EU 149164968 195 EU 34292528 196 NA 13480656 197 EU 149164968 
46 HIDDEN_CHAIN 39 EU 16777216 198 NA 41636560 199 EU 6296704 200 EU 28672000 201 NA 41636560 
47 HIDDEN_CHAIN 40 EU 54222072 202 NA 8044008 203 EU 56255160 204 EU 16777216 205 EU 55892616 
48 HIDDEN_CHAIN 41 EU 28672000 206 EU 149164968 207 NA 66605352 208 EU 54222072 209 EU 56255160 
