0 BRANCH 0 EU 55892616 1 NA 3391304 2 NA 819200 3 EU 176160768 4 NA 48067448 5 EU 149164968 
1 CHAIN 0 EU 55892616 6 NA 41636560 7 EU 19660800 8 EU 149164968 9 EU 48375432 10 NA 48067448 11 EU 149164968 
2 CHAIN 1 NA 3391304 12 EU 28820368 13 NA 48067448 14 EU 149164968 15 EU 48375432 16 NA 8044008 17 EU 56255160 
3 CHAIN 2 NA 819200 18 EU 176160768 19 EU 1064960 20 EU 28672000 21 EU 55892616 22 NA 8044008 23 EU 56255160 
4 CHAIN 3 EU 176160768 24 EU 34292528 25 EU 55892616 26 EU 149164968 27 NA 66605352 28 NA 48067448 29 EU 56255160 
5 CHAIN 4 NA 48067448 30 EU 55892616 31 NA 48067448 32 EU 149164968 33 EU 176160768 34 EU 43927184 35 EU 56255160 
6 CHAIN 5 EU 149164968 36 NA 66605352 37 NA 48067448 38 EU 149164968 39 NA 66605352 40 NA 48067448 41 EU 149164968 
7 HIDDEN_BRANCH 0 EU 55892616 42 NA 66605352 43 EU 176160768 44 EU 28672000 45 EU 176160768 
8 HIDDEN_BRANCH 1 NA 3391304 46 NA 8388608 47 EU 149164968 48 EU 19660800 49 EU 16777216 
9 HIDDEN_BRANCH 2 NA 819200 50 EU 56255160 51 EU 28820368 52 NA 24371136 53 EU 149164968 
10 HIDDEN_BRANCH 3 EU 176160768 54 EU 55892616 55 NA 9216000 56 EU 149164968 57 EU 176160768 
11 HIDDEN_BRANCH 4 NA 48067448 58 EU 34292528 59 EU 149164968 60 EU 34292528 61 EU 54222072 
12 HIDDEN_BRANCH 5 EU 149164968 62 EU 11591680 63 EU 48375432 64 NA 66605352 65 EU 56255160 
13 HIDDEN_CHAIN 6 NA 41636560 66 NA 24371136 67 NA 48067448 68 EU 56255160 69 EU 28820368 
14 HIDDEN_CHAIN 7 EU 19660800 70 NA 48067448 71 EU 149164968 72 EU 55892616 73 NA 48067448 
15 HIDDEN_CHAIN 8 EU 149164968 74 EU 28672000 75 EU 55892616 76 EU 54222072 77 EU 11591680 
16 HIDDEN_CHAIN 9 EU 48375432 78 EU 176160768 79 EU 1638400 80 EU 56255160 81 NA 41636560 
17 HIDDEN_CHAIN 10 NA 48067448 82 EU 43927184 83 EU 56255160 84 NA 66605352 85 EU 176160768 
18 HIDDEN_CHAIN 11 EU 149164968 86 EU 149164968 87 EU 28820368 88 EU 19660800 89 EU 56255160 
19 HIDDEN_CHAIN 12 EU 28820368 90 NA 66605352 91 NA 13480656 92 EU 28672000 93 NA 24371136 
20 HIDDEN_CHAIN 13 NA 48067448 94 EU 54222072 95 EU 28672000 96 NA 24371136 97 NA 13480656 
21 HIDDEN_CHAIN 14 EU 149164968 98 EU 56255160 99 NA 66605352 100 EU 176160768 101 EU 149164968 
22 HIDDEN_CHAIN 15 EU 48375432 102 EU 28820368 103 EU 1638400 104 EU 149164968 105 EU 55892616 
23 HIDDEN_CHAIN 16 NA 8044008 106 NA 8388608 107 EU 28672000 108 NA 66605352 109 NA 4194304 
24 HIDDEN_CHAIN 17 EU 56255160 110 EU 56255160 111 EU 34292528 112 EU 43927184 113 EU 149164968 
25 HIDDEN_CHAIN 18 EU 176160768 114 NA 66605352 115 EU 176160768 116 EU 28672000 117 EU 16777216 
26 HIDDEN_CHAIN 19 EU 1064960 118 EU 176160768 119 EU 11591680 120 EU 19660800 121 NA 66605352 
27 HIDDEN_CHAIN 20 EU 28672000 122 EU 149164968 123 EU 176160768 124 EU 43927184 125 EU 56255160 
28 HIDDEN_CHAIN 21 EU 55892616 126 EU 34292528 127 NA 48067448 128 EU 56255160 129 EU 48375432 
29 HIDDEN_CHAIN 22 NA 8044008 130 NA 41636560 131 EU 56255160 132 EU 55892616 133 NA 41636560 
30 HIDDEN_CHAIN 23 EU 56255160 134 EU 56255160 135 NA 66605352 136 NA 8044008 137 EU 56255160 
31 HIDDEN_CHAIN 24 EU 34292528 138 EU 176160768 139 NA 13480656 140 EU 149164968 141 EU 34292528 
32 HIDDEN_CHAIN 25 EU 55892616 142 EU 28820368 143 EU 149164968 144 EU 34292528 145 NA 66605352 
33 HIDDEN_CHAIN 26 EU 149164968 146 EU 149164968 147 NA 66605352 148 NA 48067448 149 EU 28672000 
34 HIDDEN_CHAIN 27 NA 66605352 150 NA 66605352 151 EU 54222072 152 EU 149164968 153 EU 48375432 
35 HIDDEN_CHAIN 28 NA 48067448 154 EU 176160768 155 EU 56255160 156 NA 41636560 157 EU 43927184 
36 HIDDEN_CHAIN 29 EU 56255160 158 EU 28672000 159 EU 19660800 160 EU 8192000 161 EU 56255160 
37 HIDDEN_CHAIN 30 EU 55892616 162 EU 55892616 163 NA 66605352 164 EU 149164968 165 EU 28820368 
38 HIDDEN_CHAIN 31 NA 48067448 166 EU 43927184 167 EU 149164968 168 EU 34292528 169 NA 24371136 
39 HIDDEN_CHAIN 32 EU 149164968 170 EU 149164968 171 EU 48375432 172 NA 13480656 173 EU 56255160 
40 HIDDEN_CHAIN 33 EU 176160768 174 NA 41636560 175 EU 8192000 176 EU 149164968 177 EU 48375432 
41 HIDDEN_CHAIN 34 EU 43927184 178 EU 28820368 179 EU 149164968 180 EU 176160768 181 NA 48067448 
42 HIDDEN_CHAIN 35 EU 56255160 182 EU 149164968 183 NA 66605352 184 EU 28820368 185 EU 149164968 
43 HIDDEN_CHAIN 36 NA 66605352 186 EU 176160768 187 NA 48067448 188 EU 56255160 189 NA 66605352 
44 HIDDEN_CHAIN 37 NA 48067448 190 EU 54222072 191 EU 28672000 192 EU 48375432 193 EU 54222072 
45 HIDDEN_CHAIN 38 EU 149164968 194 EU 149164968 195 NA 24371136 196 EU 2048000 197 EU 56255160 
46 HIDDEN_CHAIN 39 NA 66605352 198 EU 48375432 199 NA 48067448 200 EU 149164968 201 EU 55892616 
47 HIDDEN_CHAIN 40 NA 48067448 202 NA 48067448 203 EU 149164968 204 NA 66605352 205 EU 2457600 
48 HIDDEN_CHAIN 41 EU 149164968 206 EU 149164968 207 EU 19660800 208 EU 55892616 209 EU 56255160 
