0 BRANCH 0 EU 176160768 1 NA 8044008 2 EU 56255160 3 EU 48375432 4 NA 13480656 5 EU 56255160 
1 CHAIN 0 EU 176160768 6 EU 55892616 7 EU 43927184 8 EU 149164968 9 EU 176160768 10 EU 54222072 11 EU 149164968 
2 CHAIN 1 NA 8044008 12 EU 48375432 13 NA 66605352 14 EU 149164968 15 NA 66605352 16 EU 54222072 17 EU 56255160 
3 CHAIN 2 EU 56255160 18 NA 24371136 19 NA 41636560 20 EU 56255160 21 EU 55892616 22 EU 34292528 23 EU 149164968 
4 CHAIN 3 EU 48375432 24 EU 28820368 25 NA 66605352 26 NA 819200 27 EU 16777216 28 NA 8044008 29 EU 28672000 
5 CHAIN 4 NA 13480656 30 NA 41636560 31 NA 48067448 32 EU 56255160 33 EU 176160768 34 EU 43927184 35 EU 149164968 
6 CHAIN 5 EU 56255160 36 EU 176160768 37 NA 13480656 38 EU 149164968 39 EU 34292528 40 NA 48067448 41 EU 11591680 
7 HIDDEN_BRANCH 0 EU 176160768 42 NA 66605352 43 EU 176160768 44 EU 149164968 45 EU 34292528 
8 HIDDEN_BRANCH 1 NA 8044008 46 EU 2129920 47 EU 11591680 48 EU 48375432 49 EU 54222072 
9 HIDDEN_BRANCH 2 EU 56255160 50 EU 56255160 51 EU 28820368 52 EU 43927184 53 EU 149164968 
10 HIDDEN_BRANCH 3 EU 48375432 54 EU 176160768 55 EU 8192000 56 EU 2097152 57 EU 55892616 
11 HIDDEN_BRANCH 4 NA 13480656 58 NA 41636560 59 EU 28672000 60 NA 66605352 61 EU 4096000 
12 HIDDEN_BRANCH 5 EU 56255160 62 EU 149164968 63 EU 48375432 64 EU 43927184 65 EU 149164968 
13 HIDDEN_CHAIN 6 EU 55892616 66 EU 176160768 67 EU 54222072 68 EU 149164968 69 NA 41636560 
14 HIDDEN_CHAIN 7 EU 43927184 70 EU 43927184 71 EU 56255160 72 EU 48375432 73 NA 48067448 
15 HIDDEN_CHAIN 8 EU 149164968 74 EU 28672000 75 EU 34292528 76 NA 8388608 77 EU 56255160 
16 HIDDEN_CHAIN 9 EU 176160768 78 EU 176160768 79 EU 43927184 80 EU 11591680 81 EU 34292528 
17 HIDDEN_CHAIN 10 EU 54222072 82 NA 48067448 83 EU 28672000 84 EU 19660800 85 EU 176160768 
18 HIDDEN_CHAIN 11 EU 149164968 86 EU 56255160 87 EU 34292528 88 NA 13480656 89 EU 11591680 
19 HIDDEN_CHAIN 12 EU 48375432 90 EU 28820368 91 EU 6296704 92 EU 56255160 93 NA 66605352 
20 HIDDEN_CHAIN 13 NA 66605352 94 EU 43927184 95 EU 56255160 96 NA 24371136 97 EU 43927184 
21 HIDDEN_CHAIN 14 EU 149164968 98 EU 149164968 99 EU 176160768 100 EU 43927184 101 EU 149164968 
22 HIDDEN_CHAIN 15 NA 66605352 102 EU 48375432 103 EU 12288000 104 EU 149164968 105 EU 176160768 
23 HIDDEN_CHAIN 16 EU 54222072 106 EU 3178584 107 EU 149164968 108 EU 34292528 109 NA 66605352 
24 HIDDEN_CHAIN 17 EU 56255160 110 EU 149164968 111 EU 19660800 112 EU 43927184 113 EU 149164968 
25 HIDDEN_CHAIN 18 NA 24371136 114 NA 41636560 115 NA 24371136 116 EU 28672000 117 EU 55892616 
26 HIDDEN_CHAIN 19 NA 41636560 118 EU 54222072 119 EU 56255160 120 EU 48375432 121 NA 41636560 
27 HIDDEN_CHAIN 20 EU 56255160 122 EU 56255160 123 EU 48375432 124 EU 54222072 125 EU 56255160 
28 HIDDEN_CHAIN 21 EU 55892616 126 NA 66605352 127 NA 41636560 128 EU 56255160 129 EU 176160768 
29 HIDDEN_CHAIN 22 EU 34292528 130 NA 66605352 131 EU 56255160 132 NA 66605352 133 NA 41636560 
30 HIDDEN_CHAIN 23 EU 149164968 134 EU 28672000 135 EU 55892616 136 EU 54222072 137 EU 149164968 
31 HIDDEN_CHAIN 24 EU 28820368 138 EU 28820368 139 EU 16777216 140 EU 149164968 141 EU 34292528 
32 HIDDEN_CHAIN 25 NA 66605352 142 EU 54222072 143 EU 56255160 144 EU 176160768 145 EU 54222072 
33 HIDDEN_CHAIN 26 NA 819200 146 EU 149164968 147 NA 41636560 148 EU 54222072 149 EU 149164968 
34 HIDDEN_CHAIN 27 EU 16777216 150 EU 16777216 151 EU 176160768 152 EU 149164968 153 NA 66605352 
35 HIDDEN_CHAIN 28 NA 8044008 154 EU 176160768 155 EU 149164968 156 EU 48375432 157 NA 48067448 
36 HIDDEN_CHAIN 29 EU 28672000 158 EU 149164968 159 EU 176160768 160 EU 34292528 161 EU 56255160 
37 HIDDEN_CHAIN 30 NA 41636560 162 NA 66605352 163 EU 43927184 164 EU 149164968 165 EU 28820368 
38 HIDDEN_CHAIN 31 NA 48067448 166 EU 4096000 167 EU 149164968 168 NA 66605352 169 NA 48067448 
39 HIDDEN_CHAIN 32 EU 56255160 170 EU 149164968 171 NA 24371136 172 NA 48067448 173 EU 149164968 
40 HIDDEN_CHAIN 33 EU 176160768 174 NA 24371136 175 NA 48067448 176 EU 149164968 177 NA 41636560 
41 HIDDEN_CHAIN 34 EU 43927184 178 EU 3178584 179 EU 28672000 180 NA 41636560 181 EU 55892616 
42 HIDDEN_CHAIN 35 EU 149164968 182 EU 56255160 183 EU 28820368 184 NA 48067448 185 EU 149164968 
43 HIDDEN_CHAIN 36 EU 176160768 186 NA 66605352 187 EU 43927184 188 EU 28672000 189 EU 176160768 
44 HIDDEN_CHAIN 37 NA 13480656 190 EU 54222072 191 EU 56255160 192 EU 55892616 193 NA 48067448 
45 HIDDEN_CHAIN 38 EU 149164968 194 EU 149164968 195 EU 34292528 196 NA 9216000 197 EU 149164968 
46 HIDDEN_CHAIN 39 EU 34292528 198 NA 41636560 199 EU 54222072 200 EU 149164968 201 EU 28820368 
47 HIDDEN_CHAIN 40 NA 48067448 202 EU 43927184 203 EU 149164968 204 EU 55892616 205 EU 54222072 
48 HIDDEN_CHAIN 41 EU 11591680 206 EU 149164968 207 EU 48375432 208 NA 5079504 209 EU 28672000 
