0 BRANCH 0 NA 66605352 1 NA 8388608 2 EU 56255160 3 EU 48375432 4 NA 24371136 5 EU 56255160 
1 CHAIN 0 NA 66605352 6 EU 48375432 7 NA 8388608 8 EU 56255160 9 NA 41636560 10 EU 54222072 11 EU 28672000 
2 CHAIN 1 NA 8388608 12 EU 48375432 13 EU 8192000 14 EU 56255160 15 NA 41636560 16 EU 19660800 17 EU 149164968 
3 CHAIN 2 EU 56255160 18 EU 48375432 19 EU 2457600 20 EU 28672000 21 NA 24371136 22 NA 66605352 23 EU 28672000 
4 CHAIN 3 EU 48375432 24 EU 16777216 25 NA 8388608 26 EU 149164968 27 EU 28820368 28 EU 176160768 29 EU 56255160 
5 CHAIN 4 NA 24371136 30 NA 41636560 31 NA 13480656 32 EU 149164968 33 EU 176160768 34 NA 1605632 35 EU 28672000 
6 CHAIN 5 EU 56255160 36 NA 24371136 37 EU 55892616 38 EU 28672000 39 EU 176160768 40 EU 8192000 41 EU 149164968 
7 HIDDEN_BRANCH 0 NA 66605352 42 EU 16777216 43 EU 43927184 44 EU 149164968 45 EU 176160768 
8 HIDDEN_BRANCH 1 NA 8388608 46 EU 28820368 47 EU 56255160 48 EU 55892616 49 NA 66605352 
9 HIDDEN_BRANCH 2 EU 56255160 50 EU 56255160 51 NA 66605352 52 EU 176160768 53 EU 149164968 
10 HIDDEN_BRANCH 3 EU 48375432 54 EU 176160768 55 EU 34292528 56 EU 149164968 57 NA 41636560 
11 HIDDEN_BRANCH 4 NA 24371136 58 NA 66605352 59 EU 149164968 60 EU 176160768 61 NA 8388608 
12 HIDDEN_BRANCH 5 EU 56255160 62 EU 149164968 63 NA 66605352 64 EU 2129920 65 EU 149164968 
13 HIDDEN_CHAIN 6 EU 48375432 66 EU 48375432 67 EU 54222072 68 EU 149164968 69 EU 16777216 
14 HIDDEN_CHAIN 7 NA 8388608 70 EU 48375432 71 EU 149164968 72 EU 176160768 73 EU 34292528 
15 HIDDEN_CHAIN 8 EU 56255160 74 EU 56255160 75 EU 48375432 76 EU 2129920 77 EU 56255160 
16 HIDDEN_CHAIN 9 NA 41636560 78 NA 66605352 79 NA 9216000 80 EU 56255160 81 EU 176160768 
17 HIDDEN_CHAIN 10 EU 54222072 82 NA 4194304 83 EU 2097152 84 NA 66605352 85 EU 176160768 
18 HIDDEN_CHAIN 11 EU 28672000 86 EU 149164968 87 EU 16777216 88 EU 54222072 89 EU 149164968 
19 HIDDEN_CHAIN 12 EU 48375432 90 EU 48375432 91 EU 19660800 92 EU 149164968 93 EU 34292528 
20 HIDDEN_CHAIN 13 EU 8192000 94 EU 54222072 95 EU 56255160 96 EU 48375432 97 EU 6296704 
21 HIDDEN_CHAIN 14 EU 56255160 98 EU 28672000 99 EU 176160768 100 EU 54222072 101 EU 11591680 
22 HIDDEN_CHAIN 15 NA 41636560 102 EU 28820368 103 EU 54222072 104 EU 149164968 105 EU 34292528 
23 HIDDEN_CHAIN 16 EU 19660800 106 NA 4194304 107 EU 28672000 108 NA 41636560 109 EU 12288000 
24 HIDDEN_CHAIN 17 EU 149164968 110 EU 28672000 111 NA 41636560 112 EU 2129920 113 EU 149164968 
25 HIDDEN_CHAIN 18 EU 48375432 114 EU 176160768 115 EU 54222072 116 EU 56255160 117 NA 41636560 
26 HIDDEN_CHAIN 19 EU 2457600 118 NA 13480656 119 EU 56255160 120 EU 34292528 121 EU 28820368 
27 HIDDEN_CHAIN 20 EU 28672000 122 EU 149164968 123 EU 176160768 124 EU 43927184 125 EU 56255160 
28 HIDDEN_CHAIN 21 NA 24371136 126 EU 16777216 127 EU 12288000 128 EU 149164968 129 EU 176160768 
29 HIDDEN_CHAIN 22 NA 66605352 130 EU 43927184 131 EU 149164968 132 EU 55892616 133 NA 48067448 
30 HIDDEN_CHAIN 23 EU 28672000 134 EU 11591680 135 EU 48375432 136 NA 13480656 137 EU 149164968 
31 HIDDEN_CHAIN 24 EU 16777216 138 EU 16777216 139 NA 48067448 140 EU 11591680 141 EU 48375432 
32 HIDDEN_CHAIN 25 NA 8388608 142 EU 54222072 143 EU 149164968 144 NA 24371136 145 NA 8388608 
33 HIDDEN_CHAIN 26 EU 149164968 146 EU 149164968 147 EU 19660800 148 EU 16777216 149 EU 56255160 
34 HIDDEN_CHAIN 27 EU 28820368 150 EU 176160768 151 EU 28820368 152 EU 149164968 153 EU 34292528 
35 HIDDEN_CHAIN 28 EU 176160768 154 NA 66605352 155 EU 149164968 156 EU 55892616 157 NA 13480656 
36 HIDDEN_CHAIN 29 EU 56255160 158 EU 149164968 159 NA 41636560 160 EU 176160768 161 EU 56255160 
37 HIDDEN_CHAIN 30 NA 41636560 162 EU 16777216 163 EU 54222072 164 EU 149164968 165 NA 24371136 
38 HIDDEN_CHAIN 31 NA 13480656 166 NA 48067448 167 EU 149164968 168 NA 66605352 169 EU 43927184 
39 HIDDEN_CHAIN 32 EU 149164968 170 EU 149164968 171 NA 24371136 172 EU 54222072 173 EU 28672000 
40 HIDDEN_CHAIN 33 EU 176160768 174 NA 41636560 175 EU 54222072 176 EU 149164968 177 NA 66605352 
41 HIDDEN_CHAIN 34 NA 1605632 178 EU 54222072 179 EU 149164968 180 NA 66605352 181 NA 48067448 
42 HIDDEN_CHAIN 35 EU 28672000 182 EU 149164968 183 NA 24371136 184 EU 176160768 185 EU 56255160 
43 HIDDEN_CHAIN 36 NA 24371136 186 EU 48375432 187 NA 9216000 188 EU 28672000 189 EU 55892616 
44 HIDDEN_CHAIN 37 EU 55892616 190 NA 48067448 191 EU 11591680 192 EU 48375432 193 EU 54222072 
45 HIDDEN_CHAIN 38 EU 28672000 194 EU 56255160 195 EU 176160768 196 EU 43927184 197 EU 149164968 
46 HIDDEN_CHAIN 39 EU 176160768 198 EU 176160768 199 EU 6296704 200 EU 56255160 201 EU 16777216 
47 HIDDEN_CHAIN 40 EU 8192000 202 EU 54222072 203 EU 56255160 204 EU 55892616 205 EU 34292528 
48 HIDDEN_CHAIN 41 EU 149164968 206 EU 149164968 207 NA 66605352 208 EU 2048000 209 EU 28672000 
