0 BRANCH 0 EU 176160768 1 EU 8192000 2 EU 149164968 3 EU 176160768 4 NA 66605352 5 EU 56255160 
1 CHAIN 0 EU 176160768 6 EU 48375432 7 NA 13480656 8 EU 56255160 9 NA 41636560 10 NA 819200 11 EU 28672000 
2 CHAIN 1 EU 8192000 12 EU 55892616 13 NA 9216000 14 EU 149164968 15 EU 28820368 16 NA 1605632 17 EU 56255160 
3 CHAIN 2 EU 149164968 18 EU 48375432 19 EU 8192000 20 EU 56255160 21 EU 28820368 22 EU 55892616 23 EU 56255160 
4 CHAIN 3 EU 176160768 24 NA 41636560 25 EU 28820368 26 EU 149164968 27 EU 176160768 28 NA 48067448 29 EU 56255160 
5 CHAIN 4 NA 66605352 30 EU 34292528 31 NA 48067448 32 EU 149164968 33 EU 34292528 34 EU 43927184 35 EU 56255160 
6 CHAIN 5 EU 56255160 36 EU 28820368 37 EU 48375432 38 EU 56255160 39 NA 66605352 40 EU 12288000 41 EU 56255160 
7 HIDDEN_BRANCH 0 EU 176160768 42 NA 66605352 43 EU 4096000 44 EU 149164968 45 EU 55892616 
8 HIDDEN_BRANCH 1 EU 8192000 46 NA 48067448 47 EU 149164968 48 EU 16777216 49 EU 48375432 
9 HIDDEN_BRANCH 2 EU 149164968 50 EU 149164968 51 EU 19660800 52 NA 1605632 53 EU 11591680 
10 HIDDEN_BRANCH 3 EU 176160768 54 NA 41636560 55 EU 55892616 56 EU 149164968 57 NA 66605352 
11 HIDDEN_BRANCH 4 NA 66605352 58 EU 54222072 59 EU 149164968 60 EU 34292528 61 EU 43927184 
12 HIDDEN_BRANCH 5 EU 56255160 62 EU 149164968 63 NA 24371136 64 EU 819200 65 EU 56255160 
13 HIDDEN_CHAIN 6 EU 48375432 66 EU 34292528 67 EU 43927184 68 EU 28672000 69 NA 66605352 
14 HIDDEN_CHAIN 7 NA 13480656 70 NA 8044008 71 EU 56255160 72 EU 48375432 73 NA 8044008 
15 HIDDEN_CHAIN 8 EU 56255160 74 EU 56255160 75 NA 24371136 76 NA 3391304 77 EU 11591680 
16 HIDDEN_CHAIN 9 NA 41636560 78 EU 48375432 79 EU 54222072 80 EU 149164968 81 EU 48375432 
17 HIDDEN_CHAIN 10 NA 819200 82 EU 5898240 83 EU 56255160 84 EU 16777216 85 EU 2457600 
18 HIDDEN_CHAIN 11 EU 28672000 86 EU 56255160 87 EU 48375432 88 EU 28820368 89 EU 28672000 
19 HIDDEN_CHAIN 12 EU 55892616 90 EU 34292528 91 EU 43927184 92 EU 56255160 93 EU 28820368 
20 HIDDEN_CHAIN 13 NA 9216000 94 NA 48067448 95 EU 149164968 96 NA 66605352 97 EU 176160768 
21 HIDDEN_CHAIN 14 EU 149164968 98 EU 56255160 99 NA 24371136 100 EU 12288000 101 EU 56255160 
22 HIDDEN_CHAIN 15 EU 28820368 102 NA 24371136 103 EU 2457600 104 EU 56255160 105 EU 176160768 
23 HIDDEN_CHAIN 16 NA 1605632 106 EU 48375432 107 EU 56255160 108 EU 48375432 109 EU 54222072 
24 HIDDEN_CHAIN 17 EU 56255160 110 EU 56255160 111 EU 16777216 112 EU 43927184 113 EU 149164968 
25 HIDDEN_CHAIN 18 EU 48375432 114 NA 41636560 115 NA 8044008 116 EU 56255160 117 EU 19660800 
26 HIDDEN_CHAIN 19 EU 8192000 118 NA 66605352 119 EU 28672000 120 NA 41636560 121 NA 8388608 
27 HIDDEN_CHAIN 20 EU 56255160 122 EU 149164968 123 EU 28820368 124 NA 48067448 125 EU 149164968 
28 HIDDEN_CHAIN 21 EU 28820368 126 EU 176160768 127 EU 48375432 128 EU 149164968 129 NA 41636560 
29 HIDDEN_CHAIN 22 EU 55892616 130 EU 43927184 131 EU 56255160 132 EU 48375432 133 EU 176160768 
30 HIDDEN_CHAIN 23 EU 56255160 134 EU 149164968 135 NA 41636560 136 EU 3178584 137 EU 149164968 
31 HIDDEN_CHAIN 24 NA 41636560 138 EU 176160768 139 NA 8044008 140 EU 28672000 141 EU 34292528 
32 HIDDEN_CHAIN 25 EU 28820368 142 EU 43927184 143 EU 56255160 144 EU 48375432 145 NA 9216000 
33 HIDDEN_CHAIN 26 EU 149164968 146 EU 149164968 147 EU 55892616 148 EU 54222072 149 EU 11591680 
34 HIDDEN_CHAIN 27 EU 176160768 150 EU 55892616 151 NA 4194304 152 EU 56255160 153 EU 19660800 
35 HIDDEN_CHAIN 28 NA 48067448 154 NA 8388608 155 EU 149164968 156 EU 34292528 157 EU 48375432 
36 HIDDEN_CHAIN 29 EU 56255160 158 EU 56255160 159 NA 41636560 160 EU 176160768 161 EU 56255160 
37 HIDDEN_CHAIN 30 EU 34292528 162 NA 66605352 163 NA 48067448 164 EU 149164968 165 EU 16777216 
38 HIDDEN_CHAIN 31 NA 48067448 166 EU 55892616 167 EU 11591680 168 EU 34292528 169 NA 8388608 
39 HIDDEN_CHAIN 32 EU 149164968 170 EU 56255160 171 EU 176160768 172 EU 54222072 173 EU 149164968 
40 HIDDEN_CHAIN 33 EU 34292528 174 EU 48375432 175 EU 34292528 176 EU 56255160 177 EU 176160768 
41 HIDDEN_CHAIN 34 EU 43927184 178 EU 54222072 179 EU 28672000 180 NA 66605352 181 NA 48067448 
42 HIDDEN_CHAIN 35 EU 56255160 182 EU 149164968 183 NA 41636560 184 EU 54222072 185 EU 11591680 
43 HIDDEN_CHAIN 36 EU 28820368 186 NA 66605352 187 NA 13480656 188 EU 56255160 189 EU 28820368 
44 HIDDEN_CHAIN 37 EU 48375432 190 NA 9216000 191 EU 149164968 192 EU 176160768 193 EU 28820368 
45 HIDDEN_CHAIN 38 EU 56255160 194 EU 56255160 195 NA 41636560 196 EU 54222072 197 EU 149164968 
46 HIDDEN_CHAIN 39 NA 66605352 198 EU 28820368 199 EU 48375432 200 EU 56255160 201 EU 176160768 
47 HIDDEN_CHAIN 40 EU 12288000 202 EU 54222072 203 EU 149164968 204 EU 34292528 205 EU 28820368 
48 HIDDEN_CHAIN 41 EU 56255160 206 EU 149164968 207 EU 176160768 208 NA 13480656 209 EU 11591680 
