0 BRANCH 0 EU 19660800 1 NA 8044008 2 EU 149164968 3 EU 176160768 4 NA 8388608 5 EU 56255160 
1 CHAIN 0 EU 19660800 6 EU 48375432 7 NA 66605352 8 EU 56255160 9 EU 55892616 10 EU 43927184 11 EU 56255160 
2 CHAIN 1 NA 8044008 12 EU 55892616 13 NA 48067448 14 EU 28672000 15 EU 34292528 16 NA 48067448 17 EU 149164968 
3 CHAIN 2 EU 149164968 18 EU 19660800 19 EU 43927184 20 EU 149164968 21 EU 55892616 22 NA 9216000 23 EU 149164968 
4 CHAIN 3 EU 176160768 24 EU 34292528 25 EU 176160768 26 EU 149164968 27 NA 66605352 28 NA 5079504 29 EU 149164968 
5 CHAIN 4 NA 8388608 30 NA 66605352 31 NA 24371136 32 EU 149164968 33 EU 176160768 34 EU 43927184 35 EU 56255160 
6 CHAIN 5 EU 56255160 36 NA 66605352 37 NA 48067448 38 EU 149164968 39 EU 34292528 40 NA 66605352 41 EU 56255160 
7 HIDDEN_BRANCH 0 EU 19660800 42 EU 48375432 43 EU 54222072 44 EU 56255160 45 EU 176160768 
8 HIDDEN_BRANCH 1 NA 8044008 46 NA 48067448 47 EU 149164968 48 NA 41636560 49 NA 48067448 
9 HIDDEN_BRANCH 2 EU 149164968 50 EU 149164968 51 EU 176160768 52 EU 34292528 53 EU 149164968 
10 HIDDEN_BRANCH 3 EU 176160768 54 NA 66605352 55 EU 43927184 56 EU 28672000 57 NA 66605352 
11 HIDDEN_BRANCH 4 NA 8388608 58 EU 34292528 59 EU 56255160 60 EU 176160768 61 NA 48067448 
12 HIDDEN_BRANCH 5 EU 56255160 62 EU 149164968 63 NA 24371136 64 EU 12288000 65 EU 56255160 
13 HIDDEN_CHAIN 6 EU 48375432 66 EU 176160768 67 EU 12288000 68 EU 56255160 69 NA 66605352 
14 HIDDEN_CHAIN 7 NA 66605352 70 NA 13480656 71 EU 149164968 72 EU 176160768 73 NA 9216000 
15 HIDDEN_CHAIN 8 EU 56255160 74 EU 56255160 75 EU 176160768 76 EU 54222072 77 EU 56255160 
16 HIDDEN_CHAIN 9 EU 55892616 78 EU 176160768 79 EU 54222072 80 EU 149164968 81 NA 66605352 
17 HIDDEN_CHAIN 10 EU 43927184 82 NA 41636560 83 EU 56255160 84 EU 48375432 85 NA 48067448 
18 HIDDEN_CHAIN 11 EU 56255160 86 EU 149164968 87 EU 48375432 88 NA 24371136 89 EU 11591680 
19 HIDDEN_CHAIN 12 EU 55892616 90 EU 176160768 91 EU 43927184 92 EU 149164968 93 NA 66605352 
20 HIDDEN_CHAIN 13 NA 48067448 94 NA 13480656 95 EU 28672000 96 NA 41636560 97 EU 54222072 
21 HIDDEN_CHAIN 14 EU 28672000 98 EU 56255160 99 EU 16777216 100 EU 55892616 101 EU 56255160 
22 HIDDEN_CHAIN 15 EU 34292528 102 EU 55892616 103 NA 48067448 104 EU 149164968 105 EU 55892616 
23 HIDDEN_CHAIN 16 NA 48067448 106 NA 5079504 107 EU 149164968 108 EU 176160768 109 EU 54222072 
24 HIDDEN_CHAIN 17 EU 149164968 110 EU 149164968 111 NA 66605352 112 EU 2048000 113 EU 149164968 
25 HIDDEN_CHAIN 18 EU 19660800 114 EU 34292528 115 EU 55892616 116 EU 149164968 117 EU 48375432 
26 HIDDEN_CHAIN 19 EU 43927184 118 NA 13480656 119 EU 149164968 120 EU 176160768 121 NA 48067448 
27 HIDDEN_CHAIN 20 EU 149164968 122 EU 56255160 123 NA 24371136 124 NA 48067448 125 EU 56255160 
28 HIDDEN_CHAIN 21 EU 55892616 126 EU 48375432 127 EU 43927184 128 EU 56255160 129 EU 48375432 
29 HIDDEN_CHAIN 22 NA 9216000 130 EU 176160768 131 EU 149164968 132 EU 28820368 133 NA 48067448 
30 HIDDEN_CHAIN 23 EU 149164968 134 EU 56255160 135 EU 55892616 136 NA 41636560 137 EU 28672000 
31 HIDDEN_CHAIN 24 EU 34292528 138 NA 41636560 139 NA 48067448 140 EU 56255160 141 EU 176160768 
32 HIDDEN_CHAIN 25 EU 176160768 142 NA 13480656 143 EU 149164968 144 EU 176160768 145 NA 66605352 
33 HIDDEN_CHAIN 26 EU 149164968 146 EU 28672000 147 EU 176160768 148 NA 48067448 149 EU 149164968 
34 HIDDEN_CHAIN 27 NA 66605352 150 NA 66605352 151 EU 176160768 152 EU 11591680 153 EU 16777216 
35 HIDDEN_CHAIN 28 NA 5079504 154 EU 43927184 155 EU 149164968 156 EU 28820368 157 EU 43927184 
36 HIDDEN_CHAIN 29 EU 149164968 158 EU 28672000 159 NA 66605352 160 NA 41636560 161 EU 56255160 
37 HIDDEN_CHAIN 30 NA 66605352 162 EU 48375432 163 NA 4194304 164 EU 56255160 165 NA 41636560 
38 HIDDEN_CHAIN 31 NA 24371136 166 NA 13480656 167 EU 56255160 168 EU 48375432 169 NA 8044008 
39 HIDDEN_CHAIN 32 EU 149164968 170 EU 56255160 171 EU 34292528 172 NA 48067448 173 EU 28672000 
40 HIDDEN_CHAIN 33 EU 176160768 174 NA 24371136 175 NA 9216000 176 EU 56255160 177 EU 34292528 
41 HIDDEN_CHAIN 34 EU 43927184 178 EU 6296704 179 EU 56255160 180 NA 41636560 181 EU 34292528 
42 HIDDEN_CHAIN 35 EU 56255160 182 EU 28672000 183 NA 66605352 184 NA 48067448 185 EU 149164968 
43 HIDDEN_CHAIN 36 NA 66605352 186 NA 41636560 187 EU 48375432 188 EU 149164968 189 NA 41636560 
44 HIDDEN_CHAIN 37 NA 48067448 190 EU 54222072 191 EU 2097152 192 EU 176160768 193 EU 2129920 
45 HIDDEN_CHAIN 38 EU 149164968 194 EU 149164968 195 EU 55892616 196 NA 13480656 197 EU 149164968 
46 HIDDEN_CHAIN 39 EU 34292528 198 EU 48375432 199 NA 8044008 200 EU 149164968 201 EU 176160768 
47 HIDDEN_CHAIN 40 NA 66605352 202 EU 43927184 203 EU 28672000 204 NA 24371136 205 NA 66605352 
48 HIDDEN_CHAIN 41 EU 56255160 206 EU 149164968 207 EU 48375432 208 EU 8192000 209 EU 149164968 
