0 BRANCH 0 EU 176160768 1 EU 43927184 2 EU 149164968 3 EU 34292528 4 NA 5079504 5 EU 149164968 
1 CHAIN 0 EU 176160768 6 EU 16777216 7 NA 8388608 8 EU 28672000 9 NA 41636560 10 EU 8192000 11 EU 28672000 
2 CHAIN 1 EU 43927184 12 EU 19660800 13 EU 12288000 14 EU 149164968 15 EU 55892616 16 EU 43927184 17 EU 149164968 
3 CHAIN 2 EU 149164968 18 NA 24371136 19 EU 43927184 20 EU 28672000 21 EU 176160768 22 EU 1064960 23 EU 149164968 
4 CHAIN 3 EU 34292528 24 EU 176160768 25 NA 48067448 26 EU 56255160 27 NA 66605352 28 EU 54222072 29 EU 149164968 
5 CHAIN 4 NA 5079504 30 NA 41636560 31 EU 8192000 32 EU 28672000 33 NA 66605352 34 EU 55892616 35 EU 56255160 
6 CHAIN 5 EU 149164968 36 EU 34292528 37 EU 43927184 38 EU 56255160 39 EU 28820368 40 EU 54222072 41 EU 28672000 
7 HIDDEN_BRANCH 0 EU 176160768 42 NA 66605352 43 NA 48067448 44 EU 56255160 45 EU 34292528 
8 HIDDEN_BRANCH 1 EU 43927184 46 EU 1638400 47 EU 149164968 48 EU 176160768 49 EU 43927184 
9 HIDDEN_BRANCH 2 EU 149164968 50 EU 56255160 51 NA 66605352 52 NA 48067448 53 EU 56255160 
10 HIDDEN_BRANCH 3 EU 34292528 54 NA 41636560 55 EU 55892616 56 EU 56255160 57 NA 66605352 
11 HIDDEN_BRANCH 4 NA 5079504 58 EU 43927184 59 EU 149164968 60 EU 34292528 61 EU 176160768 
12 HIDDEN_BRANCH 5 EU 149164968 62 EU 11591680 63 EU 19660800 64 EU 43927184 65 EU 56255160 
13 HIDDEN_CHAIN 6 EU 16777216 66 EU 48375432 67 NA 13480656 68 EU 149164968 69 EU 34292528 
14 HIDDEN_CHAIN 7 NA 8388608 70 EU 1638400 71 EU 149164968 72 EU 19660800 73 EU 1638400 
15 HIDDEN_CHAIN 8 EU 28672000 74 EU 149164968 75 NA 41636560 76 NA 8388608 77 EU 11591680 
16 HIDDEN_CHAIN 9 NA 41636560 78 EU 34292528 79 EU 176160768 80 EU 149164968 81 EU 34292528 
17 HIDDEN_CHAIN 10 EU 8192000 82 EU 2129920 83 EU 56255160 84 EU 19660800 85 NA 5079504 
18 HIDDEN_CHAIN 11 EU 28672000 86 EU 149164968 87 EU 176160768 88 EU 54222072 89 EU 56255160 
19 HIDDEN_CHAIN 12 EU 19660800 90 EU 28820368 91 NA 48067448 92 EU 149164968 93 EU 48375432 
20 HIDDEN_CHAIN 13 EU 12288000 94 EU 176160768 95 EU 149164968 96 EU 176160768 97 EU 48375432 
21 HIDDEN_CHAIN 14 EU 149164968 98 EU 56255160 99 EU 55892616 100 EU 43927184 101 EU 56255160 
22 HIDDEN_CHAIN 15 EU 55892616 102 EU 28820368 103 EU 54222072 104 EU 149164968 105 EU 34292528 
23 HIDDEN_CHAIN 16 EU 43927184 106 EU 54222072 107 EU 56255160 108 EU 34292528 109 EU 2129920 
24 HIDDEN_CHAIN 17 EU 149164968 110 EU 28672000 111 EU 55892616 112 EU 2048000 113 EU 56255160 
25 HIDDEN_CHAIN 18 NA 24371136 114 EU 34292528 115 EU 55892616 116 EU 56255160 117 EU 55892616 
26 HIDDEN_CHAIN 19 EU 43927184 118 EU 48375432 119 EU 56255160 120 NA 66605352 121 NA 24371136 
27 HIDDEN_CHAIN 20 EU 28672000 122 EU 28672000 123 EU 176160768 124 NA 9216000 125 EU 56255160 
28 HIDDEN_CHAIN 21 EU 176160768 126 NA 41636560 127 NA 66605352 128 EU 56255160 129 EU 176160768 
29 HIDDEN_CHAIN 22 EU 1064960 130 EU 43927184 131 EU 149164968 132 NA 41636560 133 EU 4096000 
30 HIDDEN_CHAIN 23 EU 149164968 134 EU 149164968 135 EU 28820368 136 EU 8192000 137 EU 11591680 
31 HIDDEN_CHAIN 24 EU 176160768 138 NA 66605352 139 EU 2457600 140 EU 149164968 141 EU 176160768 
32 HIDDEN_CHAIN 25 NA 48067448 142 NA 48067448 143 EU 149164968 144 EU 19660800 145 NA 13480656 
33 HIDDEN_CHAIN 26 EU 56255160 146 EU 149164968 147 NA 41636560 148 EU 176160768 149 EU 56255160 
34 HIDDEN_CHAIN 27 NA 66605352 150 NA 41636560 151 EU 54222072 152 EU 56255160 153 NA 66605352 
35 HIDDEN_CHAIN 28 EU 54222072 154 EU 176160768 155 EU 56255160 156 EU 16777216 157 NA 24371136 
36 HIDDEN_CHAIN 29 EU 149164968 158 EU 56255160 159 EU 55892616 160 EU 54222072 161 EU 149164968 
37 HIDDEN_CHAIN 30 NA 41636560 162 NA 41636560 163 EU 48375432 164 EU 28672000 165 EU 34292528 
38 HIDDEN_CHAIN 31 EU 8192000 166 EU 54222072 167 EU 28672000 168 EU 48375432 169 NA 13480656 
39 HIDDEN_CHAIN 32 EU 28672000 170 EU 56255160 171 EU 19660800 172 EU 176160768 173 EU 56255160 
40 HIDDEN_CHAIN 33 NA 66605352 174 NA 41636560 175 EU 5898240 176 EU 28672000 177 EU 176160768 
41 HIDDEN_CHAIN 34 EU 55892616 178 NA 5079504 179 EU 149164968 180 EU 48375432 181 EU 6296704 
42 HIDDEN_CHAIN 35 EU 56255160 182 EU 28672000 183 NA 41636560 184 NA 13480656 185 EU 28672000 
43 HIDDEN_CHAIN 36 EU 34292528 186 EU 48375432 187 EU 43927184 188 EU 56255160 189 EU 34292528 
44 HIDDEN_CHAIN 37 EU 43927184 190 EU 176160768 191 EU 149164968 192 EU 28820368 193 EU 43927184 
45 HIDDEN_CHAIN 38 EU 56255160 194 EU 56255160 195 EU 19660800 196 EU 54222072 197 EU 56255160 
46 HIDDEN_CHAIN 39 EU 28820368 198 EU 176160768 199 NA 4194304 200 EU 149164968 201 EU 48375432 
47 HIDDEN_CHAIN 40 EU 54222072 202 EU 1064960 203 EU 56255160 204 EU 55892616 205 NA 4194304 
48 HIDDEN_CHAIN 41 EU 28672000 206 EU 28672000 207 NA 24371136 208 EU 54222072 209 EU 149164968 
