0 BRANCH 0 EU 176160768 1 EU 19660800 2 EU 56255160 3 EU 48375432 4 NA 48067448 5 EU 149164968 
1 CHAIN 0 EU 176160768 6 EU 34292528 7 NA 8388608 8 EU 149164968 9 NA 41636560 10 NA 13480656 11 EU 149164968 
2 CHAIN 1 EU 19660800 12 NA 66605352 13 EU 54222072 14 EU 56255160 15 EU 176160768 16 EU 48375432 17 EU 56255160 
3 CHAIN 2 EU 56255160 18 EU 19660800 19 EU 54222072 20 EU 28672000 21 NA 66605352 22 EU 54222072 23 EU 56255160 
4 CHAIN 3 EU 48375432 24 EU 28820368 25 EU 8192000 26 EU 56255160 27 NA 41636560 28 EU 54222072 29 EU 56255160 
5 CHAIN 4 NA 48067448 30 EU 19660800 31 EU 54222072 32 EU 149164968 33 NA 41636560 34 EU 54222072 35 EU 149164968 
6 CHAIN 5 EU 149164968 36 EU 176160768 37 NA 48067448 38 EU 149164968 39 EU 48375432 40 EU 4096000 41 EU 28672000 
7 HIDDEN_BRANCH 0 EU 176160768 42 EU 19660800 43 NA 1605632 44 EU 11591680 45 EU 55892616 
8 HIDDEN_BRANCH 1 EU 19660800 46 EU 19660800 47 EU 56255160 48 EU 48375432 49 NA 8388608 
9 HIDDEN_BRANCH 2 EU 56255160 50 EU 56255160 51 NA 66605352 52 EU 34292528 53 EU 56255160 
10 HIDDEN_BRANCH 3 EU 48375432 54 EU 34292528 55 EU 43927184 56 EU 149164968 57 NA 41636560 
11 HIDDEN_BRANCH 4 NA 48067448 58 EU 1024000 59 EU 56255160 60 EU 176160768 61 NA 41636560 
12 HIDDEN_BRANCH 5 EU 149164968 62 EU 56255160 63 EU 176160768 64 EU 54222072 65 EU 149164968 
13 HIDDEN_CHAIN 6 EU 34292528 66 EU 55892616 67 NA 48067448 68 EU 56255160 69 NA 41636560 
14 HIDDEN_CHAIN 7 NA 8388608 70 EU 43927184 71 EU 56255160 72 EU 28820368 73 EU 12288000 
15 HIDDEN_CHAIN 8 EU 149164968 74 EU 56255160 75 EU 176160768 76 NA 13480656 77 EU 149164968 
16 HIDDEN_CHAIN 9 NA 41636560 78 NA 41636560 79 NA 8044008 80 EU 149164968 81 NA 41636560 
17 HIDDEN_CHAIN 10 NA 13480656 82 NA 8388608 83 EU 149164968 84 EU 48375432 85 NA 66605352 
18 HIDDEN_CHAIN 11 EU 149164968 86 EU 149164968 87 NA 66605352 88 NA 48067448 89 EU 149164968 
19 HIDDEN_CHAIN 12 NA 66605352 90 EU 176160768 91 EU 16777216 92 EU 149164968 93 EU 176160768 
20 HIDDEN_CHAIN 13 EU 54222072 94 NA 5079504 95 EU 149164968 96 NA 66605352 97 NA 41636560 
21 HIDDEN_CHAIN 14 EU 56255160 98 EU 11591680 99 EU 16777216 100 EU 2457600 101 EU 28672000 
22 HIDDEN_CHAIN 15 EU 176160768 102 EU 55892616 103 EU 43927184 104 EU 2097152 105 NA 24371136 
23 HIDDEN_CHAIN 16 EU 48375432 106 EU 6296704 107 EU 56255160 108 NA 41636560 109 EU 54222072 
24 HIDDEN_CHAIN 17 EU 56255160 110 EU 149164968 111 NA 41636560 112 EU 2129920 113 EU 149164968 
25 HIDDEN_CHAIN 18 EU 19660800 114 EU 28820368 115 EU 12288000 116 EU 149164968 117 EU 55892616 
26 HIDDEN_CHAIN 19 EU 54222072 118 EU 12288000 119 EU 149164968 120 EU 55892616 121 EU 48375432 
27 HIDDEN_CHAIN 20 EU 28672000 122 EU 56255160 123 EU 48375432 124 NA 66605352 125 EU 149164968 
28 HIDDEN_CHAIN 21 NA 66605352 126 NA 41636560 127 EU 3178584 128 EU 28672000 129 NA 66605352 
29 HIDDEN_CHAIN 22 EU 54222072 130 EU 4096000 131 EU 149164968 132 NA 66605352 133 EU 55892616 
30 HIDDEN_CHAIN 23 EU 56255160 134 EU 56255160 135 EU 28820368 136 EU 4096000 137 EU 149164968 
31 HIDDEN_CHAIN 24 EU 28820368 138 NA 66605352 139 EU 54222072 140 EU 149164968 141 EU 16777216 
32 HIDDEN_CHAIN 25 EU 8192000 142 EU 28820368 143 EU 149164968 144 NA 24371136 145 NA 41636560 
33 HIDDEN_CHAIN 26 EU 56255160 146 EU 56255160 147 EU 176160768 148 NA 13480656 149 EU 56255160 
34 HIDDEN_CHAIN 27 NA 41636560 150 EU 48375432 151 EU 54222072 152 EU 149164968 153 NA 66605352 
35 HIDDEN_CHAIN 28 EU 54222072 154 NA 48067448 155 EU 149164968 156 EU 176160768 157 EU 19660800 
36 HIDDEN_CHAIN 29 EU 56255160 158 EU 149164968 159 EU 34292528 160 EU 176160768 161 EU 149164968 
37 HIDDEN_CHAIN 30 EU 19660800 162 EU 48375432 163 NA 48067448 164 EU 149164968 165 NA 66605352 
38 HIDDEN_CHAIN 31 EU 54222072 166 EU 12288000 167 EU 56255160 168 NA 66605352 169 EU 54222072 
39 HIDDEN_CHAIN 32 EU 149164968 170 EU 11591680 171 EU 48375432 172 EU 54222072 173 EU 28672000 
40 HIDDEN_CHAIN 33 NA 41636560 174 EU 48375432 175 EU 8192000 176 EU 28672000 177 EU 19660800 
41 HIDDEN_CHAIN 34 EU 54222072 178 EU 48375432 179 EU 56255160 180 NA 66605352 181 NA 8044008 
42 HIDDEN_CHAIN 35 EU 149164968 182 EU 149164968 183 EU 34292528 184 EU 54222072 185 EU 149164968 
43 HIDDEN_CHAIN 36 EU 176160768 186 NA 66605352 187 NA 8388608 188 EU 11591680 189 EU 16777216 
44 HIDDEN_CHAIN 37 NA 48067448 190 EU 2457600 191 EU 149164968 192 EU 16777216 193 NA 8044008 
45 HIDDEN_CHAIN 38 EU 149164968 194 EU 149164968 195 NA 66605352 196 EU 54222072 197 EU 28672000 
46 HIDDEN_CHAIN 39 EU 48375432 198 EU 176160768 199 EU 48375432 200 EU 149164968 201 NA 41636560 
47 HIDDEN_CHAIN 40 EU 4096000 202 NA 48067448 203 EU 149164968 204 NA 41636560 205 NA 48067448 
48 HIDDEN_CHAIN 41 EU 28672000 206 EU 149164968 207 NA 41636560 208 EU 54222072 209 EU 56255160 
