0 BRANCH 0 EU 19660800 1 NA 8044008 2 EU 149164968 3 NA 24371136 4 EU 34292528 5 EU 56255160 
1 CHAIN 0 EU 19660800 6 EU 55892616 7 EU 54222072 8 EU 149164968 9 EU 19660800 10 NA 24371136 11 EU 149164968 
2 CHAIN 1 NA 8044008 12 EU 176160768 13 NA 66605352 14 EU 56255160 15 NA 41636560 16 EU 43927184 17 EU 28672000 
3 CHAIN 2 EU 149164968 18 NA 66605352 19 EU 43927184 20 EU 149164968 21 NA 24371136 22 EU 2457600 23 EU 149164968 
4 CHAIN 3 NA 24371136 24 EU 55892616 25 EU 43927184 26 EU 149164968 27 EU 55892616 28 EU 43927184 29 EU 56255160 
5 CHAIN 4 EU 34292528 30 EU 28820368 31 EU 176160768 32 EU 28672000 33 EU 176160768 34 NA 8388608 35 EU 149164968 
6 CHAIN 5 EU 56255160 36 EU 176160768 37 EU 5898240 38 EU 149164968 39 EU 55892616 40 EU 28820368 41 EU 56255160 
7 HIDDEN_BRANCH 0 EU 19660800 42 NA 41636560 43 EU 55892616 44 EU 149164968 45 EU 16777216 
8 HIDDEN_BRANCH 1 NA 8044008 46 EU 43927184 47 EU 56255160 48 EU 176160768 49 NA 1605632 
9 HIDDEN_BRANCH 2 EU 149164968 50 EU 149164968 51 NA 41636560 52 EU 4096000 53 EU 149164968 
10 HIDDEN_BRANCH 3 NA 24371136 54 EU 19660800 55 EU 54222072 56 EU 28672000 57 EU 176160768 
11 HIDDEN_BRANCH 4 EU 34292528 58 NA 48067448 59 EU 56255160 60 EU 16777216 61 EU 819200 
12 HIDDEN_BRANCH 5 EU 56255160 62 EU 56255160 63 EU 28820368 64 EU 54222072 65 EU 149164968 
13 HIDDEN_CHAIN 6 EU 55892616 66 EU 48375432 67 EU 54222072 68 EU 149164968 69 EU 48375432 
14 HIDDEN_CHAIN 7 EU 54222072 70 NA 9216000 71 EU 149164968 72 EU 19660800 73 EU 1024000 
15 HIDDEN_CHAIN 8 EU 149164968 74 EU 56255160 75 EU 48375432 76 EU 2129920 77 EU 56255160 
16 HIDDEN_CHAIN 9 EU 19660800 78 EU 19660800 79 EU 4096000 80 EU 56255160 81 NA 66605352 
17 HIDDEN_CHAIN 10 NA 24371136 82 EU 176160768 83 EU 56255160 84 NA 24371136 85 EU 176160768 
18 HIDDEN_CHAIN 11 EU 149164968 86 EU 149164968 87 NA 24371136 88 EU 43927184 89 EU 149164968 
19 HIDDEN_CHAIN 12 EU 176160768 90 EU 48375432 91 EU 19660800 92 EU 149164968 93 EU 48375432 
20 HIDDEN_CHAIN 13 NA 66605352 94 NA 48067448 95 EU 149164968 96 NA 24371136 97 NA 66605352 
21 HIDDEN_CHAIN 14 EU 56255160 98 EU 56255160 99 EU 28820368 100 NA 66605352 101 EU 149164968 
22 HIDDEN_CHAIN 15 NA 41636560 102 NA 41636560 103 EU 54222072 104 EU 149164968 105 EU 176160768 
23 HIDDEN_CHAIN 16 EU 43927184 106 EU 43927184 107 EU 11591680 108 EU 34292528 109 EU 8192000 
24 HIDDEN_CHAIN 17 EU 28672000 110 EU 149164968 111 EU 176160768 112 NA 1605632 113 EU 149164968 
25 HIDDEN_CHAIN 18 NA 66605352 114 NA 41636560 115 EU 54222072 116 EU 11591680 117 EU 176160768 
26 HIDDEN_CHAIN 19 EU 43927184 118 EU 2048000 119 EU 28672000 120 EU 34292528 121 NA 24371136 
27 HIDDEN_CHAIN 20 EU 149164968 122 EU 149164968 123 NA 41636560 124 NA 48067448 125 EU 56255160 
28 HIDDEN_CHAIN 21 NA 24371136 126 EU 176160768 127 NA 41636560 128 EU 56255160 129 EU 55892616 
29 HIDDEN_CHAIN 22 EU 2457600 130 EU 54222072 131 EU 149164968 132 EU 34292528 133 EU 54222072 
30 HIDDEN_CHAIN 23 EU 149164968 134 EU 56255160 135 NA 66605352 136 NA 4194304 137 EU 149164968 
31 HIDDEN_CHAIN 24 EU 55892616 138 EU 16777216 139 NA 8388608 140 EU 149164968 141 EU 176160768 
32 HIDDEN_CHAIN 25 EU 43927184 142 NA 48067448 143 EU 149164968 144 NA 41636560 145 NA 66605352 
33 HIDDEN_CHAIN 26 EU 149164968 146 EU 11591680 147 EU 176160768 148 NA 8388608 149 EU 149164968 
34 HIDDEN_CHAIN 27 EU 55892616 150 EU 176160768 151 EU 12288000 152 EU 56255160 153 EU 55892616 
35 HIDDEN_CHAIN 28 EU 43927184 154 EU 54222072 155 EU 56255160 156 EU 19660800 157 NA 48067448 
36 HIDDEN_CHAIN 29 EU 56255160 158 EU 56255160 159 EU 48375432 160 EU 43927184 161 EU 149164968 
37 HIDDEN_CHAIN 30 EU 28820368 162 EU 176160768 163 EU 2457600 164 EU 11591680 165 NA 66605352 
38 HIDDEN_CHAIN 31 EU 176160768 166 EU 43927184 167 EU 56255160 168 EU 55892616 169 EU 43927184 
39 HIDDEN_CHAIN 32 EU 28672000 170 EU 56255160 171 EU 176160768 172 EU 54222072 173 EU 56255160 
40 HIDDEN_CHAIN 33 EU 176160768 174 NA 41636560 175 EU 43927184 176 EU 149164968 177 EU 176160768 
41 HIDDEN_CHAIN 34 NA 8388608 178 EU 48375432 179 EU 56255160 180 EU 176160768 181 EU 48375432 
42 HIDDEN_CHAIN 35 EU 149164968 182 EU 149164968 183 NA 66605352 184 NA 8388608 185 EU 56255160 
43 HIDDEN_CHAIN 36 EU 176160768 186 EU 48375432 187 EU 8192000 188 EU 28672000 189 EU 176160768 
44 HIDDEN_CHAIN 37 EU 5898240 190 NA 48067448 191 EU 56255160 192 EU 19660800 193 EU 54222072 
45 HIDDEN_CHAIN 38 EU 149164968 194 EU 28672000 195 EU 34292528 196 NA 66605352 197 EU 28672000 
46 HIDDEN_CHAIN 39 EU 55892616 198 EU 176160768 199 NA 48067448 200 EU 56255160 201 EU 55892616 
47 HIDDEN_CHAIN 40 EU 28820368 202 NA 13480656 203 EU 149164968 204 EU 28820368 205 EU 1024000 
48 HIDDEN_CHAIN 41 EU 56255160 206 EU 28672000 207 NA 41636560 208 EU 54222072 209 EU 149164968 
