0 BRANCH 0 NA 24371136 1 NA 8044008 2 EU 56255160 3 EU 176160768 4 EU 1064960 5 EU 28672000 
1 CHAIN 0 NA 24371136 6 EU 48375432 7 EU 54222072 8 NA 819200 9 EU 19660800 10 EU 43927184 11 EU 149164968 
2 CHAIN 1 NA 8044008 12 NA 24371136 13 EU 176160768 14 EU 149164968 15 EU 28820368 16 NA 8044008 17 EU 28672000 
3 CHAIN 2 EU 56255160 18 NA 41636560 19 EU 16777216 20 EU 28672000 21 NA 41636560 22 NA 48067448 23 EU 149164968 
4 CHAIN 3 EU 176160768 24 EU 55892616 25 NA 9216000 26 EU 149164968 27 EU 34292528 28 EU 12288000 29 EU 149164968 
5 CHAIN 4 EU 1064960 30 EU 48375432 31 EU 54222072 32 EU 56255160 33 NA 24371136 34 EU 8192000 35 EU 56255160 
6 CHAIN 5 EU 28672000 36 EU 48375432 37 NA 41636560 38 EU 149164968 39 NA 66605352 40 NA 48067448 41 EU 149164968 
7 HIDDEN_BRANCH 0 NA 24371136 42 EU 34292528 43 EU 8192000 44 EU 28672000 45 EU 176160768 
8 HIDDEN_BRANCH 1 NA 8044008 46 NA 66605352 47 EU 56255160 48 EU 34292528 49 EU 43927184 
9 HIDDEN_BRANCH 2 EU 56255160 50 EU 56255160 51 EU 34292528 52 NA 66605352 53 EU 56255160 
10 HIDDEN_BRANCH 3 EU 176160768 54 EU 176160768 55 NA 5079504 56 EU 149164968 57 NA 41636560 
11 HIDDEN_BRANCH 4 EU 1064960 58 EU 55892616 59 EU 149164968 60 NA 24371136 61 EU 43927184 
12 HIDDEN_BRANCH 5 EU 28672000 62 EU 149164968 63 NA 66605352 64 EU 54222072 65 EU 11591680 
13 HIDDEN_CHAIN 6 EU 48375432 66 EU 176160768 67 EU 43927184 68 EU 56255160 69 NA 24371136 
14 HIDDEN_CHAIN 7 EU 54222072 70 NA 48067448 71 EU 56255160 72 EU 16777216 73 NA 41636560 
15 HIDDEN_CHAIN 8 NA 819200 74 EU 149164968 75 EU 55892616 76 EU 2457600 77 EU 56255160 
16 HIDDEN_CHAIN 9 EU 19660800 78 NA 41636560 79 EU 48375432 80 EU 149164968 81 EU 19660800 
17 HIDDEN_CHAIN 10 EU 43927184 82 EU 176160768 83 EU 149164968 84 EU 16777216 85 EU 2457600 
18 HIDDEN_CHAIN 11 EU 149164968 86 EU 149164968 87 NA 66605352 88 EU 176160768 89 EU 149164968 
19 HIDDEN_CHAIN 12 NA 24371136 90 EU 176160768 91 NA 13480656 92 EU 149164968 93 EU 55892616 
20 HIDDEN_CHAIN 13 EU 176160768 94 EU 12288000 95 EU 56255160 96 NA 24371136 97 EU 176160768 
21 HIDDEN_CHAIN 14 EU 149164968 98 EU 149164968 99 EU 16777216 100 EU 48375432 101 EU 56255160 
22 HIDDEN_CHAIN 15 EU 28820368 102 NA 41636560 103 EU 43927184 104 EU 56255160 105 EU 28820368 
23 HIDDEN_CHAIN 16 NA 8044008 106 NA 9216000 107 EU 11591680 108 EU 16777216 109 EU 54222072 
24 HIDDEN_CHAIN 17 EU 28672000 110 EU 11591680 111 EU 55892616 112 NA 3391304 113 EU 149164968 
25 HIDDEN_CHAIN 18 NA 41636560 114 EU 34292528 115 EU 43927184 116 EU 149164968 117 NA 66605352 
26 HIDDEN_CHAIN 19 EU 16777216 118 NA 41636560 119 EU 149164968 120 EU 28820368 121 EU 12288000 
27 HIDDEN_CHAIN 20 EU 28672000 122 EU 149164968 123 EU 16777216 124 NA 8044008 125 EU 149164968 
28 HIDDEN_CHAIN 21 NA 41636560 126 EU 19660800 127 NA 8388608 128 EU 149164968 129 NA 66605352 
29 HIDDEN_CHAIN 22 NA 48067448 130 NA 48067448 131 EU 149164968 132 EU 55892616 133 EU 16777216 
30 HIDDEN_CHAIN 23 EU 149164968 134 EU 149164968 135 EU 48375432 136 EU 54222072 137 EU 149164968 
31 HIDDEN_CHAIN 24 EU 55892616 138 NA 66605352 139 EU 43927184 140 EU 11591680 141 NA 66605352 
32 HIDDEN_CHAIN 25 NA 9216000 142 NA 48067448 143 EU 28672000 144 EU 28820368 145 EU 176160768 
33 HIDDEN_CHAIN 26 EU 149164968 146 EU 28672000 147 NA 66605352 148 EU 55892616 149 EU 149164968 
34 HIDDEN_CHAIN 27 EU 34292528 150 EU 176160768 151 EU 2457600 152 EU 11591680 153 NA 24371136 
35 HIDDEN_CHAIN 28 EU 12288000 154 EU 54222072 155 EU 11591680 156 EU 16777216 157 EU 54222072 
36 HIDDEN_CHAIN 29 EU 149164968 158 EU 149164968 159 EU 48375432 160 EU 6296704 161 EU 149164968 
37 HIDDEN_CHAIN 30 EU 48375432 162 NA 41636560 163 EU 6296704 164 EU 28672000 165 EU 176160768 
38 HIDDEN_CHAIN 31 EU 54222072 166 EU 54222072 167 EU 11591680 168 EU 176160768 169 EU 6296704 
39 HIDDEN_CHAIN 32 EU 56255160 170 EU 149164968 171 EU 48375432 172 EU 43927184 173 EU 149164968 
40 HIDDEN_CHAIN 33 NA 24371136 174 NA 66605352 175 NA 13480656 176 EU 149164968 177 NA 24371136 
41 HIDDEN_CHAIN 34 EU 8192000 178 EU 8192000 179 EU 28672000 180 EU 19660800 181 NA 9216000 
42 HIDDEN_CHAIN 35 EU 56255160 182 EU 149164968 183 EU 28820368 184 NA 24371136 185 EU 28672000 
43 HIDDEN_CHAIN 36 EU 48375432 186 NA 41636560 187 NA 8388608 188 EU 56255160 189 NA 24371136 
44 HIDDEN_CHAIN 37 NA 41636560 190 NA 48067448 191 EU 149164968 192 NA 41636560 193 NA 48067448 
45 HIDDEN_CHAIN 38 EU 149164968 194 EU 56255160 195 EU 176160768 196 NA 48067448 197 EU 149164968 
46 HIDDEN_CHAIN 39 NA 66605352 198 NA 24371136 199 EU 55892616 200 EU 56255160 201 EU 48375432 
47 HIDDEN_CHAIN 40 NA 48067448 202 EU 176160768 203 EU 149164968 204 EU 28820368 205 EU 5898240 
48 HIDDEN_CHAIN 41 EU 149164968 206 EU 149164968 207 NA 24371136 208 EU 43927184 209 EU 56255160 
