0 BRANCH 0 EU 176160768 1 EU 8192000 2 EU 149164968 3 NA 66605352 
1 CHAIN 0 EU 176160768 4 NA 5079504 5 EU 149164968 6 NA 66605352 7 EU 54222072 
2 CHAIN 1 EU 8192000 8 EU 149164968 9 EU 34292528 10 NA 41636560 11 EU 149164968 
3 CHAIN 2 EU 149164968 12 NA 24371136 13 NA 9216000 14 EU 56255160 15 EU 34292528 
4 CHAIN 3 NA 66605352 16 EU 43927184 17 EU 149164968 18 EU 34292528 19 NA 13480656 
5 HIDDEN_BRANCH 0 EU 176160768 20 EU 149164968 21 EU 34292528 22 NA 48067448 23 EU 28672000 
6 HIDDEN_BRANCH 1 EU 8192000 24 EU 28820368 25 EU 55892616 26 EU 28672000 27 EU 34292528 
7 HIDDEN_BRANCH 2 EU 149164968 28 EU 43927184 29 EU 11591680 30 EU 176160768 31 NA 66605352 
8 HIDDEN_BRANCH 3 NA 66605352 32 EU 56255160 33 EU 28820368 34 NA 24371136 35 EU 28672000 
9 HIDDEN_CHAIN 4 NA 5079504 36 NA 66605352 37 EU 34292528 38 EU 149164968 39 EU 34292528 
10 HIDDEN_CHAIN 5 EU 149164968 40 NA 66605352 41 EU 149164968 42 EU 34292528 43 NA 13480656 
11 HIDDEN_CHAIN 6 NA 66605352 44 EU 11591680 45 NA 24371136 46 EU 43927184 47 EU 149164968 
12 HIDDEN_CHAIN 7 EU 54222072 48 EU 28820368 49 NA 48067448 50 EU 149164968 51 NA 41636560 
13 HIDDEN_CHAIN 8 EU 149164968 52 NA 66605352 53 EU 11591680 54 EU 55892616 55 EU 43927184 
14 HIDDEN_CHAIN 9 EU 34292528 56 EU 56255160 57 NA 66605352 58 NA 41636560 59 EU 28672000 
15 HIDDEN_CHAIN 10 NA 41636560 60 EU 176160768 61 EU 43927184 62 EU 28672000 63 EU 176160768 
16 HIDDEN_CHAIN 11 EU 149164968 64 EU 34292528 65 EU 56255160 66 NA 41636560 67 EU 54222072 
17 HIDDEN_CHAIN 12 NA 24371136 68 EU 11591680 69 NA 66605352 70 EU 43927184 71 EU 56255160 
18 HIDDEN_CHAIN 13 NA 9216000 72 EU 28820368 73 NA 48067448 74 EU 149164968 75 EU 34292528 
19 HIDDEN_CHAIN 14 EU 56255160 76 NA 3391304 77 EU 149164968 78 NA 41636560 79 EU 1638400 
20 HIDDEN_CHAIN 15 EU 34292528 80 EU 149164968 81 EU 34292528 82 EU 48375432 83 EU 56255160 
21 HIDDEN_CHAIN 16 EU 43927184 84 EU 55892616 85 NA 66605352 86 EU 149164968 87 EU 48375432 
22 HIDDEN_CHAIN 17 EU 149164968 88 EU 43927184 89 EU 56255160 90 EU 176160768 91 NA 13480656 
23 HIDDEN_CHAIN 18 EU 34292528 92 EU 28672000 93 EU 55892616 94 EU 6296704 95 EU 56255160 
24 HIDDEN_CHAIN 19 NA 13480656 96 NA 66605352 97 EU 34292528 98 EU 149164968 99 EU 28820368 
