0 BRANCH 0 EU 55892616 1 NA 48067448 2 EU 149164968 3 EU 176160768 
1 CHAIN 0 EU 55892616 4 NA 48067448 5 EU 56255160 6 EU 176160768 7 EU 54222072 
2 CHAIN 1 NA 48067448 8 EU 11591680 9 EU 55892616 10 EU 43927184 11 EU 149164968 
3 CHAIN 2 EU 149164968 12 EU 176160768 13 NA 8388608 14 EU 149164968 15 EU 16777216 
4 CHAIN 3 EU 176160768 16 NA 48067448 17 EU 56255160 18 NA 66605352 19 NA 9216000 
5 HIDDEN_BRANCH 0 EU 55892616 20 EU 28672000 21 NA 41636560 22 EU 34292528 23 EU 149164968 
6 HIDDEN_BRANCH 1 NA 48067448 24 EU 34292528 25 EU 54222072 26 EU 149164968 27 EU 176160768 
7 HIDDEN_BRANCH 2 EU 149164968 28 NA 41636560 29 EU 28672000 30 NA 41636560 31 EU 6296704 
8 HIDDEN_BRANCH 3 EU 176160768 32 EU 56255160 33 NA 66605352 34 EU 43927184 35 EU 149164968 
9 HIDDEN_CHAIN 4 NA 48067448 36 EU 55892616 37 NA 48067448 38 EU 28672000 39 NA 66605352 
10 HIDDEN_CHAIN 5 EU 56255160 40 EU 1024000 41 EU 149164968 42 NA 66605352 43 NA 48067448 
11 HIDDEN_CHAIN 6 EU 176160768 44 EU 149164968 45 NA 66605352 46 EU 43927184 47 EU 28672000 
12 HIDDEN_CHAIN 7 EU 54222072 48 EU 34292528 49 EU 55892616 50 EU 56255160 51 NA 41636560 
13 HIDDEN_CHAIN 8 EU 11591680 52 EU 54222072 53 EU 149164968 54 NA 24371136 55 NA 13480656 
14 HIDDEN_CHAIN 9 EU 55892616 56 EU 149164968 57 EU 19660800 58 NA 3391304 59 EU 149164968 
15 HIDDEN_CHAIN 10 EU 43927184 60 EU 19660800 61 NA 48067448 62 EU 149164968 63 EU 19660800 
16 HIDDEN_CHAIN 11 EU 149164968 64 EU 12288000 65 EU 149164968 66 EU 176160768 67 NA 41636560 
17 HIDDEN_CHAIN 12 EU 176160768 68 EU 149164968 69 EU 176160768 70 NA 48067448 71 EU 149164968 
18 HIDDEN_CHAIN 13 NA 8388608 72 EU 28820368 73 EU 43927184 74 NA 819200 75 EU 48375432 
19 HIDDEN_CHAIN 14 EU 149164968 76 EU 54222072 77 EU 56255160 78 EU 28820368 79 EU 2457600 
20 HIDDEN_CHAIN 15 EU 16777216 80 EU 149164968 81 EU 48375432 82 EU 34292528 83 EU 56255160 
21 HIDDEN_CHAIN 16 NA 48067448 84 EU 55892616 85 NA 24371136 86 EU 149164968 87 EU 176160768 
22 HIDDEN_CHAIN 17 EU 56255160 88 NA 48067448 89 EU 28672000 90 EU 55892616 91 EU 12288000 
23 HIDDEN_CHAIN 18 NA 66605352 92 EU 149164968 93 EU 28820368 94 EU 43927184 95 EU 56255160 
24 HIDDEN_CHAIN 19 NA 9216000 96 EU 55892616 97 EU 54222072 98 EU 56255160 99 EU 55892616 
