0 BRANCH 0 EU 48375432 1 NA 13480656 2 EU 56255160 3 EU 55892616 
1 CHAIN 0 EU 48375432 4 NA 9216000 5 EU 149164968 6 EU 48375432 7 EU 176160768 
2 CHAIN 1 NA 13480656 8 EU 149164968 9 EU 19660800 10 EU 43927184 11 EU 149164968 
3 CHAIN 2 EU 56255160 12 EU 48375432 13 EU 54222072 14 EU 149164968 15 NA 66605352 
4 CHAIN 3 EU 55892616 16 NA 48067448 17 EU 28672000 18 EU 176160768 19 NA 13480656 
5 HIDDEN_BRANCH 0 EU 48375432 20 EU 149164968 21 EU 48375432 22 EU 6296704 23 EU 56255160 
6 HIDDEN_BRANCH 1 NA 13480656 24 EU 55892616 25 EU 43927184 26 EU 56255160 27 NA 41636560 
7 HIDDEN_BRANCH 2 EU 56255160 28 EU 34292528 29 EU 149164968 30 NA 24371136 31 EU 54222072 
8 HIDDEN_BRANCH 3 EU 55892616 32 EU 56255160 33 EU 176160768 34 EU 54222072 35 EU 56255160 
9 HIDDEN_CHAIN 4 NA 9216000 36 EU 176160768 37 NA 66605352 38 EU 149164968 39 EU 16777216 
10 HIDDEN_CHAIN 5 EU 149164968 40 EU 176160768 41 EU 2097152 42 NA 66605352 43 EU 2048000 
11 HIDDEN_CHAIN 6 EU 48375432 44 EU 149164968 45 EU 28820368 46 NA 9216000 47 EU 11591680 
12 HIDDEN_CHAIN 7 EU 176160768 48 EU 48375432 49 EU 43927184 50 EU 56255160 51 EU 48375432 
13 HIDDEN_CHAIN 8 EU 149164968 52 NA 48067448 53 EU 149164968 54 NA 66605352 55 NA 48067448 
14 HIDDEN_CHAIN 9 EU 19660800 56 EU 149164968 57 EU 176160768 58 EU 12288000 59 EU 149164968 
15 HIDDEN_CHAIN 10 EU 43927184 60 NA 66605352 61 EU 12288000 62 EU 28672000 63 EU 48375432 
16 HIDDEN_CHAIN 11 EU 149164968 64 EU 54222072 65 EU 149164968 66 EU 34292528 67 NA 41636560 
17 HIDDEN_CHAIN 12 EU 48375432 68 EU 56255160 69 NA 66605352 70 NA 5079504 71 EU 56255160 
18 HIDDEN_CHAIN 13 EU 54222072 72 EU 176160768 73 EU 2457600 74 EU 28672000 75 EU 34292528 
19 HIDDEN_CHAIN 14 EU 149164968 76 NA 13480656 77 EU 56255160 78 EU 34292528 79 NA 8388608 
20 HIDDEN_CHAIN 15 NA 66605352 80 EU 11591680 81 NA 66605352 82 EU 1638400 83 EU 149164968 
21 HIDDEN_CHAIN 16 NA 48067448 84 EU 176160768 85 NA 48067448 86 EU 28672000 87 NA 66605352 
22 HIDDEN_CHAIN 17 EU 28672000 88 NA 8388608 89 EU 11591680 90 NA 66605352 91 EU 54222072 
23 HIDDEN_CHAIN 18 EU 176160768 92 EU 149164968 93 NA 24371136 94 NA 8388608 95 EU 56255160 
24 HIDDEN_CHAIN 19 NA 13480656 96 NA 24371136 97 EU 6296704 98 EU 149164968 99 EU 55892616 
