0 BRANCH 0 EU 19660800 1 EU 54222072 2 EU 28672000 3 NA 41636560 
1 CHAIN 0 EU 19660800 4 EU 8192000 5 EU 28672000 6 EU 28820368 7 EU 19660800 
2 CHAIN 1 EU 54222072 8 EU 149164968 9 NA 24371136 10 EU 43927184 11 EU 28672000 
3 CHAIN 2 EU 28672000 12 EU 28820368 13 NA 66605352 14 EU 149164968 15 NA 24371136 
4 CHAIN 3 NA 41636560 16 EU 43927184 17 EU 11591680 18 EU 48375432 19 NA 3391304 
5 HIDDEN_BRANCH 0 EU 19660800 20 EU 149164968 21 EU 176160768 22 NA 4194304 23 EU 149164968 
6 HIDDEN_BRANCH 1 EU 54222072 24 NA 41636560 25 NA 48067448 26 EU 56255160 27 EU 55892616 
7 HIDDEN_BRANCH 2 EU 28672000 28 NA 48067448 29 EU 149164968 30 EU 55892616 31 EU 34292528 
8 HIDDEN_BRANCH 3 NA 41636560 32 EU 56255160 33 EU 48375432 34 EU 54222072 35 EU 149164968 
9 HIDDEN_CHAIN 4 EU 8192000 36 EU 55892616 37 EU 54222072 38 EU 149164968 39 EU 176160768 
10 HIDDEN_CHAIN 5 EU 28672000 40 NA 41636560 41 EU 149164968 42 EU 16777216 43 NA 4194304 
11 HIDDEN_CHAIN 6 EU 28820368 44 EU 56255160 45 EU 55892616 46 EU 12288000 47 EU 56255160 
12 HIDDEN_CHAIN 7 EU 19660800 48 NA 66605352 49 NA 13480656 50 EU 149164968 51 EU 55892616 
13 HIDDEN_CHAIN 8 EU 149164968 52 NA 3391304 53 EU 149164968 54 EU 48375432 55 EU 176160768 
14 HIDDEN_CHAIN 9 NA 24371136 56 EU 56255160 57 EU 55892616 58 EU 48375432 59 EU 149164968 
15 HIDDEN_CHAIN 10 EU 43927184 60 NA 66605352 61 NA 8388608 62 EU 56255160 63 EU 28820368 
16 HIDDEN_CHAIN 11 EU 28672000 64 EU 43927184 65 EU 149164968 66 NA 24371136 67 EU 8192000 
17 HIDDEN_CHAIN 12 EU 28820368 68 EU 149164968 69 EU 34292528 70 EU 12288000 71 EU 56255160 
18 HIDDEN_CHAIN 13 NA 66605352 72 EU 55892616 73 NA 48067448 74 EU 149164968 75 EU 48375432 
19 HIDDEN_CHAIN 14 EU 149164968 76 EU 43927184 77 EU 56255160 78 EU 19660800 79 EU 43927184 
20 HIDDEN_CHAIN 15 NA 24371136 80 EU 28672000 81 EU 16777216 82 EU 43927184 83 EU 149164968 
21 HIDDEN_CHAIN 16 EU 43927184 84 NA 24371136 85 EU 54222072 86 EU 149164968 87 NA 41636560 
22 HIDDEN_CHAIN 17 EU 11591680 88 NA 48067448 89 EU 56255160 90 NA 66605352 91 EU 28820368 
23 HIDDEN_CHAIN 18 EU 48375432 92 EU 2097152 93 EU 176160768 94 EU 54222072 95 EU 149164968 
24 HIDDEN_CHAIN 19 NA 3391304 96 EU 34292528 97 NA 8388608 98 EU 11591680 99 NA 66605352 
