0 BRANCH 0 NA 24371136 1 NA 8044008 2 EU 56255160 3 EU 48375432 
1 CHAIN 0 NA 24371136 4 NA 5079504 5 EU 149164968 6 EU 55892616 7 EU 43927184 
2 CHAIN 1 NA 8044008 8 EU 56255160 9 NA 41636560 10 NA 8044008 11 EU 149164968 
3 CHAIN 2 EU 56255160 12 EU 16777216 13 NA 48067448 14 EU 56255160 15 NA 66605352 
4 CHAIN 3 EU 48375432 16 NA 5079504 17 EU 28672000 18 EU 176160768 19 EU 54222072 
5 HIDDEN_BRANCH 0 NA 24371136 20 EU 56255160 21 NA 66605352 22 EU 2048000 23 EU 149164968 
6 HIDDEN_BRANCH 1 NA 8044008 24 EU 34292528 25 EU 48375432 26 EU 149164968 27 NA 24371136 
7 HIDDEN_BRANCH 2 EU 56255160 28 NA 41636560 29 EU 149164968 30 EU 48375432 31 EU 54222072 
8 HIDDEN_BRANCH 3 EU 48375432 32 EU 149164968 33 NA 66605352 34 EU 43927184 35 EU 11591680 
9 HIDDEN_CHAIN 4 NA 5079504 36 NA 41636560 37 NA 48067448 38 EU 28672000 39 EU 34292528 
10 HIDDEN_CHAIN 5 EU 149164968 40 NA 3391304 41 EU 56255160 42 NA 41636560 43 EU 43927184 
11 HIDDEN_CHAIN 6 EU 55892616 44 EU 56255160 45 EU 48375432 46 EU 43927184 47 EU 28672000 
12 HIDDEN_CHAIN 7 EU 43927184 48 NA 41636560 49 NA 66605352 50 EU 149164968 51 EU 19660800 
13 HIDDEN_CHAIN 8 EU 56255160 52 EU 12288000 53 EU 56255160 54 EU 176160768 55 EU 48375432 
14 HIDDEN_CHAIN 9 NA 41636560 56 EU 56255160 57 EU 19660800 58 EU 43927184 59 EU 28672000 
15 HIDDEN_CHAIN 10 NA 8044008 60 EU 34292528 61 NA 8044008 62 EU 56255160 63 EU 34292528 
16 HIDDEN_CHAIN 11 EU 149164968 64 EU 176160768 65 NA 819200 66 EU 176160768 67 NA 48067448 
17 HIDDEN_CHAIN 12 EU 16777216 68 EU 2097152 69 NA 41636560 70 EU 54222072 71 EU 149164968 
18 HIDDEN_CHAIN 13 NA 48067448 72 NA 66605352 73 EU 55892616 74 EU 56255160 75 EU 19660800 
19 HIDDEN_CHAIN 14 EU 56255160 76 EU 54222072 77 EU 56255160 78 EU 34292528 79 EU 54222072 
20 HIDDEN_CHAIN 15 NA 66605352 80 EU 56255160 81 NA 24371136 82 EU 4096000 83 EU 28672000 
21 HIDDEN_CHAIN 16 NA 5079504 84 EU 28820368 85 NA 9216000 86 EU 149164968 87 NA 41636560 
22 HIDDEN_CHAIN 17 EU 28672000 88 NA 4194304 89 EU 149164968 90 NA 41636560 91 EU 55892616 
23 HIDDEN_CHAIN 18 EU 176160768 92 EU 56255160 93 NA 66605352 94 NA 48067448 95 EU 56255160 
24 HIDDEN_CHAIN 19 EU 54222072 96 EU 28820368 97 NA 9216000 98 EU 2097152 99 NA 66605352 
