0 BRANCH 0 NA 41636560 1 NA 48067448 2 EU 149164968 3 NA 24371136 
1 CHAIN 0 NA 41636560 4 EU 34292528 5 EU 56255160 6 NA 24371136 7 NA 9216000 
2 CHAIN 1 NA 48067448 8 EU 56255160 9 EU 19660800 10 NA 8388608 11 EU 56255160 
3 CHAIN 2 EU 149164968 12 NA 66605352 13 EU 1638400 14 EU 56255160 15 NA 66605352 
4 CHAIN 3 NA 24371136 16 NA 24371136 17 EU 56255160 18 NA 41636560 19 EU 43927184 
5 HIDDEN_BRANCH 0 NA 41636560 20 EU 11591680 21 EU 34292528 22 NA 48067448 23 EU 56255160 
6 HIDDEN_BRANCH 1 NA 48067448 24 NA 66605352 25 EU 6296704 26 EU 149164968 27 EU 176160768 
7 HIDDEN_BRANCH 2 EU 149164968 28 EU 5898240 29 EU 149164968 30 NA 66605352 31 NA 41636560 
8 HIDDEN_BRANCH 3 NA 24371136 32 EU 149164968 33 EU 55892616 34 NA 66605352 35 EU 149164968 
9 HIDDEN_CHAIN 4 EU 34292528 36 NA 24371136 37 NA 48067448 38 EU 28672000 39 NA 66605352 
10 HIDDEN_CHAIN 5 EU 56255160 40 EU 8192000 41 EU 149164968 42 EU 28820368 43 NA 5079504 
11 HIDDEN_CHAIN 6 NA 24371136 44 EU 149164968 45 EU 48375432 46 NA 13480656 47 EU 56255160 
12 HIDDEN_CHAIN 7 NA 9216000 48 EU 48375432 49 NA 48067448 50 EU 11591680 51 EU 176160768 
13 HIDDEN_CHAIN 8 EU 56255160 52 EU 48375432 53 EU 56255160 54 NA 66605352 55 NA 48067448 
14 HIDDEN_CHAIN 9 EU 19660800 56 EU 149164968 57 NA 41636560 58 EU 54222072 59 EU 149164968 
15 HIDDEN_CHAIN 10 NA 8388608 60 EU 34292528 61 NA 8388608 62 NA 819200 63 NA 66605352 
16 HIDDEN_CHAIN 11 EU 56255160 64 EU 55892616 65 EU 56255160 66 NA 66605352 67 EU 54222072 
17 HIDDEN_CHAIN 12 NA 66605352 68 EU 149164968 69 NA 66605352 70 EU 8192000 71 EU 11591680 
18 HIDDEN_CHAIN 13 EU 1638400 72 EU 34292528 73 NA 66605352 74 EU 149164968 75 EU 176160768 
19 HIDDEN_CHAIN 14 EU 56255160 76 NA 8044008 77 EU 149164968 78 EU 48375432 79 NA 48067448 
20 HIDDEN_CHAIN 15 NA 66605352 80 EU 149164968 81 NA 24371136 82 NA 5079504 83 EU 28672000 
21 HIDDEN_CHAIN 16 NA 24371136 84 NA 66605352 85 EU 55892616 86 EU 149164968 87 NA 66605352 
22 HIDDEN_CHAIN 17 EU 56255160 88 NA 48067448 89 EU 28672000 90 EU 176160768 91 EU 5898240 
23 HIDDEN_CHAIN 18 NA 41636560 92 EU 56255160 93 NA 41636560 94 NA 48067448 95 EU 149164968 
24 HIDDEN_CHAIN 19 EU 43927184 96 NA 66605352 97 EU 8192000 98 EU 56255160 99 NA 24371136 
