0 BRANCH 0 EU 34292528 1 EU 2048000 2 EU 149164968 3 EU 48375432 
1 CHAIN 0 EU 34292528 4 NA 8388608 5 EU 56255160 6 NA 41636560 7 EU 43927184 
2 CHAIN 1 EU 2048000 8 EU 28672000 9 NA 41636560 10 EU 55892616 11 EU 56255160 
3 CHAIN 2 EU 149164968 12 EU 19660800 13 NA 9216000 14 EU 56255160 15 EU 48375432 
4 CHAIN 3 EU 48375432 16 EU 4096000 17 EU 56255160 18 NA 41636560 19 EU 54222072 
5 HIDDEN_BRANCH 0 EU 34292528 20 EU 56255160 21 EU 48375432 22 NA 8044008 23 EU 28672000 
6 HIDDEN_BRANCH 1 EU 2048000 24 NA 41636560 25 NA 9216000 26 EU 28672000 27 EU 28820368 
7 HIDDEN_BRANCH 2 EU 149164968 28 EU 54222072 29 EU 56255160 30 EU 55892616 31 EU 54222072 
8 HIDDEN_BRANCH 3 EU 48375432 32 EU 149164968 33 EU 55892616 34 EU 54222072 35 EU 149164968 
9 HIDDEN_CHAIN 4 NA 8388608 36 EU 55892616 37 NA 48067448 38 EU 149164968 39 EU 28820368 
10 HIDDEN_CHAIN 5 EU 56255160 40 NA 9216000 41 EU 11591680 42 EU 28820368 43 EU 12288000 
11 HIDDEN_CHAIN 6 NA 41636560 44 EU 149164968 45 EU 176160768 46 EU 54222072 47 EU 56255160 
12 HIDDEN_CHAIN 7 EU 43927184 48 EU 176160768 49 NA 48067448 50 EU 149164968 51 EU 176160768 
13 HIDDEN_CHAIN 8 EU 28672000 52 EU 34292528 53 EU 56255160 54 EU 176160768 55 NA 4194304 
14 HIDDEN_CHAIN 9 NA 41636560 56 EU 149164968 57 NA 66605352 58 EU 12288000 59 EU 56255160 
15 HIDDEN_CHAIN 10 EU 55892616 60 EU 28820368 61 EU 176160768 62 EU 149164968 63 NA 41636560 
16 HIDDEN_CHAIN 11 EU 56255160 64 NA 48067448 65 EU 56255160 66 EU 19660800 67 NA 66605352 
17 HIDDEN_CHAIN 12 EU 19660800 68 EU 56255160 69 EU 48375432 70 NA 8388608 71 EU 28672000 
18 HIDDEN_CHAIN 13 NA 9216000 72 NA 66605352 73 EU 19660800 74 EU 28672000 75 EU 48375432 
19 HIDDEN_CHAIN 14 EU 56255160 76 EU 16777216 77 EU 56255160 78 EU 176160768 79 NA 48067448 
20 HIDDEN_CHAIN 15 EU 48375432 80 EU 28672000 81 EU 34292528 82 NA 13480656 83 EU 56255160 
21 HIDDEN_CHAIN 16 EU 4096000 84 NA 41636560 85 EU 54222072 86 EU 149164968 87 EU 176160768 
22 HIDDEN_CHAIN 17 EU 56255160 88 EU 12288000 89 EU 56255160 90 NA 41636560 91 NA 48067448 
23 HIDDEN_CHAIN 18 NA 41636560 92 EU 56255160 93 EU 48375432 94 EU 1638400 95 EU 149164968 
24 HIDDEN_CHAIN 19 EU 54222072 96 EU 34292528 97 EU 48375432 98 EU 56255160 99 EU 55892616 
