0 BRANCH 0 EU 176160768 1 EU 54222072 2 EU 149164968 3 EU 34292528 
1 CHAIN 0 EU 176160768 4 EU 43927184 5 EU 56255160 6 NA 66605352 7 NA 5079504 
2 CHAIN 1 EU 54222072 8 EU 56255160 9 EU 176160768 10 EU 54222072 11 EU 56255160 
3 CHAIN 2 EU 149164968 12 EU 176160768 13 EU 4096000 14 EU 28672000 15 EU 48375432 
4 CHAIN 3 EU 34292528 16 NA 48067448 17 EU 56255160 18 NA 66605352 19 EU 48375432 
5 HIDDEN_BRANCH 0 EU 176160768 20 EU 2097152 21 EU 176160768 22 NA 9216000 23 EU 56255160 
6 HIDDEN_BRANCH 1 EU 54222072 24 EU 28820368 25 NA 4194304 26 EU 56255160 27 NA 66605352 
7 HIDDEN_BRANCH 2 EU 149164968 28 EU 55892616 29 EU 149164968 30 NA 41636560 31 EU 34292528 
8 HIDDEN_BRANCH 3 EU 34292528 32 EU 149164968 33 EU 55892616 34 NA 48067448 35 EU 28672000 
9 HIDDEN_CHAIN 4 EU 43927184 36 EU 19660800 37 EU 54222072 38 EU 56255160 39 NA 66605352 
10 HIDDEN_CHAIN 5 EU 56255160 40 EU 4096000 41 EU 149164968 42 EU 55892616 43 NA 48067448 
11 HIDDEN_CHAIN 6 NA 66605352 44 EU 28672000 45 EU 34292528 46 EU 28820368 47 EU 149164968 
12 HIDDEN_CHAIN 7 NA 5079504 48 EU 48375432 49 NA 1605632 50 EU 11591680 51 EU 176160768 
13 HIDDEN_CHAIN 8 EU 56255160 52 NA 66605352 53 EU 149164968 54 EU 176160768 55 EU 12288000 
14 HIDDEN_CHAIN 9 EU 176160768 56 EU 149164968 57 EU 16777216 58 NA 41636560 59 EU 149164968 
15 HIDDEN_CHAIN 10 EU 54222072 60 NA 66605352 61 NA 8044008 62 EU 56255160 63 EU 19660800 
16 HIDDEN_CHAIN 11 EU 56255160 64 EU 2457600 65 EU 11591680 66 EU 55892616 67 EU 34292528 
17 HIDDEN_CHAIN 12 EU 176160768 68 EU 56255160 69 EU 28820368 70 NA 48067448 71 EU 56255160 
18 HIDDEN_CHAIN 13 EU 4096000 72 EU 176160768 73 EU 43927184 74 EU 28672000 75 EU 55892616 
19 HIDDEN_CHAIN 14 EU 28672000 76 EU 34292528 77 EU 149164968 78 EU 55892616 79 EU 1638400 
20 HIDDEN_CHAIN 15 EU 48375432 80 EU 56255160 81 EU 28820368 82 EU 43927184 83 EU 149164968 
21 HIDDEN_CHAIN 16 NA 48067448 84 NA 66605352 85 EU 43927184 86 EU 149164968 87 NA 66605352 
22 HIDDEN_CHAIN 17 EU 56255160 88 NA 8388608 89 EU 56255160 90 NA 41636560 91 EU 54222072 
23 HIDDEN_CHAIN 18 NA 66605352 92 EU 149164968 93 NA 66605352 94 NA 48067448 95 EU 56255160 
24 HIDDEN_CHAIN 19 EU 48375432 96 EU 28820368 97 EU 54222072 98 EU 149164968 99 NA 66605352 
