0 BRANCH 0 EU 16777216 1 NA 8388608 2 EU 28672000 3 EU 55892616 
1 CHAIN 0 EU 16777216 4 NA 9216000 5 EU 149164968 6 EU 34292528 7 EU 43927184 
2 CHAIN 1 NA 8388608 8 EU 56255160 9 NA 66605352 10 EU 55892616 11 EU 56255160 
3 CHAIN 2 EU 28672000 12 EU 176160768 13 EU 1638400 14 EU 56255160 15 EU 19660800 
4 CHAIN 3 EU 55892616 16 EU 54222072 17 EU 149164968 18 EU 34292528 19 EU 12288000 
5 HIDDEN_BRANCH 0 EU 16777216 20 EU 149164968 21 NA 66605352 22 NA 3391304 23 EU 56255160 
6 HIDDEN_BRANCH 1 NA 8388608 24 EU 34292528 25 EU 6296704 26 EU 28672000 27 EU 28820368 
7 HIDDEN_BRANCH 2 EU 28672000 28 NA 5079504 29 EU 149164968 30 EU 16777216 31 EU 43927184 
8 HIDDEN_BRANCH 3 EU 55892616 32 EU 56255160 33 NA 66605352 34 EU 2129920 35 EU 149164968 
9 HIDDEN_CHAIN 4 NA 9216000 36 EU 176160768 37 NA 66605352 38 EU 56255160 39 EU 19660800 
10 HIDDEN_CHAIN 5 EU 149164968 40 EU 55892616 41 EU 56255160 42 EU 48375432 43 EU 54222072 
11 HIDDEN_CHAIN 6 EU 34292528 44 EU 149164968 45 NA 41636560 46 EU 54222072 47 EU 28672000 
12 HIDDEN_CHAIN 7 EU 43927184 48 EU 19660800 49 NA 48067448 50 EU 149164968 51 NA 66605352 
13 HIDDEN_CHAIN 8 EU 56255160 52 NA 48067448 53 EU 149164968 54 EU 34292528 55 NA 48067448 
14 HIDDEN_CHAIN 9 NA 66605352 56 EU 56255160 57 EU 34292528 58 NA 48067448 59 EU 149164968 
15 HIDDEN_CHAIN 10 EU 55892616 60 NA 66605352 61 EU 43927184 62 EU 149164968 63 NA 66605352 
16 HIDDEN_CHAIN 11 EU 56255160 64 EU 1024000 65 EU 149164968 66 NA 41636560 67 EU 54222072 
17 HIDDEN_CHAIN 12 EU 176160768 68 EU 56255160 69 EU 34292528 70 EU 28820368 71 EU 11591680 
18 HIDDEN_CHAIN 13 EU 1638400 72 EU 48375432 73 NA 8044008 74 EU 149164968 75 NA 66605352 
19 HIDDEN_CHAIN 14 EU 56255160 76 EU 43927184 77 EU 28672000 78 EU 28820368 79 EU 43927184 
20 HIDDEN_CHAIN 15 EU 19660800 80 EU 149164968 81 EU 16777216 82 EU 54222072 83 EU 149164968 
21 HIDDEN_CHAIN 16 EU 54222072 84 NA 66605352 85 NA 48067448 86 EU 11591680 87 NA 66605352 
22 HIDDEN_CHAIN 17 EU 149164968 88 EU 43927184 89 EU 149164968 90 EU 176160768 91 EU 43927184 
23 HIDDEN_CHAIN 18 EU 34292528 92 EU 149164968 93 EU 176160768 94 EU 54222072 95 EU 149164968 
24 HIDDEN_CHAIN 19 EU 12288000 96 EU 19660800 97 NA 48067448 98 EU 149164968 99 NA 41636560 
