0 BRANCH 0 EU 48375432 1 EU 43927184 2 EU 149164968 3 NA 66605352 
1 CHAIN 0 EU 48375432 4 EU 55892616 5 EU 149164968 6 EU 176160768 7 NA 8388608 
2 CHAIN 1 EU 43927184 8 EU 28672000 9 EU 176160768 10 EU 34292528 11 EU 149164968 
3 CHAIN 2 EU 149164968 12 NA 41636560 13 NA 8388608 14 EU 149164968 15 NA 66605352 
4 CHAIN 3 NA 66605352 16 NA 48067448 17 NA 819200 18 NA 66605352 19 NA 48067448 
5 HIDDEN_BRANCH 0 EU 48375432 20 EU 56255160 21 EU 176160768 22 EU 34292528 23 EU 149164968 
6 HIDDEN_BRANCH 1 EU 43927184 24 EU 48375432 25 EU 43927184 26 EU 56255160 27 NA 41636560 
7 HIDDEN_BRANCH 2 EU 149164968 28 NA 8044008 29 EU 28672000 30 NA 24371136 31 NA 48067448 
8 HIDDEN_BRANCH 3 NA 66605352 32 EU 56255160 33 EU 176160768 34 EU 4096000 35 EU 56255160 
9 HIDDEN_CHAIN 4 EU 55892616 36 EU 176160768 37 NA 66605352 38 EU 56255160 39 EU 55892616 
10 HIDDEN_CHAIN 5 EU 149164968 40 NA 9216000 41 EU 149164968 42 EU 19660800 43 EU 43927184 
11 HIDDEN_CHAIN 6 EU 176160768 44 EU 149164968 45 EU 19660800 46 EU 48375432 47 EU 149164968 
12 HIDDEN_CHAIN 7 NA 8388608 48 NA 66605352 49 EU 1064960 50 EU 149164968 51 EU 176160768 
13 HIDDEN_CHAIN 8 EU 28672000 52 NA 48067448 53 EU 56255160 54 NA 66605352 55 NA 8388608 
14 HIDDEN_CHAIN 9 EU 176160768 56 EU 149164968 57 EU 19660800 58 EU 16777216 59 EU 56255160 
15 HIDDEN_CHAIN 10 EU 34292528 60 EU 55892616 61 EU 2048000 62 EU 149164968 63 EU 16777216 
16 HIDDEN_CHAIN 11 EU 149164968 64 EU 19660800 65 EU 149164968 66 EU 16777216 67 EU 43927184 
17 HIDDEN_CHAIN 12 NA 41636560 68 EU 149164968 69 EU 48375432 70 EU 43927184 71 EU 56255160 
18 HIDDEN_CHAIN 13 NA 8388608 72 EU 16777216 73 EU 176160768 74 EU 149164968 75 NA 66605352 
19 HIDDEN_CHAIN 14 EU 149164968 76 EU 6296704 77 EU 56255160 78 EU 176160768 79 NA 48067448 
20 HIDDEN_CHAIN 15 NA 66605352 80 EU 149164968 81 NA 41636560 82 EU 8192000 83 EU 149164968 
21 HIDDEN_CHAIN 16 NA 48067448 84 NA 24371136 85 NA 8388608 86 EU 56255160 87 EU 176160768 
22 HIDDEN_CHAIN 17 NA 819200 88 NA 4194304 89 EU 56255160 90 EU 28820368 91 NA 48067448 
23 HIDDEN_CHAIN 18 NA 66605352 92 EU 149164968 93 EU 19660800 94 NA 8044008 95 EU 56255160 
24 HIDDEN_CHAIN 19 NA 48067448 96 EU 176160768 97 NA 48067448 98 EU 149164968 99 EU 48375432 
