0 BRANCH 0 EU 28820368 1 EU 12288000 2 EU 149164968 3 EU 48375432 
1 CHAIN 0 EU 28820368 4 NA 8388608 5 EU 149164968 6 NA 24371136 7 NA 41636560 
2 CHAIN 1 EU 12288000 8 EU 56255160 9 EU 48375432 10 NA 48067448 11 EU 28672000 
3 CHAIN 2 EU 149164968 12 EU 28820368 13 NA 8388608 14 EU 149164968 15 EU 19660800 
4 CHAIN 3 EU 48375432 16 EU 1024000 17 EU 149164968 18 EU 176160768 19 EU 54222072 
5 HIDDEN_BRANCH 0 EU 28820368 20 EU 149164968 21 EU 48375432 22 NA 66605352 23 EU 149164968 
6 HIDDEN_BRANCH 1 EU 12288000 24 NA 66605352 25 EU 34292528 26 EU 28672000 27 NA 24371136 
7 HIDDEN_BRANCH 2 EU 149164968 28 NA 5079504 29 EU 149164968 30 EU 176160768 31 EU 54222072 
8 HIDDEN_BRANCH 3 EU 48375432 32 EU 11591680 33 NA 24371136 34 EU 6296704 35 EU 56255160 
9 HIDDEN_CHAIN 4 NA 8388608 36 EU 28820368 37 EU 48375432 38 EU 28672000 39 NA 66605352 
10 HIDDEN_CHAIN 5 EU 149164968 40 EU 34292528 41 EU 11591680 42 EU 55892616 43 EU 48375432 
11 HIDDEN_CHAIN 6 NA 24371136 44 EU 56255160 45 EU 176160768 46 NA 48067448 47 EU 56255160 
12 HIDDEN_CHAIN 7 NA 41636560 48 NA 41636560 49 NA 66605352 50 EU 149164968 51 NA 66605352 
13 HIDDEN_CHAIN 8 EU 56255160 52 NA 48067448 53 EU 149164968 54 EU 48375432 55 NA 48067448 
14 HIDDEN_CHAIN 9 EU 48375432 56 EU 149164968 57 EU 176160768 58 NA 8044008 59 EU 56255160 
15 HIDDEN_CHAIN 10 NA 48067448 60 EU 28820368 61 NA 41636560 62 EU 28672000 63 EU 48375432 
16 HIDDEN_CHAIN 11 EU 28672000 64 EU 12288000 65 EU 56255160 66 EU 48375432 67 EU 16777216 
17 HIDDEN_CHAIN 12 EU 28820368 68 EU 56255160 69 EU 48375432 70 EU 12288000 71 EU 56255160 
18 HIDDEN_CHAIN 13 NA 8388608 72 NA 41636560 73 EU 6296704 74 EU 56255160 75 EU 19660800 
19 HIDDEN_CHAIN 14 EU 149164968 76 EU 54222072 77 EU 149164968 78 NA 41636560 79 NA 4194304 
20 HIDDEN_CHAIN 15 EU 19660800 80 EU 149164968 81 NA 66605352 82 NA 48067448 83 EU 149164968 
21 HIDDEN_CHAIN 16 EU 1024000 84 EU 28820368 85 NA 48067448 86 EU 149164968 87 NA 24371136 
22 HIDDEN_CHAIN 17 EU 149164968 88 EU 54222072 89 EU 149164968 90 EU 176160768 91 EU 54222072 
23 HIDDEN_CHAIN 18 EU 176160768 92 EU 56255160 93 NA 66605352 94 EU 34292528 95 EU 149164968 
24 HIDDEN_CHAIN 19 EU 54222072 96 EU 55892616 97 NA 13480656 98 EU 2097152 99 NA 41636560 
