0 BRANCH 0 EU 48375432 1 NA 13480656 2 EU 28672000 3 EU 48375432 
1 CHAIN 0 EU 48375432 4 EU 6296704 5 EU 149164968 6 NA 41636560 7 NA 4194304 
2 CHAIN 1 NA 13480656 8 EU 56255160 9 NA 66605352 10 NA 24371136 11 EU 56255160 
3 CHAIN 2 EU 28672000 12 EU 55892616 13 EU 43927184 14 EU 149164968 15 NA 66605352 
4 CHAIN 3 EU 48375432 16 NA 48067448 17 EU 56255160 18 NA 41636560 19 NA 4194304 
5 HIDDEN_BRANCH 0 EU 48375432 20 EU 149164968 21 EU 34292528 22 EU 54222072 23 EU 149164968 
6 HIDDEN_BRANCH 1 NA 13480656 24 NA 41636560 25 EU 55892616 26 EU 56255160 27 EU 176160768 
7 HIDDEN_BRANCH 2 EU 28672000 28 EU 54222072 29 EU 149164968 30 EU 48375432 31 EU 34292528 
8 HIDDEN_BRANCH 3 EU 48375432 32 EU 11591680 33 NA 66605352 34 EU 54222072 35 EU 149164968 
9 HIDDEN_CHAIN 4 EU 6296704 36 EU 19660800 37 NA 8388608 38 EU 56255160 39 NA 66605352 
10 HIDDEN_CHAIN 5 EU 149164968 40 NA 9216000 41 EU 56255160 42 EU 176160768 43 EU 12288000 
11 HIDDEN_CHAIN 6 NA 41636560 44 EU 56255160 45 EU 176160768 46 NA 48067448 47 EU 11591680 
12 HIDDEN_CHAIN 7 NA 4194304 48 EU 176160768 49 NA 48067448 50 EU 149164968 51 EU 48375432 
13 HIDDEN_CHAIN 8 EU 56255160 52 NA 24371136 53 EU 149164968 54 EU 34292528 55 EU 54222072 
14 HIDDEN_CHAIN 9 NA 66605352 56 EU 56255160 57 EU 55892616 58 NA 66605352 59 EU 11591680 
15 HIDDEN_CHAIN 10 NA 24371136 60 EU 48375432 61 NA 48067448 62 EU 28672000 63 EU 28820368 
16 HIDDEN_CHAIN 11 EU 56255160 64 EU 5898240 65 EU 28672000 66 EU 176160768 67 EU 28820368 
17 HIDDEN_CHAIN 12 EU 55892616 68 EU 149164968 69 EU 176160768 70 EU 12288000 71 EU 56255160 
18 HIDDEN_CHAIN 13 EU 43927184 72 EU 48375432 73 NA 9216000 74 EU 56255160 75 EU 176160768 
19 HIDDEN_CHAIN 14 EU 149164968 76 EU 34292528 77 EU 56255160 78 NA 66605352 79 EU 12288000 
20 HIDDEN_CHAIN 15 NA 66605352 80 EU 28672000 81 EU 16777216 82 EU 54222072 83 EU 149164968 
21 HIDDEN_CHAIN 16 NA 48067448 84 EU 55892616 85 NA 48067448 86 EU 149164968 87 EU 48375432 
22 HIDDEN_CHAIN 17 EU 56255160 88 NA 13480656 89 EU 56255160 90 NA 66605352 91 EU 6296704 
23 HIDDEN_CHAIN 18 NA 41636560 92 EU 56255160 93 NA 66605352 94 EU 28820368 95 EU 149164968 
24 HIDDEN_CHAIN 19 NA 4194304 96 EU 34292528 97 EU 55892616 98 EU 56255160 99 EU 48375432 
