0 BRANCH 0 NA 66605352 1 NA 41636560 2 EU 11591680 3 EU 34292528 
1 CHAIN 0 NA 66605352 4 EU 48375432 5 EU 149164968 6 EU 28820368 7 NA 8044008 
2 CHAIN 1 NA 41636560 8 EU 2097152 9 NA 66605352 10 EU 54222072 11 EU 149164968 
3 CHAIN 2 EU 11591680 12 NA 41636560 13 EU 43927184 14 EU 56255160 15 NA 24371136 
4 CHAIN 3 EU 34292528 16 EU 176160768 17 EU 56255160 18 EU 176160768 19 NA 48067448 
5 HIDDEN_BRANCH 0 NA 66605352 20 EU 149164968 21 NA 41636560 22 NA 48067448 23 EU 149164968 
6 HIDDEN_BRANCH 1 NA 41636560 24 NA 66605352 25 EU 176160768 26 EU 149164968 27 EU 48375432 
7 HIDDEN_BRANCH 2 EU 11591680 28 EU 54222072 29 EU 149164968 30 EU 48375432 31 NA 48067448 
8 HIDDEN_BRANCH 3 EU 34292528 32 EU 149164968 33 NA 66605352 34 EU 2129920 35 EU 56255160 
9 HIDDEN_CHAIN 4 EU 48375432 36 EU 48375432 37 NA 9216000 38 EU 56255160 39 NA 41636560 
10 HIDDEN_CHAIN 5 EU 149164968 40 EU 43927184 41 EU 56255160 42 EU 55892616 43 NA 8388608 
11 HIDDEN_CHAIN 6 EU 28820368 44 EU 28672000 45 EU 55892616 46 EU 54222072 47 EU 56255160 
12 HIDDEN_CHAIN 7 NA 8044008 48 NA 66605352 49 EU 2129920 50 EU 56255160 51 EU 48375432 
13 HIDDEN_CHAIN 8 EU 2097152 52 EU 54222072 53 EU 149164968 54 EU 48375432 55 NA 66605352 
14 HIDDEN_CHAIN 9 NA 66605352 56 EU 11591680 57 NA 66605352 58 EU 54222072 59 EU 28672000 
15 HIDDEN_CHAIN 10 EU 54222072 60 NA 24371136 61 EU 2048000 62 EU 56255160 63 EU 55892616 
16 HIDDEN_CHAIN 11 EU 149164968 64 EU 54222072 65 EU 149164968 66 NA 66605352 67 EU 54222072 
17 HIDDEN_CHAIN 12 NA 41636560 68 EU 149164968 69 NA 66605352 70 EU 43927184 71 EU 149164968 
18 HIDDEN_CHAIN 13 EU 43927184 72 NA 66605352 73 EU 43927184 74 EU 56255160 75 NA 41636560 
19 HIDDEN_CHAIN 14 EU 56255160 76 EU 43927184 77 EU 28672000 78 EU 19660800 79 EU 54222072 
20 HIDDEN_CHAIN 15 NA 24371136 80 EU 28672000 81 NA 41636560 82 EU 43927184 83 EU 149164968 
21 HIDDEN_CHAIN 16 EU 176160768 84 EU 55892616 85 NA 41636560 86 EU 56255160 87 EU 28820368 
22 HIDDEN_CHAIN 17 EU 56255160 88 NA 13480656 89 EU 149164968 90 EU 48375432 91 EU 176160768 
23 HIDDEN_CHAIN 18 EU 176160768 92 EU 11591680 93 EU 16777216 94 NA 8388608 95 EU 28672000 
24 HIDDEN_CHAIN 19 NA 48067448 96 EU 34292528 97 NA 13480656 98 EU 149164968 99 EU 176160768 
