0 BRANCH 0 NA 66605352 1 EU 54222072 2 EU 149164968 3 NA 24371136 
1 CHAIN 0 NA 66605352 4 EU 43927184 5 EU 28672000 6 EU 176160768 7 NA 8388608 
2 CHAIN 1 EU 54222072 8 EU 56255160 9 EU 48375432 10 EU 2048000 11 EU 149164968 
3 CHAIN 2 EU 149164968 12 NA 66605352 13 EU 54222072 14 EU 11591680 15 NA 66605352 
4 CHAIN 3 NA 24371136 16 EU 43927184 17 EU 149164968 18 NA 41636560 19 EU 1638400 
5 HIDDEN_BRANCH 0 NA 66605352 20 EU 56255160 21 NA 41636560 22 NA 9216000 23 EU 56255160 
6 HIDDEN_BRANCH 1 EU 54222072 24 NA 24371136 25 EU 43927184 26 EU 28672000 27 NA 41636560 
7 HIDDEN_BRANCH 2 EU 149164968 28 EU 16777216 29 EU 149164968 30 EU 176160768 31 EU 34292528 
8 HIDDEN_BRANCH 3 NA 24371136 32 EU 56255160 33 EU 176160768 34 NA 8044008 35 EU 56255160 
9 HIDDEN_CHAIN 4 EU 43927184 36 NA 41636560 37 EU 43927184 38 EU 56255160 39 EU 176160768 
10 HIDDEN_CHAIN 5 EU 28672000 40 EU 54222072 41 EU 11591680 42 EU 176160768 43 NA 48067448 
11 HIDDEN_CHAIN 6 EU 176160768 44 EU 56255160 45 NA 24371136 46 NA 41636560 47 EU 149164968 
12 HIDDEN_CHAIN 7 NA 8388608 48 NA 66605352 49 EU 43927184 50 EU 149164968 51 NA 24371136 
13 HIDDEN_CHAIN 8 EU 56255160 52 NA 48067448 53 EU 56255160 54 EU 48375432 55 NA 66605352 
14 HIDDEN_CHAIN 9 EU 48375432 56 EU 56255160 57 EU 55892616 58 NA 8388608 59 EU 56255160 
15 HIDDEN_CHAIN 10 EU 2048000 60 EU 48375432 61 EU 19660800 62 EU 11591680 63 NA 66605352 
16 HIDDEN_CHAIN 11 EU 149164968 64 EU 8192000 65 EU 28672000 66 NA 24371136 67 EU 48375432 
17 HIDDEN_CHAIN 12 NA 66605352 68 EU 28672000 69 EU 19660800 70 EU 176160768 71 EU 149164968 
18 HIDDEN_CHAIN 13 EU 54222072 72 EU 48375432 73 NA 48067448 74 EU 149164968 75 EU 55892616 
19 HIDDEN_CHAIN 14 EU 11591680 76 NA 8388608 77 EU 28672000 78 EU 34292528 79 EU 55892616 
20 HIDDEN_CHAIN 15 NA 66605352 80 EU 149164968 81 NA 41636560 82 NA 8388608 83 EU 149164968 
21 HIDDEN_CHAIN 16 EU 43927184 84 NA 66605352 85 EU 28820368 86 EU 149164968 87 EU 19660800 
22 HIDDEN_CHAIN 17 EU 149164968 88 NA 48067448 89 EU 56255160 90 NA 66605352 91 EU 54222072 
23 HIDDEN_CHAIN 18 NA 41636560 92 EU 149164968 93 EU 48375432 94 NA 66605352 95 EU 28672000 
24 HIDDEN_CHAIN 19 EU 1638400 96 NA 41636560 97 EU 43927184 98 EU 149164968 99 EU 16777216 
