0 BRANCH 0 NA 24371136 1 NA 48067448 2 EU 149164968 3 NA 24371136 
1 CHAIN 0 NA 24371136 4 EU 43927184 5 EU 56255160 6 EU 48375432 7 NA 13480656 
2 CHAIN 1 NA 48067448 8 EU 56255160 9 NA 41636560 10 EU 43927184 11 EU 149164968 
3 CHAIN 2 EU 149164968 12 NA 41636560 13 NA 48067448 14 EU 149164968 15 NA 41636560 
4 CHAIN 3 NA 24371136 16 NA 48067448 17 EU 149164968 18 NA 66605352 19 EU 54222072 
5 HIDDEN_BRANCH 0 NA 24371136 20 EU 149164968 21 NA 41636560 22 NA 48067448 23 EU 56255160 
6 HIDDEN_BRANCH 1 NA 48067448 24 NA 66605352 25 EU 34292528 26 EU 56255160 27 EU 176160768 
7 HIDDEN_BRANCH 2 EU 149164968 28 NA 9216000 29 EU 56255160 30 NA 24371136 31 NA 5079504 
8 HIDDEN_BRANCH 3 NA 24371136 32 EU 28672000 33 NA 66605352 34 EU 48375432 35 EU 28672000 
9 HIDDEN_CHAIN 4 EU 43927184 36 EU 48375432 37 EU 34292528 38 EU 11591680 39 EU 55892616 
10 HIDDEN_CHAIN 5 EU 56255160 40 NA 48067448 41 EU 56255160 42 EU 176160768 43 NA 66605352 
11 HIDDEN_CHAIN 6 EU 48375432 44 EU 28672000 45 NA 41636560 46 EU 43927184 47 EU 149164968 
12 HIDDEN_CHAIN 7 NA 13480656 48 NA 24371136 49 EU 1064960 50 EU 28672000 51 EU 176160768 
13 HIDDEN_CHAIN 8 EU 56255160 52 EU 2129920 53 EU 149164968 54 NA 66605352 55 EU 34292528 
14 HIDDEN_CHAIN 9 NA 41636560 56 EU 149164968 57 EU 176160768 58 EU 19660800 59 EU 149164968 
15 HIDDEN_CHAIN 10 EU 43927184 60 EU 55892616 61 EU 6296704 62 EU 56255160 63 NA 24371136 
16 HIDDEN_CHAIN 11 EU 149164968 64 NA 13480656 65 EU 149164968 66 EU 34292528 67 NA 3391304 
17 HIDDEN_CHAIN 12 NA 41636560 68 EU 149164968 69 NA 41636560 70 EU 819200 71 EU 56255160 
18 HIDDEN_CHAIN 13 NA 48067448 72 EU 28820368 73 EU 176160768 74 EU 149164968 75 NA 66605352 
19 HIDDEN_CHAIN 14 EU 149164968 76 NA 48067448 77 EU 56255160 78 EU 176160768 79 NA 4194304 
20 HIDDEN_CHAIN 15 NA 41636560 80 EU 56255160 81 EU 176160768 82 NA 13480656 83 EU 56255160 
21 HIDDEN_CHAIN 16 NA 48067448 84 EU 48375432 85 EU 54222072 86 EU 149164968 87 EU 176160768 
22 HIDDEN_CHAIN 17 EU 149164968 88 EU 43927184 89 EU 149164968 90 EU 28820368 91 EU 1024000 
23 HIDDEN_CHAIN 18 NA 66605352 92 EU 149164968 93 EU 176160768 94 EU 54222072 95 EU 28672000 
24 HIDDEN_CHAIN 19 EU 54222072 96 NA 66605352 97 NA 24371136 98 EU 28672000 99 EU 55892616 
