0 BRANCH 0 EU 28820368 1 NA 48067448 2 EU 149164968 3 EU 19660800 
1 CHAIN 0 EU 28820368 4 EU 43927184 5 EU 149164968 6 EU 28820368 7 NA 48067448 
2 CHAIN 1 NA 48067448 8 EU 149164968 9 NA 24371136 10 EU 19660800 11 EU 56255160 
3 CHAIN 2 EU 149164968 12 EU 176160768 13 EU 3178584 14 EU 149164968 15 EU 34292528 
4 CHAIN 3 EU 19660800 16 EU 54222072 17 EU 149164968 18 NA 66605352 19 NA 1605632 
5 HIDDEN_BRANCH 0 EU 28820368 20 EU 56255160 21 EU 55892616 22 NA 48067448 23 EU 28672000 
6 HIDDEN_BRANCH 1 NA 48067448 24 EU 16777216 25 EU 176160768 26 EU 149164968 27 NA 66605352 
7 HIDDEN_BRANCH 2 EU 149164968 28 EU 4096000 29 EU 149164968 30 NA 66605352 31 NA 48067448 
8 HIDDEN_BRANCH 3 EU 19660800 32 EU 28672000 33 NA 66605352 34 NA 48067448 35 EU 149164968 
9 HIDDEN_CHAIN 4 EU 43927184 36 EU 48375432 37 NA 66605352 38 EU 56255160 39 EU 48375432 
10 HIDDEN_CHAIN 5 EU 149164968 40 EU 54222072 41 EU 149164968 42 NA 41636560 43 NA 8044008 
11 HIDDEN_CHAIN 6 EU 28820368 44 EU 28672000 45 EU 28820368 46 EU 43927184 47 EU 28672000 
12 HIDDEN_CHAIN 7 NA 48067448 48 EU 176160768 49 NA 5079504 50 EU 149164968 51 NA 41636560 
13 HIDDEN_CHAIN 8 EU 149164968 52 EU 54222072 53 EU 11591680 54 NA 41636560 55 NA 48067448 
14 HIDDEN_CHAIN 9 NA 24371136 56 EU 28672000 57 EU 55892616 58 NA 8388608 59 EU 56255160 
15 HIDDEN_CHAIN 10 EU 19660800 60 EU 176160768 61 EU 1638400 62 EU 149164968 63 NA 66605352 
16 HIDDEN_CHAIN 11 EU 56255160 64 EU 54222072 65 EU 56255160 66 NA 66605352 67 EU 54222072 
17 HIDDEN_CHAIN 12 EU 176160768 68 EU 149164968 69 EU 48375432 70 NA 48067448 71 EU 28672000 
18 HIDDEN_CHAIN 13 EU 3178584 72 EU 34292528 73 EU 4096000 74 EU 56255160 75 EU 55892616 
19 HIDDEN_CHAIN 14 EU 149164968 76 NA 8388608 77 EU 56255160 78 EU 34292528 79 NA 13480656 
20 HIDDEN_CHAIN 15 EU 34292528 80 EU 56255160 81 NA 41636560 82 EU 176160768 83 EU 56255160 
21 HIDDEN_CHAIN 16 EU 54222072 84 EU 34292528 85 EU 55892616 86 EU 11591680 87 EU 28820368 
22 HIDDEN_CHAIN 17 EU 149164968 88 NA 24371136 89 EU 28672000 90 EU 55892616 91 NA 48067448 
23 HIDDEN_CHAIN 18 NA 66605352 92 EU 149164968 93 EU 48375432 94 EU 43927184 95 EU 149164968 
24 HIDDEN_CHAIN 19 NA 1605632 96 NA 41636560 97 NA 48067448 98 EU 149164968 99 EU 55892616 
