0 BRANCH 0 EU 55892616 1 NA 48067448 2 EU 149164968 3 NA 66605352 
1 CHAIN 0 EU 55892616 4 NA 5079504 5 EU 149164968 6 EU 19660800 7 EU 28820368 
2 CHAIN 1 NA 48067448 8 EU 149164968 9 EU 16777216 10 EU 54222072 11 EU 149164968 
3 CHAIN 2 EU 149164968 12 NA 66605352 13 NA 48067448 14 EU 149164968 15 EU 16777216 
4 CHAIN 3 NA 66605352 16 NA 9216000 17 EU 28672000 18 NA 24371136 19 EU 12288000 
5 HIDDEN_BRANCH 0 EU 55892616 20 EU 56255160 21 EU 176160768 22 EU 54222072 23 EU 56255160 
6 HIDDEN_BRANCH 1 NA 48067448 24 EU 55892616 25 EU 4096000 26 EU 149164968 27 NA 41636560 
7 HIDDEN_BRANCH 2 EU 149164968 28 NA 13480656 29 EU 56255160 30 EU 176160768 31 NA 9216000 
8 HIDDEN_BRANCH 3 NA 66605352 32 EU 28672000 33 EU 48375432 34 NA 41636560 35 EU 149164968 
9 HIDDEN_CHAIN 4 NA 5079504 36 EU 176160768 37 EU 16777216 38 EU 149164968 39 EU 176160768 
10 HIDDEN_CHAIN 5 EU 149164968 40 EU 16777216 41 EU 56255160 42 EU 176160768 43 EU 4096000 
11 HIDDEN_CHAIN 6 EU 19660800 44 EU 56255160 45 EU 55892616 46 EU 43927184 47 EU 149164968 
12 HIDDEN_CHAIN 7 EU 28820368 48 EU 48375432 49 NA 8388608 50 EU 28672000 51 NA 66605352 
13 HIDDEN_CHAIN 8 EU 149164968 52 EU 54222072 53 EU 149164968 54 EU 28820368 55 NA 48067448 
14 HIDDEN_CHAIN 9 EU 16777216 56 EU 149164968 57 NA 66605352 58 EU 54222072 59 EU 149164968 
15 HIDDEN_CHAIN 10 EU 54222072 60 NA 66605352 61 NA 48067448 62 EU 28672000 63 NA 66605352 
16 HIDDEN_CHAIN 11 EU 149164968 64 EU 8192000 65 EU 28672000 66 NA 66605352 67 NA 8388608 
17 HIDDEN_CHAIN 12 NA 66605352 68 EU 56255160 69 EU 48375432 70 EU 54222072 71 EU 149164968 
18 HIDDEN_CHAIN 13 NA 48067448 72 EU 176160768 73 NA 8388608 74 EU 149164968 75 EU 16777216 
19 HIDDEN_CHAIN 14 EU 149164968 76 EU 54222072 77 EU 56255160 78 EU 19660800 79 EU 43927184 
20 HIDDEN_CHAIN 15 EU 16777216 80 EU 28672000 81 EU 48375432 82 EU 6296704 83 EU 149164968 
21 HIDDEN_CHAIN 16 NA 9216000 84 EU 19660800 85 EU 3178584 86 EU 56255160 87 NA 66605352 
22 HIDDEN_CHAIN 17 EU 28672000 88 NA 13480656 89 EU 149164968 90 EU 34292528 91 EU 176160768 
23 HIDDEN_CHAIN 18 NA 24371136 92 EU 149164968 93 EU 28820368 94 NA 48067448 95 EU 149164968 
24 HIDDEN_CHAIN 19 EU 12288000 96 NA 24371136 97 EU 16777216 98 EU 56255160 99 NA 66605352 
