0 BRANCH 0 NA 24371136 1 NA 41636560 2 EU 28672000 3 EU 34292528 
1 CHAIN 0 NA 24371136 4 NA 41636560 5 EU 149164968 6 NA 66605352 7 EU 12288000 
2 CHAIN 1 NA 41636560 8 EU 56255160 9 EU 34292528 10 EU 12288000 11 EU 149164968 
3 CHAIN 2 EU 28672000 12 EU 48375432 13 EU 43927184 14 EU 2097152 15 NA 66605352 
4 CHAIN 3 EU 34292528 16 NA 41636560 17 EU 149164968 18 EU 48375432 19 NA 48067448 
5 HIDDEN_BRANCH 0 NA 24371136 20 EU 56255160 21 EU 48375432 22 NA 48067448 23 EU 56255160 
6 HIDDEN_BRANCH 1 NA 41636560 24 NA 41636560 25 EU 6296704 26 EU 56255160 27 EU 55892616 
7 HIDDEN_BRANCH 2 EU 28672000 28 EU 28820368 29 EU 56255160 30 NA 41636560 31 EU 176160768 
8 HIDDEN_BRANCH 3 EU 34292528 32 EU 28672000 33 EU 19660800 34 NA 66605352 35 EU 149164968 
9 HIDDEN_CHAIN 4 NA 41636560 36 NA 24371136 37 NA 8388608 38 EU 56255160 39 EU 16777216 
10 HIDDEN_CHAIN 5 EU 149164968 40 NA 13480656 41 EU 28672000 42 EU 48375432 43 NA 8388608 
11 HIDDEN_CHAIN 6 NA 66605352 44 EU 149164968 45 EU 48375432 46 NA 8044008 47 EU 56255160 
12 HIDDEN_CHAIN 7 EU 12288000 48 NA 66605352 49 EU 3178584 50 EU 149164968 51 EU 48375432 
13 HIDDEN_CHAIN 8 EU 56255160 52 EU 8192000 53 EU 149164968 54 EU 55892616 55 EU 1638400 
14 HIDDEN_CHAIN 9 EU 34292528 56 EU 149164968 57 EU 34292528 58 NA 66605352 59 EU 56255160 
15 HIDDEN_CHAIN 10 EU 12288000 60 EU 28820368 61 EU 34292528 62 EU 56255160 63 NA 41636560 
16 HIDDEN_CHAIN 11 EU 149164968 64 EU 54222072 65 EU 11591680 66 NA 41636560 67 NA 9216000 
17 HIDDEN_CHAIN 12 EU 48375432 68 EU 28672000 69 EU 176160768 70 EU 43927184 71 EU 149164968 
18 HIDDEN_CHAIN 13 EU 43927184 72 NA 66605352 73 NA 48067448 74 EU 149164968 75 EU 48375432 
19 HIDDEN_CHAIN 14 EU 2097152 76 NA 48067448 77 EU 149164968 78 NA 24371136 79 EU 19660800 
20 HIDDEN_CHAIN 15 NA 66605352 80 EU 149164968 81 NA 24371136 82 EU 54222072 83 EU 28672000 
21 HIDDEN_CHAIN 16 NA 41636560 84 EU 48375432 85 NA 48067448 86 EU 56255160 87 EU 55892616 
22 HIDDEN_CHAIN 17 EU 149164968 88 EU 54222072 89 EU 149164968 90 EU 19660800 91 EU 43927184 
23 HIDDEN_CHAIN 18 EU 48375432 92 EU 28672000 93 NA 66605352 94 NA 48067448 95 EU 28672000 
24 HIDDEN_CHAIN 19 NA 48067448 96 EU 176160768 97 NA 8044008 98 EU 56255160 99 EU 176160768 
