0 BRANCH 0 NA 66605352 1 EU 12288000 2 EU 149164968 3 EU 55892616 
1 CHAIN 0 NA 66605352 4 NA 66605352 5 EU 56255160 6 EU 176160768 7 EU 28820368 
2 CHAIN 1 EU 12288000 8 EU 149164968 9 EU 176160768 10 EU 12288000 11 EU 149164968 
3 CHAIN 2 EU 149164968 12 EU 176160768 13 EU 6296704 14 EU 56255160 15 EU 55892616 
4 CHAIN 3 EU 55892616 16 NA 8044008 17 EU 149164968 18 EU 48375432 19 EU 43927184 
5 HIDDEN_BRANCH 0 NA 66605352 20 EU 149164968 21 NA 66605352 22 EU 819200 23 EU 149164968 
6 HIDDEN_BRANCH 1 EU 12288000 24 EU 34292528 25 EU 12288000 26 EU 56255160 27 EU 19660800 
7 HIDDEN_BRANCH 2 EU 149164968 28 NA 41636560 29 EU 149164968 30 EU 48375432 31 NA 24371136 
8 HIDDEN_BRANCH 3 EU 55892616 32 EU 149164968 33 EU 176160768 34 EU 2129920 35 EU 149164968 
9 HIDDEN_CHAIN 4 NA 66605352 36 NA 41636560 37 EU 176160768 38 EU 149164968 39 EU 34292528 
10 HIDDEN_CHAIN 5 EU 56255160 40 NA 4194304 41 EU 11591680 42 EU 28820368 43 EU 1638400 
11 HIDDEN_CHAIN 6 EU 176160768 44 EU 149164968 45 EU 19660800 46 EU 43927184 47 EU 149164968 
12 HIDDEN_CHAIN 7 EU 28820368 48 NA 41636560 49 NA 66605352 50 EU 56255160 51 EU 55892616 
13 HIDDEN_CHAIN 8 EU 149164968 52 NA 66605352 53 EU 149164968 54 EU 176160768 55 NA 48067448 
14 HIDDEN_CHAIN 9 EU 176160768 56 EU 28672000 57 EU 34292528 58 EU 54222072 59 EU 149164968 
15 HIDDEN_CHAIN 10 EU 12288000 60 EU 48375432 61 NA 48067448 62 EU 149164968 63 EU 19660800 
16 HIDDEN_CHAIN 11 EU 149164968 64 EU 4096000 65 EU 28672000 66 NA 41636560 67 NA 66605352 
17 HIDDEN_CHAIN 12 EU 176160768 68 EU 149164968 69 EU 48375432 70 NA 48067448 71 EU 149164968 
18 HIDDEN_CHAIN 13 EU 6296704 72 EU 16777216 73 NA 13480656 74 EU 56255160 75 EU 176160768 
19 HIDDEN_CHAIN 14 EU 56255160 76 NA 13480656 77 EU 149164968 78 NA 66605352 79 NA 8044008 
20 HIDDEN_CHAIN 15 EU 55892616 80 EU 149164968 81 EU 19660800 82 EU 3178584 83 EU 56255160 
21 HIDDEN_CHAIN 16 NA 8044008 84 EU 19660800 85 EU 43927184 86 EU 56255160 87 EU 48375432 
22 HIDDEN_CHAIN 17 EU 149164968 88 EU 55892616 89 EU 28672000 90 NA 41636560 91 EU 28820368 
23 HIDDEN_CHAIN 18 EU 48375432 92 EU 11591680 93 EU 48375432 94 NA 48067448 95 EU 149164968 
24 HIDDEN_CHAIN 19 EU 43927184 96 EU 28820368 97 EU 54222072 98 EU 28672000 99 NA 66605352 
