0 BRANCH 0 NA 41636560 1 EU 54222072 2 EU 56255160 3 NA 66605352 4 EU 54222072 5 EU 28672000 6 EU 55892616 7 EU 43927184 8 EU 28672000 9 EU 34292528 10 NA 13480656 11 EU 28672000 12 NA 66605352 13 NA 13480656 14 EU 56255160 15 NA 66605352 16 NA 48067448 17 EU 56255160 18 EU 19660800 19 EU 43927184 20 EU 149164968 21 EU 19660800 22 EU 54222072 23 EU 28672000 24 NA 66605352 25 NA 9216000 26 EU 56255160 27 NA 66605352 28 EU 12288000 29 EU 149164968 30 EU 48375432 31 NA 8044008 32 EU 56255160 33 NA 66605352 34 NA 5079504 35 EU 56255160 36 EU 48375432 37 EU 28820368 38 EU 56255160 39 EU 34292528 40 EU 16777216 41 EU 149164968 42 NA 66605352 43 NA 48067448 44 EU 56255160 45 NA 41636560 46 NA 48067448 47 EU 149164968 48 EU 34292528 49 EU 2129920 50 EU 11591680 51 EU 55892616 52 EU 43927184 53 EU 149164968 54 NA 66605352 55 NA 48067448 
1 CHAIN 0 NA 41636560 56 EU 56255160 57 NA 24371136 58 EU 5898240 59 EU 149164968 
2 CHAIN 1 EU 54222072 60 EU 28820368 61 EU 43927184 62 EU 149164968 63 EU 176160768 
3 CHAIN 2 EU 56255160 64 EU 54222072 65 EU 149164968 66 NA 66605352 67 EU 2457600 
4 CHAIN 3 NA 66605352 68 EU 149164968 69 EU 176160768 70 EU 43927184 71 EU 56255160 
5 CHAIN 4 EU 54222072 72 NA 41636560 73 NA 48067448 74 EU 149164968 75 EU 48375432 
6 CHAIN 5 EU 28672000 76 NA 48067448 77 EU 28672000 78 NA 24371136 79 EU 8192000 
7 CHAIN 6 EU 55892616 80 EU 56255160 81 EU 55892616 82 NA 3391304 83 EU 28672000 
8 CHAIN 7 EU 43927184 84 EU 34292528 85 EU 176160768 86 EU 56255160 87 EU 34292528 
9 CHAIN 8 EU 28672000 88 NA 8388608 89 EU 56255160 90 EU 55892616 91 NA 48067448 
10 CHAIN 9 EU 34292528 92 EU 28672000 93 EU 176160768 94 NA 1605632 95 EU 11591680 
11 CHAIN 10 NA 13480656 96 NA 41636560 97 EU 54222072 98 EU 28672000 99 EU 34292528 
12 CHAIN 11 EU 28672000 100 NA 8388608 101 EU 56255160 102 NA 41636560 103 NA 9216000 
13 CHAIN 12 NA 66605352 104 EU 149164968 105 EU 176160768 106 EU 12288000 107 EU 56255160 
14 CHAIN 13 NA 13480656 108 NA 24371136 109 EU 1064960 110 EU 28672000 111 EU 48375432 
15 CHAIN 14 EU 56255160 112 NA 48067448 113 EU 2097152 114 NA 66605352 115 EU 2048000 
16 CHAIN 15 NA 66605352 116 EU 149164968 117 EU 19660800 118 EU 48375432 119 EU 28672000 
17 CHAIN 16 NA 48067448 120 EU 34292528 121 NA 5079504 122 EU 11591680 123 EU 176160768 
18 CHAIN 17 EU 56255160 124 NA 8044008 125 EU 56255160 126 EU 34292528 127 EU 28820368 
19 CHAIN 18 EU 19660800 128 EU 28672000 129 EU 19660800 130 EU 176160768 131 EU 56255160 
20 CHAIN 19 EU 43927184 132 NA 41636560 133 EU 43927184 134 EU 56255160 135 NA 41636560 
21 CHAIN 20 EU 149164968 136 EU 4096000 137 EU 56255160 138 EU 19660800 139 EU 28820368 
22 CHAIN 21 EU 19660800 140 EU 149164968 141 NA 41636560 142 EU 4096000 143 EU 149164968 
23 CHAIN 22 EU 54222072 144 EU 19660800 145 EU 48375432 146 EU 149164968 147 NA 41636560 
24 CHAIN 23 EU 28672000 148 EU 12288000 149 EU 149164968 150 EU 176160768 151 EU 3178584 
25 CHAIN 24 NA 66605352 152 EU 149164968 153 NA 66605352 154 EU 48375432 155 EU 28672000 
26 CHAIN 25 NA 9216000 156 EU 48375432 157 EU 43927184 158 EU 56255160 159 NA 66605352 
27 CHAIN 26 EU 56255160 160 EU 28820368 161 EU 11591680 162 EU 16777216 163 NA 48067448 
28 CHAIN 27 NA 66605352 164 EU 149164968 165 NA 66605352 166 NA 819200 167 EU 149164968 
29 CHAIN 28 EU 12288000 168 EU 19660800 169 NA 3391304 170 EU 149164968 171 NA 41636560 
30 CHAIN 29 EU 149164968 172 NA 8044008 173 EU 28672000 174 EU 34292528 175 EU 6296704 
31 CHAIN 30 EU 48375432 176 EU 149164968 177 EU 176160768 178 NA 48067448 179 EU 149164968 
32 CHAIN 31 NA 8044008 180 EU 176160768 181 EU 1638400 182 EU 149164968 183 EU 48375432 
33 CHAIN 32 EU 56255160 184 EU 176160768 185 EU 56255160 186 NA 24371136 187 NA 41636560 
34 CHAIN 33 NA 66605352 188 EU 149164968 189 NA 41636560 190 NA 8044008 191 EU 56255160 
35 CHAIN 34 NA 5079504 192 NA 24371136 193 NA 5079504 194 EU 149164968 195 EU 16777216 
36 CHAIN 35 EU 56255160 196 EU 43927184 197 EU 11591680 198 NA 66605352 199 EU 43927184 
37 CHAIN 36 EU 48375432 200 EU 56255160 201 NA 41636560 202 NA 66605352 203 EU 11591680 
38 CHAIN 37 EU 28820368 204 NA 66605352 205 EU 19660800 206 EU 28672000 207 NA 66605352 
39 CHAIN 38 EU 56255160 208 EU 12288000 209 EU 149164968 210 EU 48375432 211 EU 43927184 
40 CHAIN 39 EU 34292528 212 EU 28672000 213 NA 24371136 214 EU 43927184 215 EU 149164968 
41 CHAIN 40 EU 16777216 216 NA 24371136 217 EU 2048000 218 EU 56255160 219 NA 66605352 
42 CHAIN 41 EU 149164968 220 NA 48067448 221 EU 149164968 222 EU 28820368 223 EU 55892616 
43 CHAIN 42 NA 66605352 224 EU 149164968 225 NA 66605352 226 EU 1024000 227 EU 56255160 
44 CHAIN 43 NA 48067448 228 EU 55892616 229 NA 8388608 230 EU 149164968 231 EU 16777216 
45 CHAIN 44 EU 56255160 232 EU 8192000 233 EU 149164968 234 NA 41636560 235 EU 54222072 
46 CHAIN 45 NA 41636560 236 EU 149164968 237 NA 41636560 238 EU 43927184 239 EU 149164968 
47 CHAIN 46 NA 48067448 240 EU 55892616 241 EU 54222072 242 EU 28672000 243 NA 24371136 
48 CHAIN 47 EU 149164968 244 EU 43927184 245 EU 11591680 246 EU 16777216 247 NA 8388608 
49 CHAIN 48 EU 34292528 248 EU 149164968 249 EU 19660800 250 EU 176160768 251 EU 149164968 
50 CHAIN 49 EU 2129920 252 EU 55892616 253 EU 43927184 254 EU 28672000 255 EU 176160768 
51 CHAIN 50 EU 11591680 256 EU 48375432 257 EU 56255160 258 EU 48375432 259 EU 1638400 
52 CHAIN 51 EU 55892616 260 EU 149164968 261 EU 48375432 262 NA 48067448 263 EU 149164968 
53 CHAIN 52 EU 43927184 264 EU 28820368 265 NA 48067448 266 EU 149164968 267 EU 55892616 
54 CHAIN 53 EU 149164968 268 NA 5079504 269 EU 28672000 270 NA 66605352 271 EU 28820368 
55 CHAIN 54 NA 66605352 272 EU 149164968 273 EU 34292528 274 NA 13480656 275 EU 149164968 
56 CHAIN 55 NA 48067448 276 EU 28820368 277 EU 54222072 278 EU 28672000 279 EU 19660800 
