0 BRANCH 0 EU 34292528 1 EU 54222072 2 EU 28672000 3 EU 19660800 4 EU 12288000 5 EU 149164968 6 EU 176160768 7 NA 8388608 8 EU 149164968 9 NA 66605352 10 EU 54222072 11 EU 56255160 12 EU 48375432 13 NA 9216000 14 EU 28672000 15 EU 48375432 16 EU 6296704 17 EU 149164968 18 EU 19660800 19 EU 28820368 20 EU 56255160 21 EU 48375432 22 EU 8192000 23 EU 149164968 24 EU 176160768 25 EU 28820368 26 EU 149164968 27 EU 34292528 28 NA 13480656 29 EU 56255160 30 EU 28820368 31 EU 48375432 32 EU 56255160 33 NA 66605352 34 EU 19660800 35 EU 149164968 36 EU 19660800 37 NA 48067448 38 EU 149164968 39 EU 28820368 40 EU 2048000 41 EU 56255160 42 EU 176160768 43 EU 43927184 44 EU 56255160 45 EU 55892616 46 EU 8192000 47 EU 56255160 48 NA 41636560 49 EU 176160768 50 EU 149164968 51 EU 55892616 52 NA 4194304 53 EU 28672000 54 NA 24371136 55 EU 43927184 
1 CHAIN 0 EU 34292528 56 EU 149164968 57 NA 66605352 58 EU 48375432 59 EU 149164968 
2 CHAIN 1 EU 54222072 60 NA 24371136 61 EU 54222072 62 EU 149164968 63 EU 16777216 
3 CHAIN 2 EU 28672000 64 NA 13480656 65 EU 149164968 66 NA 24371136 67 EU 55892616 
4 CHAIN 3 EU 19660800 68 EU 149164968 69 EU 55892616 70 EU 3178584 71 EU 149164968 
5 CHAIN 4 EU 12288000 72 NA 66605352 73 EU 12288000 74 EU 149164968 75 EU 28820368 
6 CHAIN 5 EU 149164968 76 EU 43927184 77 EU 28672000 78 EU 34292528 79 NA 819200 
7 CHAIN 6 EU 176160768 80 EU 28672000 81 EU 48375432 82 EU 176160768 83 EU 56255160 
8 CHAIN 7 NA 8388608 84 EU 48375432 85 NA 48067448 86 EU 56255160 87 EU 55892616 
9 CHAIN 8 EU 149164968 88 NA 48067448 89 EU 28672000 90 EU 55892616 91 EU 43927184 
10 CHAIN 9 NA 66605352 92 EU 149164968 93 NA 41636560 94 NA 13480656 95 EU 56255160 
11 CHAIN 10 EU 54222072 96 EU 176160768 97 EU 54222072 98 EU 56255160 99 EU 176160768 
12 CHAIN 11 EU 56255160 100 EU 4096000 101 EU 56255160 102 EU 55892616 103 EU 48375432 
13 CHAIN 12 EU 48375432 104 EU 11591680 105 NA 66605352 106 EU 48375432 107 EU 149164968 
14 CHAIN 13 NA 9216000 108 NA 66605352 109 EU 1024000 110 EU 149164968 111 EU 176160768 
15 CHAIN 14 EU 28672000 112 EU 54222072 113 EU 56255160 114 NA 41636560 115 NA 8044008 
16 CHAIN 15 EU 48375432 116 EU 149164968 117 EU 55892616 118 NA 4194304 119 EU 56255160 
17 CHAIN 16 EU 6296704 120 NA 41636560 121 EU 54222072 122 EU 28672000 123 EU 48375432 
18 CHAIN 17 EU 149164968 124 EU 43927184 125 EU 56255160 126 EU 48375432 127 NA 41636560 
19 CHAIN 18 EU 19660800 128 EU 56255160 129 NA 66605352 130 EU 43927184 131 EU 149164968 
20 CHAIN 19 EU 28820368 132 EU 55892616 133 NA 8388608 134 EU 28672000 135 NA 66605352 
21 CHAIN 20 EU 56255160 136 EU 176160768 137 EU 28672000 138 EU 176160768 139 EU 43927184 
22 CHAIN 21 EU 48375432 140 EU 56255160 141 EU 28820368 142 NA 8388608 143 EU 56255160 
23 CHAIN 22 EU 8192000 144 EU 176160768 145 EU 2048000 146 EU 28672000 147 NA 41636560 
24 CHAIN 23 EU 149164968 148 NA 66605352 149 EU 11591680 150 EU 176160768 151 EU 34292528 
25 CHAIN 24 EU 176160768 152 EU 56255160 153 EU 48375432 154 EU 2457600 155 EU 2097152 
26 CHAIN 25 EU 28820368 156 EU 176160768 157 NA 4194304 158 EU 149164968 159 NA 66605352 
27 CHAIN 26 EU 149164968 160 EU 8192000 161 EU 11591680 162 EU 176160768 163 EU 43927184 
28 CHAIN 27 EU 34292528 164 EU 149164968 165 EU 34292528 166 NA 8044008 167 EU 149164968 
29 CHAIN 28 NA 13480656 168 EU 19660800 169 EU 43927184 170 EU 28672000 171 EU 48375432 
30 CHAIN 29 EU 56255160 172 EU 28820368 173 EU 149164968 174 EU 16777216 175 NA 41636560 
31 CHAIN 30 EU 28820368 176 EU 149164968 177 EU 19660800 178 EU 176160768 179 EU 149164968 
32 CHAIN 31 EU 48375432 180 EU 34292528 181 NA 8044008 182 EU 56255160 183 EU 34292528 
33 CHAIN 32 EU 56255160 184 EU 48375432 185 EU 56255160 186 NA 66605352 187 EU 54222072 
34 CHAIN 33 NA 66605352 188 EU 28672000 189 EU 176160768 190 NA 24371136 191 EU 56255160 
35 CHAIN 34 EU 19660800 192 EU 55892616 193 NA 8388608 194 EU 149164968 195 EU 16777216 
36 CHAIN 35 EU 149164968 196 EU 54222072 197 EU 28672000 198 EU 176160768 199 EU 12288000 
37 CHAIN 36 EU 19660800 200 EU 149164968 201 EU 48375432 202 EU 43927184 203 EU 28672000 
38 CHAIN 37 NA 48067448 204 NA 41636560 205 NA 48067448 206 EU 28672000 207 NA 66605352 
39 CHAIN 38 EU 149164968 208 EU 54222072 209 EU 56255160 210 EU 28820368 211 NA 8388608 
40 CHAIN 39 EU 28820368 212 EU 149164968 213 NA 24371136 214 EU 54222072 215 EU 149164968 
41 CHAIN 40 EU 2048000 216 NA 24371136 217 NA 5079504 218 EU 28672000 219 EU 55892616 
42 CHAIN 41 EU 56255160 220 EU 54222072 221 EU 149164968 222 EU 55892616 223 EU 43927184 
43 CHAIN 42 EU 176160768 224 EU 56255160 225 EU 55892616 226 EU 43927184 227 EU 56255160 
44 CHAIN 43 EU 43927184 228 EU 34292528 229 EU 54222072 230 EU 11591680 231 EU 34292528 
45 CHAIN 44 EU 56255160 232 EU 4096000 233 EU 56255160 234 NA 66605352 235 EU 8192000 
46 CHAIN 45 EU 55892616 236 EU 28672000 237 EU 176160768 238 NA 48067448 239 EU 56255160 
47 CHAIN 46 EU 8192000 240 EU 48375432 241 NA 8388608 242 EU 149164968 243 EU 48375432 
48 CHAIN 47 EU 56255160 244 NA 8044008 245 EU 149164968 246 EU 176160768 247 NA 3391304 
49 CHAIN 48 NA 41636560 248 EU 56255160 249 NA 41636560 250 NA 8388608 251 EU 11591680 
50 CHAIN 49 EU 176160768 252 EU 176160768 253 NA 48067448 254 EU 28672000 255 NA 66605352 
51 CHAIN 50 EU 149164968 256 EU 176160768 257 EU 56255160 258 NA 24371136 259 NA 9216000 
52 CHAIN 51 EU 55892616 260 EU 56255160 261 EU 176160768 262 EU 43927184 263 EU 56255160 
53 CHAIN 52 NA 4194304 264 EU 28820368 265 NA 8388608 266 EU 56255160 267 EU 28820368 
54 CHAIN 53 EU 28672000 268 NA 66605352 269 EU 149164968 270 NA 41636560 271 EU 54222072 
55 CHAIN 54 NA 24371136 272 EU 149164968 273 NA 24371136 274 EU 43927184 275 EU 56255160 
56 CHAIN 55 EU 43927184 276 EU 55892616 277 NA 13480656 278 EU 2097152 279 EU 55892616 
