0 BRANCH 0 NA 41636560 1 NA 48067448 2 EU 149164968 3 EU 55892616 4 NA 8388608 5 EU 149164968 6 NA 24371136 7 NA 8388608 8 EU 56255160 9 EU 55892616 10 EU 3178584 11 EU 149164968 12 EU 16777216 13 NA 48067448 14 EU 56255160 15 NA 66605352 16 NA 48067448 17 EU 28672000 18 EU 55892616 19 EU 5898240 20 EU 149164968 21 EU 34292528 22 NA 48067448 23 EU 56255160 24 NA 66605352 25 EU 12288000 26 EU 149164968 27 EU 176160768 28 EU 54222072 29 EU 11591680 30 EU 176160768 31 EU 43927184 32 EU 56255160 33 NA 24371136 34 EU 8192000 35 EU 56255160 36 EU 176160768 37 NA 8388608 38 EU 56255160 39 EU 16777216 40 NA 8388608 41 EU 149164968 42 EU 55892616 43 EU 54222072 44 EU 11591680 45 EU 176160768 46 NA 8388608 47 EU 28672000 48 NA 66605352 49 NA 8044008 50 EU 149164968 51 NA 66605352 52 NA 48067448 53 EU 149164968 54 EU 176160768 55 NA 48067448 
1 CHAIN 0 NA 41636560 56 EU 149164968 57 EU 176160768 58 NA 48067448 59 EU 149164968 
2 CHAIN 1 NA 48067448 60 EU 176160768 61 EU 4096000 62 EU 56255160 63 NA 41636560 
3 CHAIN 2 EU 149164968 64 EU 55892616 65 EU 149164968 66 EU 55892616 67 NA 9216000 
4 CHAIN 3 EU 55892616 68 EU 149164968 69 EU 176160768 70 NA 24371136 71 EU 149164968 
5 CHAIN 4 NA 8388608 72 EU 176160768 73 EU 43927184 74 EU 11591680 75 NA 66605352 
6 CHAIN 5 EU 149164968 76 EU 54222072 77 EU 28672000 78 EU 19660800 79 EU 54222072 
7 CHAIN 6 NA 24371136 80 EU 28672000 81 EU 28820368 82 NA 8388608 83 EU 149164968 
8 CHAIN 7 NA 8388608 84 EU 176160768 85 EU 34292528 86 EU 149164968 87 EU 55892616 
9 CHAIN 8 EU 56255160 88 NA 13480656 89 EU 28672000 90 EU 16777216 91 EU 12288000 
10 CHAIN 9 EU 55892616 92 EU 56255160 93 EU 55892616 94 NA 8388608 95 EU 149164968 
11 CHAIN 10 EU 3178584 96 EU 19660800 97 EU 176160768 98 EU 149164968 99 EU 55892616 
12 CHAIN 11 EU 149164968 100 EU 12288000 101 EU 149164968 102 EU 34292528 103 NA 9216000 
13 CHAIN 12 EU 16777216 104 EU 149164968 105 NA 66605352 106 EU 54222072 107 EU 56255160 
14 CHAIN 13 NA 48067448 108 EU 176160768 109 NA 4194304 110 EU 2097152 111 EU 19660800 
15 CHAIN 14 EU 56255160 112 EU 43927184 113 EU 28672000 114 EU 48375432 115 EU 55892616 
16 CHAIN 15 NA 66605352 116 EU 56255160 117 EU 176160768 118 EU 48375432 119 EU 56255160 
17 CHAIN 16 NA 48067448 120 EU 34292528 121 EU 54222072 122 EU 56255160 123 EU 28820368 
18 CHAIN 17 EU 28672000 124 EU 54222072 125 EU 149164968 126 NA 24371136 127 NA 13480656 
19 CHAIN 18 EU 55892616 128 EU 56255160 129 EU 34292528 130 EU 4096000 131 EU 56255160 
20 CHAIN 19 EU 5898240 132 NA 41636560 133 NA 48067448 134 EU 28672000 135 EU 34292528 
21 CHAIN 20 EU 149164968 136 EU 5898240 137 EU 149164968 138 EU 176160768 139 EU 4096000 
22 CHAIN 21 EU 34292528 140 EU 56255160 141 EU 28820368 142 EU 43927184 143 EU 56255160 
23 CHAIN 22 NA 48067448 144 NA 41636560 145 NA 8388608 146 EU 149164968 147 EU 16777216 
24 CHAIN 23 EU 56255160 148 EU 176160768 149 EU 56255160 150 NA 24371136 151 NA 66605352 
25 CHAIN 24 NA 66605352 152 EU 149164968 153 EU 176160768 154 NA 3391304 155 EU 56255160 
26 CHAIN 25 EU 12288000 156 NA 24371136 157 EU 54222072 158 EU 11591680 159 NA 24371136 
27 CHAIN 26 EU 149164968 160 NA 5079504 161 EU 28672000 162 EU 16777216 163 NA 41636560 
28 CHAIN 27 EU 176160768 164 EU 56255160 165 NA 66605352 166 NA 8388608 167 EU 149164968 
29 CHAIN 28 EU 54222072 168 NA 41636560 169 NA 48067448 170 EU 149164968 171 EU 55892616 
30 CHAIN 29 EU 11591680 172 EU 54222072 173 EU 11591680 174 EU 16777216 175 NA 5079504 
31 CHAIN 30 EU 176160768 176 EU 149164968 177 EU 176160768 178 NA 66605352 179 EU 56255160 
32 CHAIN 31 EU 43927184 180 EU 176160768 181 EU 5898240 182 EU 56255160 183 EU 34292528 
33 CHAIN 32 EU 56255160 184 EU 48375432 185 EU 56255160 186 EU 176160768 187 EU 43927184 
34 CHAIN 33 NA 24371136 188 EU 56255160 189 EU 55892616 190 EU 48375432 191 EU 149164968 
35 CHAIN 34 EU 8192000 192 EU 176160768 193 NA 9216000 194 EU 28672000 195 NA 66605352 
36 CHAIN 35 EU 56255160 196 NA 8044008 197 EU 56255160 198 EU 19660800 199 EU 54222072 
37 CHAIN 36 EU 176160768 200 EU 56255160 201 EU 34292528 202 EU 43927184 203 EU 149164968 
38 CHAIN 37 NA 8388608 204 EU 19660800 205 NA 48067448 206 EU 149164968 207 EU 176160768 
39 CHAIN 38 EU 56255160 208 EU 43927184 209 EU 28672000 210 NA 66605352 211 NA 41636560 
40 CHAIN 39 EU 16777216 212 EU 56255160 213 EU 34292528 214 NA 48067448 215 EU 56255160 
41 CHAIN 40 NA 8388608 216 EU 48375432 217 EU 54222072 218 EU 56255160 219 EU 19660800 
42 CHAIN 41 EU 149164968 220 NA 48067448 221 EU 28672000 222 EU 55892616 223 EU 2457600 
43 CHAIN 42 EU 55892616 224 EU 149164968 225 NA 41636560 226 NA 13480656 227 EU 56255160 
44 CHAIN 43 EU 54222072 228 EU 16777216 229 EU 43927184 230 EU 149164968 231 EU 34292528 
45 CHAIN 44 EU 11591680 232 NA 66605352 233 EU 56255160 234 EU 48375432 235 EU 12288000 
46 CHAIN 45 EU 176160768 236 EU 56255160 237 NA 66605352 238 NA 48067448 239 EU 28672000 
47 CHAIN 46 NA 8388608 240 NA 66605352 241 NA 48067448 242 EU 56255160 243 EU 19660800 
48 CHAIN 47 EU 28672000 244 EU 55892616 245 EU 149164968 246 EU 55892616 247 NA 8388608 
49 CHAIN 48 NA 66605352 248 EU 149164968 249 EU 19660800 250 EU 54222072 251 EU 56255160 
50 CHAIN 49 NA 8044008 252 EU 48375432 253 EU 43927184 254 EU 56255160 255 EU 28820368 
51 CHAIN 50 EU 149164968 256 NA 9216000 257 EU 2097152 258 EU 48375432 259 NA 9216000 
52 CHAIN 51 NA 66605352 260 EU 56255160 261 EU 176160768 262 EU 48375432 263 EU 149164968 
53 CHAIN 52 NA 48067448 264 EU 48375432 265 NA 48067448 266 EU 56255160 267 NA 66605352 
54 CHAIN 53 EU 149164968 268 NA 13480656 269 EU 56255160 270 NA 41636560 271 EU 4096000 
55 CHAIN 54 EU 176160768 272 EU 149164968 273 EU 34292528 274 NA 13480656 275 EU 149164968 
56 CHAIN 55 NA 48067448 276 NA 66605352 277 EU 54222072 278 EU 56255160 279 NA 24371136 
