0 BRANCH 0 NA 41636560 1 EU 43927184 2 EU 149164968 3 EU 34292528 4 NA 13480656 5 EU 28672000 6 EU 48375432 7 NA 48067448 8 EU 56255160 9 EU 28820368 10 NA 4194304 11 EU 149164968 12 NA 41636560 13 EU 43927184 14 EU 56255160 15 NA 66605352 16 NA 48067448 17 EU 56255160 18 EU 19660800 19 EU 54222072 20 EU 28672000 21 EU 48375432 22 EU 6296704 23 EU 56255160 24 EU 176160768 25 NA 9216000 26 EU 56255160 27 NA 66605352 28 EU 5898240 29 EU 56255160 30 EU 28820368 31 NA 8044008 32 EU 2097152 33 EU 48375432 34 EU 16777216 35 EU 149164968 36 EU 28820368 37 NA 48067448 38 EU 149164968 39 EU 176160768 40 EU 1638400 41 EU 56255160 42 EU 34292528 43 NA 48067448 44 EU 28672000 45 EU 16777216 46 NA 8044008 47 EU 28672000 48 EU 176160768 49 EU 54222072 50 EU 56255160 51 NA 66605352 52 EU 34292528 53 EU 11591680 54 EU 176160768 55 EU 54222072 
1 CHAIN 0 NA 41636560 56 EU 56255160 57 NA 66605352 58 EU 34292528 59 EU 56255160 
2 CHAIN 1 EU 43927184 60 EU 55892616 61 EU 54222072 62 EU 56255160 63 NA 66605352 
3 CHAIN 2 EU 149164968 64 EU 54222072 65 EU 149164968 66 EU 176160768 67 NA 8388608 
4 CHAIN 3 EU 34292528 68 EU 149164968 69 EU 176160768 70 EU 3178584 71 EU 149164968 
5 CHAIN 4 NA 13480656 72 EU 176160768 73 NA 48067448 74 EU 56255160 75 NA 41636560 
6 CHAIN 5 EU 28672000 76 EU 54222072 77 EU 56255160 78 EU 19660800 79 EU 4096000 
7 CHAIN 6 EU 48375432 80 EU 56255160 81 EU 16777216 82 EU 5898240 83 EU 11591680 
8 CHAIN 7 NA 48067448 84 EU 34292528 85 EU 6296704 86 EU 56255160 87 EU 176160768 
9 CHAIN 8 EU 56255160 88 NA 66605352 89 EU 56255160 90 NA 41636560 91 EU 3178584 
10 CHAIN 9 EU 28820368 92 EU 28672000 93 NA 66605352 94 NA 13480656 95 EU 149164968 
11 CHAIN 10 NA 4194304 96 NA 66605352 97 NA 3391304 98 EU 56255160 99 EU 55892616 
12 CHAIN 11 EU 149164968 100 EU 54222072 101 EU 56255160 102 EU 34292528 103 EU 54222072 
13 CHAIN 12 NA 41636560 104 EU 56255160 105 EU 48375432 106 EU 54222072 107 EU 149164968 
14 CHAIN 13 EU 43927184 108 NA 41636560 109 EU 43927184 110 EU 56255160 111 EU 28820368 
15 CHAIN 14 EU 56255160 112 EU 54222072 113 EU 149164968 114 EU 34292528 115 EU 176160768 
16 CHAIN 15 NA 66605352 116 EU 149164968 117 EU 19660800 118 EU 43927184 119 EU 149164968 
17 CHAIN 16 NA 48067448 120 EU 48375432 121 EU 43927184 122 EU 11591680 123 EU 28820368 
18 CHAIN 17 EU 56255160 124 EU 43927184 125 EU 28672000 126 NA 66605352 127 EU 55892616 
19 CHAIN 18 EU 19660800 128 EU 149164968 129 EU 34292528 130 NA 819200 131 EU 11591680 
20 CHAIN 19 EU 54222072 132 NA 66605352 133 NA 48067448 134 EU 56255160 135 NA 41636560 
21 CHAIN 20 EU 28672000 136 EU 176160768 137 EU 28672000 138 EU 34292528 139 EU 48375432 
22 CHAIN 21 EU 48375432 140 EU 28672000 141 EU 34292528 142 EU 176160768 143 EU 149164968 
23 CHAIN 22 EU 6296704 144 EU 48375432 145 EU 54222072 146 EU 56255160 147 EU 48375432 
24 CHAIN 23 EU 56255160 148 EU 176160768 149 EU 149164968 150 NA 66605352 151 EU 55892616 
25 CHAIN 24 EU 176160768 152 EU 28672000 153 NA 66605352 154 EU 176160768 155 EU 11591680 
26 CHAIN 25 NA 9216000 156 EU 48375432 157 EU 6296704 158 EU 56255160 159 NA 66605352 
27 CHAIN 26 EU 56255160 160 NA 5079504 161 EU 28672000 162 NA 24371136 163 EU 55892616 
28 CHAIN 27 NA 66605352 164 EU 11591680 165 NA 41636560 166 EU 6296704 167 EU 149164968 
29 CHAIN 28 EU 5898240 168 EU 48375432 169 EU 12288000 170 EU 56255160 171 EU 55892616 
30 CHAIN 29 EU 56255160 172 EU 54222072 173 EU 56255160 174 EU 176160768 175 EU 12288000 
31 CHAIN 30 EU 28820368 176 EU 56255160 177 EU 19660800 178 NA 41636560 179 EU 56255160 
32 CHAIN 31 NA 8044008 180 EU 19660800 181 NA 4194304 182 EU 28672000 183 NA 66605352 
33 CHAIN 32 EU 2097152 184 EU 8192000 185 EU 28672000 186 EU 34292528 187 EU 54222072 
34 CHAIN 33 EU 48375432 188 EU 149164968 189 NA 66605352 190 EU 55892616 191 EU 56255160 
35 CHAIN 34 EU 16777216 192 EU 55892616 193 NA 48067448 194 EU 149164968 195 NA 41636560 
36 CHAIN 35 EU 149164968 196 EU 176160768 197 EU 56255160 198 EU 16777216 199 EU 54222072 
37 CHAIN 36 EU 28820368 200 EU 149164968 201 EU 48375432 202 NA 9216000 203 EU 149164968 
38 CHAIN 37 NA 48067448 204 EU 176160768 205 NA 48067448 206 EU 149164968 207 EU 16777216 
39 CHAIN 38 EU 149164968 208 EU 54222072 209 EU 56255160 210 EU 28820368 211 NA 24371136 
40 CHAIN 39 EU 176160768 212 EU 149164968 213 EU 48375432 214 EU 12288000 215 EU 56255160 
41 CHAIN 40 EU 1638400 216 EU 48375432 217 NA 13480656 218 EU 56255160 219 NA 66605352 
42 CHAIN 41 EU 56255160 220 EU 55892616 221 EU 56255160 222 EU 176160768 223 EU 43927184 
43 CHAIN 42 EU 34292528 224 EU 28672000 225 EU 55892616 226 NA 9216000 227 EU 149164968 
44 CHAIN 43 NA 48067448 228 EU 176160768 229 EU 48375432 230 EU 56255160 231 EU 176160768 
45 CHAIN 44 EU 28672000 232 NA 13480656 233 EU 56255160 234 NA 66605352 235 NA 24371136 
46 CHAIN 45 EU 16777216 236 EU 56255160 237 NA 66605352 238 EU 43927184 239 EU 149164968 
47 CHAIN 46 NA 8044008 240 EU 34292528 241 NA 9216000 242 EU 28672000 243 EU 28820368 
48 CHAIN 47 EU 28672000 244 EU 43927184 245 EU 149164968 246 NA 41636560 247 NA 8388608 
49 CHAIN 48 EU 176160768 248 EU 149164968 249 NA 24371136 250 EU 43927184 251 EU 149164968 
50 CHAIN 49 EU 54222072 252 NA 41636560 253 EU 176160768 254 EU 149164968 255 EU 16777216 
51 CHAIN 50 EU 56255160 256 EU 19660800 257 EU 56255160 258 NA 24371136 259 EU 54222072 
52 CHAIN 51 NA 66605352 260 EU 149164968 261 EU 176160768 262 EU 43927184 263 EU 56255160 
53 CHAIN 52 EU 34292528 264 NA 41636560 265 EU 5898240 266 EU 149164968 267 EU 55892616 
54 CHAIN 53 EU 11591680 268 NA 13480656 269 EU 149164968 270 EU 48375432 271 NA 8044008 
55 CHAIN 54 EU 176160768 272 EU 149164968 273 EU 176160768 274 EU 48375432 275 EU 2097152 
56 CHAIN 55 EU 54222072 276 EU 16777216 277 EU 48375432 278 EU 149164968 279 NA 24371136 
