0 BRANCH 0 EU 48375432 1 EU 43927184 2 EU 56255160 3 NA 66605352 4 NA 8388608 5 EU 56255160 6 NA 66605352 7 EU 54222072 8 EU 56255160 9 NA 24371136 10 NA 9216000 11 EU 56255160 12 EU 48375432 13 EU 54222072 14 EU 149164968 15 NA 41636560 16 EU 43927184 17 EU 149164968 18 NA 24371136 19 EU 54222072 20 EU 149164968 21 EU 176160768 22 EU 34292528 23 EU 149164968 24 EU 16777216 25 NA 8388608 26 EU 56255160 27 NA 66605352 28 EU 43927184 29 EU 149164968 30 EU 28820368 31 NA 48067448 32 EU 28672000 33 NA 66605352 34 EU 34292528 35 EU 56255160 36 EU 176160768 37 EU 1638400 38 EU 149164968 39 EU 55892616 40 EU 54222072 41 EU 149164968 42 NA 41636560 43 EU 55892616 44 EU 56255160 45 EU 28820368 46 EU 43927184 47 EU 149164968 48 EU 34292528 49 NA 48067448 50 EU 2097152 51 EU 16777216 52 EU 8192000 53 EU 11591680 54 EU 34292528 55 EU 43927184 
1 CHAIN 0 EU 48375432 56 EU 11591680 57 NA 66605352 58 EU 34292528 59 EU 56255160 
2 CHAIN 1 EU 43927184 60 EU 28820368 61 EU 176160768 62 EU 56255160 63 EU 176160768 
3 CHAIN 2 EU 56255160 64 NA 5079504 65 EU 149164968 66 EU 55892616 67 NA 41636560 
4 CHAIN 3 NA 66605352 68 EU 28672000 69 EU 176160768 70 EU 54222072 71 EU 149164968 
5 CHAIN 4 NA 8388608 72 EU 176160768 73 EU 54222072 74 EU 149164968 75 EU 34292528 
6 CHAIN 5 EU 56255160 76 NA 9216000 77 EU 56255160 78 EU 55892616 79 NA 13480656 
7 CHAIN 6 NA 66605352 80 EU 149164968 81 NA 24371136 82 NA 48067448 83 EU 56255160 
8 CHAIN 7 EU 54222072 84 EU 176160768 85 NA 13480656 86 EU 149164968 87 EU 28820368 
9 CHAIN 8 EU 56255160 88 NA 5079504 89 EU 149164968 90 EU 34292528 91 NA 9216000 
10 CHAIN 9 NA 24371136 92 EU 149164968 93 EU 48375432 94 EU 2129920 95 EU 56255160 
11 CHAIN 10 NA 9216000 96 EU 55892616 97 NA 66605352 98 EU 56255160 99 NA 24371136 
12 CHAIN 11 EU 56255160 100 EU 48375432 101 EU 56255160 102 EU 16777216 103 EU 176160768 
13 CHAIN 12 EU 48375432 104 EU 56255160 105 EU 28820368 106 NA 48067448 107 EU 149164968 
14 CHAIN 13 EU 54222072 108 NA 66605352 109 EU 4096000 110 EU 149164968 111 NA 41636560 
15 CHAIN 14 EU 149164968 112 EU 28820368 113 EU 149164968 114 EU 176160768 115 EU 34292528 
16 CHAIN 15 NA 41636560 116 EU 56255160 117 EU 28820368 118 EU 6296704 119 EU 56255160 
17 CHAIN 16 EU 43927184 120 EU 16777216 121 EU 12288000 122 EU 56255160 123 EU 176160768 
18 CHAIN 17 EU 149164968 124 EU 43927184 125 EU 149164968 126 EU 28820368 127 NA 13480656 
19 CHAIN 18 NA 24371136 128 EU 149164968 129 EU 55892616 130 EU 48375432 131 EU 56255160 
20 CHAIN 19 EU 54222072 132 NA 41636560 133 NA 24371136 134 EU 28672000 135 NA 66605352 
21 CHAIN 20 EU 149164968 136 NA 48067448 137 EU 149164968 138 NA 66605352 139 EU 28820368 
22 CHAIN 21 EU 176160768 140 EU 11591680 141 NA 24371136 142 EU 16777216 143 EU 56255160 
23 CHAIN 22 EU 34292528 144 NA 66605352 145 EU 34292528 146 EU 56255160 147 EU 176160768 
24 CHAIN 23 EU 149164968 148 EU 43927184 149 EU 56255160 150 EU 55892616 151 NA 48067448 
25 CHAIN 24 EU 16777216 152 EU 11591680 153 NA 66605352 154 EU 48375432 155 EU 149164968 
26 CHAIN 25 NA 8388608 156 EU 28820368 157 NA 48067448 158 EU 56255160 159 EU 19660800 
27 CHAIN 26 EU 56255160 160 NA 48067448 161 EU 149164968 162 NA 24371136 163 NA 41636560 
28 CHAIN 27 NA 66605352 164 EU 149164968 165 EU 48375432 166 EU 54222072 167 EU 149164968 
29 CHAIN 28 EU 43927184 168 EU 28820368 169 NA 48067448 170 EU 56255160 171 EU 176160768 
30 CHAIN 29 EU 149164968 172 EU 54222072 173 EU 56255160 174 EU 48375432 175 EU 43927184 
31 CHAIN 30 EU 28820368 176 EU 56255160 177 EU 19660800 178 EU 54222072 179 EU 28672000 
32 CHAIN 31 NA 48067448 180 NA 24371136 181 NA 8388608 182 EU 56255160 183 EU 19660800 
33 CHAIN 32 EU 28672000 184 NA 48067448 185 EU 149164968 186 EU 28820368 187 EU 43927184 
34 CHAIN 33 NA 66605352 188 EU 149164968 189 EU 28820368 190 NA 8388608 191 EU 149164968 
35 CHAIN 34 EU 34292528 192 EU 55892616 193 EU 43927184 194 EU 149164968 195 EU 48375432 
36 CHAIN 35 EU 56255160 196 NA 3391304 197 EU 56255160 198 EU 176160768 199 NA 13480656 
37 CHAIN 36 EU 176160768 200 EU 28672000 201 NA 24371136 202 EU 176160768 203 EU 149164968 
38 CHAIN 37 EU 1638400 204 NA 66605352 205 EU 43927184 206 EU 149164968 207 EU 176160768 
39 CHAIN 38 EU 149164968 208 NA 48067448 209 EU 56255160 210 NA 66605352 211 NA 48067448 
40 CHAIN 39 EU 55892616 212 EU 56255160 213 EU 34292528 214 EU 54222072 215 EU 56255160 
41 CHAIN 40 EU 54222072 216 NA 66605352 217 EU 43927184 218 EU 56255160 219 EU 28820368 
42 CHAIN 41 EU 149164968 220 NA 9216000 221 EU 149164968 222 EU 55892616 223 EU 28820368 
43 CHAIN 42 NA 41636560 224 EU 56255160 225 NA 41636560 226 EU 54222072 227 EU 149164968 
44 CHAIN 43 EU 55892616 228 NA 66605352 229 EU 176160768 230 EU 56255160 231 EU 55892616 
45 CHAIN 44 EU 56255160 232 EU 819200 233 EU 28672000 234 EU 55892616 235 EU 34292528 
46 CHAIN 45 EU 28820368 236 EU 149164968 237 EU 176160768 238 EU 819200 239 EU 56255160 
47 CHAIN 46 EU 43927184 240 EU 16777216 241 NA 8388608 242 EU 56255160 243 NA 66605352 
48 CHAIN 47 EU 149164968 244 EU 54222072 245 EU 56255160 246 EU 176160768 247 NA 48067448 
49 CHAIN 48 EU 34292528 248 EU 28672000 249 EU 48375432 250 EU 176160768 251 EU 11591680 
50 CHAIN 49 NA 48067448 252 EU 34292528 253 EU 55892616 254 EU 28672000 255 NA 41636560 
51 CHAIN 50 EU 2097152 256 EU 55892616 257 EU 56255160 258 EU 55892616 259 EU 6296704 
52 CHAIN 51 EU 16777216 260 EU 56255160 261 NA 41636560 262 NA 24371136 263 EU 56255160 
53 CHAIN 52 EU 8192000 264 NA 24371136 265 EU 54222072 266 EU 28672000 267 EU 34292528 
54 CHAIN 53 EU 11591680 268 EU 176160768 269 EU 149164968 270 NA 66605352 271 EU 43927184 
55 CHAIN 54 EU 34292528 272 EU 149164968 273 EU 176160768 274 EU 34292528 275 EU 149164968 
56 CHAIN 55 EU 43927184 276 NA 66605352 277 EU 54222072 278 EU 149164968 279 NA 66605352 
