0 BRANCH 0 EU 48375432 1 EU 6296704 2 EU 149164968 3 EU 176160768 4 EU 6296704 5 EU 56255160 6 EU 55892616 7 EU 43927184 8 EU 56255160 9 EU 16777216 10 EU 43927184 11 EU 56255160 12 NA 41636560 13 EU 43927184 14 EU 56255160 15 NA 66605352 16 EU 19660800 17 EU 149164968 18 NA 66605352 19 EU 43927184 20 EU 149164968 21 EU 55892616 22 EU 54222072 23 EU 56255160 24 EU 28820368 25 EU 8192000 26 EU 56255160 27 EU 34292528 28 NA 13480656 29 EU 28672000 30 EU 176160768 31 NA 5079504 32 EU 56255160 33 EU 176160768 34 EU 8192000 35 EU 149164968 36 EU 19660800 37 EU 48375432 38 EU 56255160 39 NA 66605352 40 EU 12288000 41 EU 149164968 42 EU 34292528 43 NA 48067448 44 EU 56255160 45 EU 176160768 46 EU 43927184 47 EU 56255160 48 EU 48375432 49 EU 54222072 50 EU 28672000 51 EU 176160768 52 NA 48067448 53 EU 56255160 54 NA 66605352 55 EU 12288000 
1 CHAIN 0 EU 48375432 56 EU 149164968 57 EU 28820368 58 EU 43927184 59 EU 28672000 
2 CHAIN 1 EU 6296704 60 NA 66605352 61 EU 48375432 62 EU 28672000 63 EU 176160768 
3 CHAIN 2 EU 149164968 64 EU 34292528 65 EU 149164968 66 EU 48375432 67 EU 43927184 
4 CHAIN 3 EU 176160768 68 EU 149164968 69 EU 28820368 70 NA 66605352 71 EU 28672000 
5 CHAIN 4 EU 6296704 72 NA 41636560 73 NA 9216000 74 EU 28672000 75 NA 41636560 
6 CHAIN 5 EU 56255160 76 EU 43927184 77 EU 149164968 78 EU 34292528 79 EU 43927184 
7 CHAIN 6 EU 55892616 80 EU 28672000 81 NA 24371136 82 NA 48067448 83 EU 149164968 
8 CHAIN 7 EU 43927184 84 EU 28820368 85 NA 48067448 86 EU 149164968 87 NA 24371136 
9 CHAIN 8 EU 56255160 88 EU 48375432 89 EU 56255160 90 EU 48375432 91 EU 2129920 
10 CHAIN 9 EU 16777216 92 EU 28672000 93 EU 34292528 94 EU 43927184 95 EU 149164968 
11 CHAIN 10 EU 43927184 96 NA 66605352 97 EU 43927184 98 EU 149164968 99 EU 34292528 
12 CHAIN 11 EU 56255160 100 EU 43927184 101 EU 2097152 102 NA 24371136 103 EU 1064960 
13 CHAIN 12 NA 41636560 104 EU 28672000 105 EU 55892616 106 NA 8388608 107 EU 149164968 
14 CHAIN 13 EU 43927184 108 EU 19660800 109 NA 48067448 110 EU 149164968 111 EU 55892616 
15 CHAIN 14 EU 56255160 112 NA 48067448 113 EU 28672000 114 EU 55892616 115 EU 3178584 
16 CHAIN 15 NA 66605352 116 EU 56255160 117 EU 28820368 118 EU 2129920 119 EU 28672000 
17 CHAIN 16 EU 19660800 120 EU 34292528 121 NA 66605352 122 EU 56255160 123 EU 48375432 
18 CHAIN 17 EU 149164968 124 NA 48067448 125 EU 149164968 126 EU 176160768 127 NA 66605352 
19 CHAIN 18 NA 66605352 128 EU 56255160 129 EU 176160768 130 EU 54222072 131 EU 28672000 
20 CHAIN 19 EU 43927184 132 EU 176160768 133 EU 43927184 134 EU 149164968 135 EU 48375432 
21 CHAIN 20 EU 149164968 136 EU 28820368 137 EU 56255160 138 NA 66605352 139 EU 4096000 
22 CHAIN 21 EU 55892616 140 EU 149164968 141 NA 24371136 142 NA 8388608 143 EU 56255160 
23 CHAIN 22 EU 54222072 144 EU 28820368 145 NA 48067448 146 EU 11591680 147 EU 16777216 
24 CHAIN 23 EU 56255160 148 EU 43927184 149 EU 149164968 150 NA 41636560 151 EU 12288000 
25 CHAIN 24 EU 28820368 152 EU 149164968 153 NA 41636560 154 NA 13480656 155 EU 11591680 
26 CHAIN 25 EU 8192000 156 EU 55892616 157 NA 66605352 158 EU 149164968 159 NA 41636560 
27 CHAIN 26 EU 56255160 160 EU 43927184 161 EU 149164968 162 EU 48375432 163 NA 66605352 
28 CHAIN 27 EU 34292528 164 EU 11591680 165 NA 66605352 166 NA 48067448 167 EU 56255160 
29 CHAIN 28 NA 13480656 168 EU 176160768 169 NA 3391304 170 EU 56255160 171 EU 48375432 
30 CHAIN 29 EU 28672000 172 NA 13480656 173 EU 56255160 174 EU 16777216 175 NA 48067448 
31 CHAIN 30 EU 176160768 176 EU 56255160 177 NA 24371136 178 EU 176160768 179 EU 149164968 
32 CHAIN 31 NA 5079504 180 EU 55892616 181 EU 43927184 182 EU 2097152 183 EU 28820368 
33 CHAIN 32 EU 56255160 184 NA 66605352 185 EU 56255160 186 NA 41636560 187 NA 66605352 
34 CHAIN 33 EU 176160768 188 EU 11591680 189 EU 55892616 190 EU 34292528 191 EU 149164968 
35 CHAIN 34 EU 8192000 192 NA 41636560 193 EU 176160768 194 EU 56255160 195 EU 48375432 
36 CHAIN 35 EU 149164968 196 EU 54222072 197 EU 149164968 198 EU 19660800 199 EU 54222072 
37 CHAIN 36 EU 19660800 200 EU 56255160 201 NA 66605352 202 EU 54222072 203 EU 149164968 
38 CHAIN 37 EU 48375432 204 EU 34292528 205 NA 41636560 206 EU 149164968 207 EU 55892616 
39 CHAIN 38 EU 56255160 208 NA 8044008 209 EU 149164968 210 NA 66605352 211 EU 43927184 
40 CHAIN 39 NA 66605352 212 EU 149164968 213 EU 55892616 214 EU 43927184 215 EU 56255160 
41 CHAIN 40 EU 12288000 216 EU 28820368 217 EU 2457600 218 EU 149164968 219 NA 66605352 
42 CHAIN 41 EU 149164968 220 EU 54222072 221 EU 149164968 222 EU 19660800 223 EU 43927184 
43 CHAIN 42 EU 34292528 224 EU 28672000 225 EU 48375432 226 EU 6296704 227 EU 28672000 
44 CHAIN 43 NA 48067448 228 EU 176160768 229 EU 2457600 230 EU 149164968 231 EU 34292528 
45 CHAIN 44 EU 56255160 232 EU 176160768 233 EU 2097152 234 EU 28820368 235 EU 8192000 
46 CHAIN 45 EU 176160768 236 EU 56255160 237 EU 34292528 238 EU 54222072 239 EU 149164968 
47 CHAIN 46 EU 43927184 240 NA 41636560 241 NA 5079504 242 EU 11591680 243 EU 176160768 
48 CHAIN 47 EU 56255160 244 NA 48067448 245 EU 28672000 246 EU 28820368 247 EU 48375432 
49 CHAIN 48 EU 48375432 248 EU 149164968 249 NA 24371136 250 EU 43927184 251 EU 149164968 
50 CHAIN 49 EU 54222072 252 EU 34292528 253 EU 12288000 254 EU 149164968 255 NA 41636560 
51 CHAIN 50 EU 28672000 256 EU 12288000 257 EU 149164968 258 EU 28820368 259 EU 176160768 
52 CHAIN 51 EU 176160768 260 EU 28672000 261 NA 66605352 262 EU 48375432 263 EU 28672000 
53 CHAIN 52 NA 48067448 264 EU 16777216 265 EU 43927184 266 EU 56255160 267 NA 66605352 
54 CHAIN 53 EU 56255160 268 EU 6296704 269 EU 56255160 270 NA 41636560 271 EU 55892616 
55 CHAIN 54 NA 66605352 272 EU 56255160 273 NA 24371136 274 EU 2048000 275 EU 56255160 
56 CHAIN 55 EU 12288000 276 NA 24371136 277 EU 34292528 278 EU 56255160 279 NA 41636560 
