0 BRANCH 0 NA 24371136 1 NA 48067448 2 EU 56255160 3 EU 34292528 4 NA 5079504 5 EU 149164968 6 EU 48375432 7 EU 43927184 8 EU 56255160 9 NA 66605352 10 EU 12288000 11 EU 149164968 12 EU 16777216 13 EU 34292528 14 EU 11591680 15 EU 19660800 16 EU 43927184 17 EU 149164968 18 EU 176160768 19 EU 43927184 20 EU 149164968 21 NA 41636560 22 EU 43927184 23 EU 149164968 24 EU 176160768 25 EU 1638400 26 EU 149164968 27 EU 19660800 28 EU 2457600 29 EU 56255160 30 EU 55892616 31 NA 8044008 32 EU 56255160 33 EU 55892616 34 NA 48067448 35 EU 149164968 36 NA 41636560 37 EU 43927184 38 EU 56255160 39 EU 176160768 40 NA 13480656 41 EU 149164968 42 EU 176160768 43 NA 48067448 44 EU 56255160 45 EU 34292528 46 NA 66605352 47 EU 56255160 48 NA 41636560 49 EU 54222072 50 EU 149164968 51 EU 34292528 52 NA 48067448 53 EU 149164968 54 EU 34292528 55 NA 48067448 
1 CHAIN 0 NA 24371136 56 EU 56255160 57 EU 55892616 58 NA 41636560 59 EU 28672000 
2 CHAIN 1 NA 48067448 60 EU 34292528 61 NA 48067448 62 EU 28672000 63 EU 34292528 
3 CHAIN 2 EU 56255160 64 NA 13480656 65 EU 56255160 66 NA 66605352 67 EU 55892616 
4 CHAIN 3 EU 34292528 68 EU 149164968 69 EU 176160768 70 EU 12288000 71 EU 56255160 
5 CHAIN 4 NA 5079504 72 EU 48375432 73 EU 54222072 74 EU 56255160 75 EU 176160768 
6 CHAIN 5 EU 149164968 76 EU 12288000 77 EU 149164968 78 NA 41636560 79 NA 48067448 
7 CHAIN 6 EU 48375432 80 EU 56255160 81 NA 66605352 82 EU 54222072 83 EU 11591680 
8 CHAIN 7 EU 43927184 84 NA 66605352 85 EU 176160768 86 EU 56255160 87 EU 176160768 
9 CHAIN 8 EU 56255160 88 EU 8192000 89 EU 56255160 90 EU 48375432 91 NA 9216000 
10 CHAIN 9 NA 66605352 92 EU 149164968 93 EU 176160768 94 NA 24371136 95 EU 149164968 
11 CHAIN 10 EU 12288000 96 EU 176160768 97 NA 66605352 98 EU 149164968 99 EU 48375432 
12 CHAIN 11 EU 149164968 100 EU 19660800 101 EU 149164968 102 NA 66605352 103 NA 5079504 
13 CHAIN 12 EU 16777216 104 EU 56255160 105 EU 48375432 106 EU 43927184 107 EU 149164968 
14 CHAIN 13 EU 34292528 108 EU 48375432 109 NA 8388608 110 EU 28672000 111 EU 34292528 
15 CHAIN 14 EU 11591680 112 NA 48067448 113 EU 56255160 114 NA 24371136 115 EU 43927184 
16 CHAIN 15 EU 19660800 116 EU 149164968 117 EU 16777216 118 EU 43927184 119 EU 149164968 
17 CHAIN 16 EU 43927184 120 EU 176160768 121 NA 48067448 122 EU 149164968 123 EU 48375432 
18 CHAIN 17 EU 149164968 124 EU 43927184 125 EU 28672000 126 EU 48375432 127 EU 54222072 
19 CHAIN 18 EU 176160768 128 EU 149164968 129 EU 55892616 130 NA 9216000 131 EU 149164968 
20 CHAIN 19 EU 43927184 132 NA 66605352 133 NA 13480656 134 EU 56255160 135 EU 34292528 
21 CHAIN 20 EU 149164968 136 NA 48067448 137 EU 56255160 138 NA 24371136 139 EU 54222072 
22 CHAIN 21 NA 41636560 140 EU 149164968 141 EU 55892616 142 EU 34292528 143 EU 56255160 
23 CHAIN 22 EU 43927184 144 EU 176160768 145 NA 1605632 146 EU 28672000 147 EU 48375432 
24 CHAIN 23 EU 149164968 148 NA 8044008 149 EU 56255160 150 NA 41636560 151 EU 43927184 
25 CHAIN 24 EU 176160768 152 EU 149164968 153 NA 66605352 154 NA 41636560 155 EU 149164968 
26 CHAIN 25 EU 1638400 156 EU 34292528 157 EU 54222072 158 EU 149164968 159 EU 55892616 
27 CHAIN 26 EU 149164968 160 NA 9216000 161 EU 11591680 162 EU 34292528 163 NA 48067448 
28 CHAIN 27 EU 19660800 164 EU 56255160 165 NA 66605352 166 EU 176160768 167 EU 28672000 
29 CHAIN 28 EU 2457600 168 EU 55892616 169 EU 16777216 170 EU 149164968 171 EU 55892616 
30 CHAIN 29 EU 56255160 172 EU 6296704 173 EU 56255160 174 EU 55892616 175 NA 8388608 
31 CHAIN 30 EU 55892616 176 EU 149164968 177 EU 176160768 178 NA 8388608 179 EU 28672000 
32 CHAIN 31 NA 8044008 180 EU 48375432 181 EU 16777216 182 EU 56255160 183 EU 19660800 
33 CHAIN 32 EU 56255160 184 EU 16777216 185 EU 56255160 186 EU 176160768 187 EU 48375432 
34 CHAIN 33 EU 55892616 188 EU 56255160 189 EU 48375432 190 EU 3178584 191 EU 149164968 
35 CHAIN 34 NA 48067448 192 EU 28820368 193 NA 48067448 194 EU 56255160 195 NA 41636560 
36 CHAIN 35 EU 149164968 196 EU 48375432 197 EU 56255160 198 EU 34292528 199 NA 8388608 
37 CHAIN 36 NA 41636560 200 EU 56255160 201 EU 19660800 202 EU 5898240 203 EU 56255160 
38 CHAIN 37 EU 43927184 204 EU 176160768 205 NA 48067448 206 EU 149164968 207 EU 48375432 
39 CHAIN 38 EU 56255160 208 NA 1605632 209 EU 149164968 210 NA 41636560 211 EU 176160768 
40 CHAIN 39 EU 176160768 212 EU 56255160 213 EU 19660800 214 EU 28820368 215 EU 56255160 
41 CHAIN 40 NA 13480656 216 EU 28820368 217 EU 43927184 218 EU 56255160 219 EU 48375432 
42 CHAIN 41 EU 149164968 220 EU 43927184 221 EU 149164968 222 NA 41636560 223 NA 13480656 
43 CHAIN 42 EU 176160768 224 EU 28672000 225 NA 41636560 226 EU 43927184 227 EU 149164968 
44 CHAIN 43 NA 48067448 228 NA 66605352 229 EU 176160768 230 EU 149164968 231 EU 48375432 
45 CHAIN 44 EU 56255160 232 EU 43927184 233 EU 56255160 234 EU 48375432 235 NA 48067448 
46 CHAIN 45 EU 34292528 236 EU 2097152 237 EU 16777216 238 NA 9216000 239 EU 28672000 
47 CHAIN 46 NA 66605352 240 EU 176160768 241 EU 16777216 242 EU 56255160 243 EU 55892616 
48 CHAIN 47 EU 56255160 244 NA 9216000 245 EU 149164968 246 EU 48375432 247 NA 48067448 
49 CHAIN 48 NA 41636560 248 EU 149164968 249 EU 55892616 250 EU 28820368 251 EU 56255160 
50 CHAIN 49 EU 54222072 252 EU 55892616 253 EU 43927184 254 EU 56255160 255 EU 48375432 
51 CHAIN 50 EU 149164968 256 EU 176160768 257 EU 11591680 258 NA 66605352 259 EU 48375432 
52 CHAIN 51 EU 34292528 260 EU 28672000 261 NA 41636560 262 NA 66605352 263 EU 149164968 
53 CHAIN 52 NA 48067448 264 EU 34292528 265 NA 13480656 266 EU 149164968 267 NA 66605352 
54 CHAIN 53 EU 149164968 268 NA 8388608 269 EU 56255160 270 NA 41636560 271 NA 66605352 
55 CHAIN 54 EU 34292528 272 EU 149164968 273 EU 55892616 274 NA 24371136 275 EU 149164968 
56 CHAIN 55 NA 48067448 276 EU 34292528 277 EU 176160768 278 EU 149164968 279 NA 66605352 
