0 BRANCH 0 EU 55892616 1 NA 3391304 2 NA 819200 3 NA 24371136 4 NA 48067448 5 EU 56255160 6 NA 66605352 7 EU 43927184 8 EU 56255160 9 EU 28820368 10 NA 48067448 11 EU 149164968 12 NA 41636560 13 NA 13480656 14 EU 149164968 15 NA 41636560 16 NA 8388608 17 EU 28672000 18 EU 55892616 19 EU 43927184 20 EU 149164968 21 EU 48375432 22 EU 54222072 23 EU 28672000 24 EU 16777216 25 EU 12288000 26 EU 28672000 27 EU 48375432 28 NA 66605352 29 EU 56255160 30 EU 176160768 31 EU 3178584 32 EU 149164968 33 EU 34292528 34 NA 66605352 35 EU 56255160 36 NA 41636560 37 NA 8388608 38 EU 149164968 39 EU 176160768 40 NA 66605352 41 EU 28672000 42 EU 55892616 43 NA 13480656 44 EU 149164968 45 EU 176160768 46 NA 48067448 47 EU 56255160 48 EU 176160768 49 EU 3178584 50 EU 149164968 51 EU 176160768 52 NA 48067448 53 EU 149164968 54 EU 34292528 55 EU 19660800 
1 CHAIN 0 EU 55892616 56 EU 149164968 57 EU 34292528 58 EU 12288000 59 EU 149164968 
2 CHAIN 1 NA 3391304 60 EU 48375432 61 NA 24371136 62 EU 149164968 63 EU 176160768 
3 CHAIN 2 NA 819200 64 EU 48375432 65 EU 56255160 66 EU 16777216 67 NA 48067448 
4 CHAIN 3 NA 24371136 68 EU 56255160 69 NA 24371136 70 EU 54222072 71 EU 149164968 
5 CHAIN 4 NA 48067448 72 NA 41636560 73 EU 48375432 74 EU 149164968 75 NA 41636560 
6 CHAIN 5 EU 56255160 76 EU 34292528 77 EU 149164968 78 EU 16777216 79 EU 2457600 
7 CHAIN 6 NA 66605352 80 EU 149164968 81 EU 34292528 82 NA 48067448 83 EU 28672000 
8 CHAIN 7 EU 43927184 84 NA 66605352 85 EU 6296704 86 EU 149164968 87 NA 66605352 
9 CHAIN 8 EU 56255160 88 EU 176160768 89 EU 56255160 90 EU 19660800 91 EU 176160768 
10 CHAIN 9 EU 28820368 92 EU 149164968 93 EU 176160768 94 EU 19660800 95 EU 56255160 
11 CHAIN 10 NA 48067448 96 EU 176160768 97 EU 54222072 98 EU 56255160 99 EU 16777216 
12 CHAIN 11 EU 149164968 100 EU 4096000 101 EU 149164968 102 EU 55892616 103 EU 54222072 
13 CHAIN 12 NA 41636560 104 EU 149164968 105 NA 66605352 106 EU 2129920 107 EU 28672000 
14 CHAIN 13 NA 13480656 108 EU 48375432 109 EU 2048000 110 EU 11591680 111 EU 176160768 
15 CHAIN 14 EU 149164968 112 NA 66605352 113 EU 149164968 114 EU 34292528 115 NA 4194304 
16 CHAIN 15 NA 41636560 116 EU 11591680 117 EU 16777216 118 EU 54222072 119 EU 11591680 
17 CHAIN 16 NA 8388608 120 NA 41636560 121 EU 54222072 122 EU 149164968 123 EU 34292528 
18 CHAIN 17 EU 28672000 124 EU 8192000 125 EU 149164968 126 EU 34292528 127 NA 48067448 
19 CHAIN 18 EU 55892616 128 EU 149164968 129 EU 16777216 130 NA 8388608 131 EU 28672000 
20 CHAIN 19 EU 43927184 132 EU 48375432 133 NA 13480656 134 EU 28672000 135 EU 16777216 
21 CHAIN 20 EU 149164968 136 EU 4096000 137 EU 56255160 138 EU 176160768 139 EU 43927184 
22 CHAIN 21 EU 48375432 140 EU 149164968 141 EU 34292528 142 NA 3391304 143 EU 149164968 
23 CHAIN 22 EU 54222072 144 EU 176160768 145 EU 48375432 146 EU 149164968 147 NA 41636560 
24 CHAIN 23 EU 28672000 148 EU 2129920 149 EU 149164968 150 EU 48375432 151 EU 43927184 
25 CHAIN 24 EU 16777216 152 EU 28672000 153 EU 48375432 154 EU 54222072 155 EU 149164968 
26 CHAIN 25 EU 12288000 156 EU 55892616 157 EU 28820368 158 EU 149164968 159 EU 19660800 
27 CHAIN 26 EU 28672000 160 EU 8192000 161 EU 56255160 162 NA 66605352 163 NA 48067448 
28 CHAIN 27 EU 48375432 164 EU 56255160 165 EU 28820368 166 EU 54222072 167 EU 149164968 
29 CHAIN 28 NA 66605352 168 NA 66605352 169 NA 48067448 170 EU 56255160 171 EU 55892616 
30 CHAIN 29 EU 56255160 172 NA 8388608 173 EU 28672000 174 NA 24371136 175 EU 54222072 
31 CHAIN 30 EU 176160768 176 EU 56255160 177 NA 24371136 178 NA 41636560 179 EU 56255160 
32 CHAIN 31 EU 3178584 180 EU 34292528 181 EU 12288000 182 EU 56255160 183 NA 41636560 
33 CHAIN 32 EU 149164968 184 NA 9216000 185 EU 149164968 186 EU 176160768 187 EU 8192000 
34 CHAIN 33 EU 34292528 188 EU 149164968 189 EU 55892616 190 EU 4096000 191 EU 149164968 
35 CHAIN 34 NA 66605352 192 EU 55892616 193 EU 4096000 194 EU 149164968 195 EU 28820368 
36 CHAIN 35 EU 56255160 196 EU 43927184 197 EU 56255160 198 EU 48375432 199 NA 48067448 
37 CHAIN 36 NA 41636560 200 EU 149164968 201 EU 19660800 202 NA 48067448 203 EU 28672000 
38 CHAIN 37 NA 8388608 204 EU 34292528 205 EU 43927184 206 EU 56255160 207 EU 176160768 
39 CHAIN 38 EU 149164968 208 EU 54222072 209 EU 56255160 210 EU 34292528 211 NA 9216000 
40 CHAIN 39 EU 176160768 212 EU 149164968 213 NA 66605352 214 NA 48067448 215 EU 149164968 
41 CHAIN 40 NA 66605352 216 EU 16777216 217 NA 9216000 218 EU 149164968 219 NA 24371136 
42 CHAIN 41 EU 28672000 220 NA 5079504 221 EU 11591680 222 EU 176160768 223 EU 34292528 
43 CHAIN 42 EU 55892616 224 EU 149164968 225 NA 66605352 226 EU 176160768 227 EU 149164968 
44 CHAIN 43 NA 13480656 228 NA 41636560 229 EU 54222072 230 EU 149164968 231 EU 176160768 
45 CHAIN 44 EU 149164968 232 NA 13480656 233 EU 56255160 234 NA 66605352 235 NA 48067448 
46 CHAIN 45 EU 176160768 236 EU 149164968 237 EU 28820368 238 EU 176160768 239 EU 56255160 
47 CHAIN 46 NA 48067448 240 NA 24371136 241 NA 4194304 242 EU 56255160 243 NA 24371136 
48 CHAIN 47 EU 56255160 244 EU 43927184 245 EU 149164968 246 EU 28820368 247 NA 48067448 
49 CHAIN 48 EU 176160768 248 EU 11591680 249 EU 55892616 250 EU 16777216 251 EU 149164968 
50 CHAIN 49 EU 3178584 252 EU 55892616 253 EU 54222072 254 EU 56255160 255 EU 16777216 
51 CHAIN 50 EU 149164968 256 EU 176160768 257 EU 56255160 258 EU 55892616 259 EU 34292528 
52 CHAIN 51 EU 176160768 260 EU 149164968 261 EU 176160768 262 EU 6296704 263 EU 56255160 
53 CHAIN 52 NA 48067448 264 NA 66605352 265 EU 43927184 266 EU 56255160 267 EU 19660800 
54 CHAIN 53 EU 149164968 268 NA 48067448 269 EU 149164968 270 NA 66605352 271 EU 1064960 
55 CHAIN 54 EU 34292528 272 EU 149164968 273 EU 28820368 274 EU 5898240 275 EU 149164968 
56 CHAIN 55 EU 19660800 276 EU 34292528 277 NA 13480656 278 EU 149164968 279 NA 24371136 
