0 BRANCH 0 EU 176160768 1 EU 54222072 2 EU 149164968 3 NA 41636560 4 EU 54222072 5 EU 11591680 6 EU 34292528 7 NA 24371136 8 EU 56255160 9 EU 19660800 10 EU 12288000 11 EU 149164968 12 NA 66605352 13 NA 5079504 14 EU 56255160 15 EU 28820368 16 NA 8388608 17 EU 149164968 18 NA 41636560 19 EU 54222072 20 EU 28672000 21 EU 48375432 22 NA 8044008 23 EU 56255160 24 NA 41636560 25 EU 43927184 26 EU 11591680 27 EU 48375432 28 EU 54222072 29 EU 56255160 30 EU 48375432 31 EU 54222072 32 EU 56255160 33 EU 48375432 34 EU 176160768 35 EU 149164968 36 NA 41636560 37 EU 3178584 38 EU 56255160 39 NA 41636560 40 NA 8388608 41 EU 2097152 42 EU 19660800 43 EU 48375432 44 EU 56255160 45 NA 66605352 46 EU 4096000 47 EU 149164968 48 EU 34292528 49 EU 176160768 50 EU 11591680 51 EU 34292528 52 EU 48375432 53 EU 28672000 54 NA 66605352 55 EU 54222072 
1 CHAIN 0 EU 176160768 56 EU 149164968 57 EU 55892616 58 EU 43927184 59 EU 28672000 
2 CHAIN 1 EU 54222072 60 NA 66605352 61 NA 48067448 62 EU 149164968 63 EU 176160768 
3 CHAIN 2 EU 149164968 64 NA 48067448 65 EU 149164968 66 EU 48375432 67 EU 43927184 
4 CHAIN 3 NA 41636560 68 EU 56255160 69 EU 16777216 70 EU 43927184 71 EU 149164968 
5 CHAIN 4 EU 54222072 72 EU 19660800 73 EU 28820368 74 EU 56255160 75 NA 24371136 
6 CHAIN 5 EU 11591680 76 EU 12288000 77 EU 56255160 78 EU 55892616 79 NA 41636560 
7 CHAIN 6 EU 34292528 80 EU 28672000 81 EU 48375432 82 EU 176160768 83 EU 149164968 
8 CHAIN 7 NA 24371136 84 EU 16777216 85 EU 48375432 86 EU 149164968 87 EU 48375432 
9 CHAIN 8 EU 56255160 88 NA 8388608 89 EU 56255160 90 EU 48375432 91 EU 55892616 
10 CHAIN 9 EU 19660800 92 EU 149164968 93 NA 66605352 94 EU 2129920 95 EU 149164968 
11 CHAIN 10 EU 12288000 96 EU 48375432 97 EU 176160768 98 EU 56255160 99 EU 48375432 
12 CHAIN 11 EU 149164968 100 NA 48067448 101 EU 149164968 102 EU 48375432 103 EU 43927184 
13 CHAIN 12 NA 66605352 104 EU 149164968 105 EU 28820368 106 EU 2129920 107 EU 56255160 
14 CHAIN 13 NA 5079504 108 EU 55892616 109 EU 43927184 110 EU 56255160 111 NA 66605352 
15 CHAIN 14 EU 56255160 112 EU 176160768 113 EU 149164968 114 EU 19660800 115 NA 48067448 
16 CHAIN 15 EU 28820368 116 EU 149164968 117 EU 176160768 118 EU 2048000 119 EU 149164968 
17 CHAIN 16 NA 8388608 120 NA 41636560 121 EU 176160768 122 EU 149164968 123 EU 48375432 
18 CHAIN 17 EU 149164968 124 EU 43927184 125 EU 56255160 126 NA 66605352 127 EU 34292528 
19 CHAIN 18 NA 41636560 128 EU 11591680 129 NA 66605352 130 NA 41636560 131 EU 11591680 
20 CHAIN 19 EU 54222072 132 EU 34292528 133 NA 66605352 134 EU 149164968 135 NA 66605352 
21 CHAIN 20 EU 28672000 136 NA 48067448 137 EU 28672000 138 EU 55892616 139 EU 54222072 
22 CHAIN 21 EU 48375432 140 EU 28672000 141 NA 41636560 142 NA 24371136 143 EU 28672000 
23 CHAIN 22 NA 8044008 144 EU 19660800 145 EU 48375432 146 EU 56255160 147 NA 66605352 
24 CHAIN 23 EU 56255160 148 EU 2129920 149 EU 56255160 150 EU 34292528 151 EU 43927184 
25 CHAIN 24 NA 41636560 152 EU 11591680 153 EU 176160768 154 EU 1638400 155 EU 149164968 
26 CHAIN 25 EU 43927184 156 NA 41636560 157 EU 43927184 158 EU 149164968 159 NA 66605352 
27 CHAIN 26 EU 11591680 160 NA 48067448 161 EU 149164968 162 NA 66605352 163 EU 16777216 
28 CHAIN 27 EU 48375432 164 EU 28672000 165 NA 41636560 166 EU 55892616 167 EU 149164968 
29 CHAIN 28 EU 54222072 168 NA 66605352 169 EU 48375432 170 EU 149164968 171 EU 16777216 
30 CHAIN 29 EU 56255160 172 NA 41636560 173 EU 149164968 174 EU 176160768 175 EU 8192000 
31 CHAIN 30 EU 48375432 176 EU 149164968 177 EU 176160768 178 EU 54222072 179 EU 149164968 
32 CHAIN 31 EU 54222072 180 EU 19660800 181 EU 16777216 182 EU 56255160 183 EU 34292528 
33 CHAIN 32 EU 56255160 184 EU 176160768 185 EU 11591680 186 EU 176160768 187 EU 28820368 
34 CHAIN 33 EU 48375432 188 EU 149164968 189 NA 66605352 190 NA 48067448 191 EU 56255160 
35 CHAIN 34 EU 176160768 192 NA 41636560 193 EU 12288000 194 EU 56255160 195 EU 34292528 
36 CHAIN 35 EU 149164968 196 NA 48067448 197 EU 56255160 198 EU 34292528 199 EU 55892616 
37 CHAIN 36 NA 41636560 200 EU 149164968 201 NA 66605352 202 EU 12288000 203 EU 28672000 
38 CHAIN 37 EU 3178584 204 EU 34292528 205 NA 24371136 206 EU 149164968 207 EU 176160768 
39 CHAIN 38 EU 56255160 208 EU 34292528 209 EU 149164968 210 EU 28820368 211 NA 24371136 
40 CHAIN 39 NA 41636560 212 EU 149164968 213 NA 41636560 214 EU 6296704 215 EU 149164968 
41 CHAIN 40 NA 8388608 216 NA 24371136 217 NA 9216000 218 EU 56255160 219 NA 24371136 
42 CHAIN 41 EU 2097152 220 EU 54222072 221 EU 149164968 222 NA 66605352 223 EU 1024000 
43 CHAIN 42 EU 19660800 224 EU 149164968 225 EU 34292528 226 EU 55892616 227 EU 11591680 
44 CHAIN 43 EU 48375432 228 EU 28820368 229 EU 43927184 230 EU 149164968 231 EU 55892616 
45 CHAIN 44 EU 56255160 232 EU 48375432 233 EU 56255160 234 EU 55892616 235 NA 48067448 
46 CHAIN 45 NA 66605352 236 EU 28672000 237 EU 48375432 238 EU 34292528 239 EU 149164968 
47 CHAIN 46 EU 4096000 240 NA 66605352 241 NA 24371136 242 EU 28672000 243 EU 48375432 
48 CHAIN 47 EU 149164968 244 NA 66605352 245 EU 56255160 246 NA 24371136 247 EU 4096000 
49 CHAIN 48 EU 34292528 248 EU 28672000 249 EU 55892616 250 EU 43927184 251 EU 56255160 
50 CHAIN 49 EU 176160768 252 EU 28820368 253 EU 48375432 254 EU 149164968 255 EU 48375432 
51 CHAIN 50 EU 11591680 256 EU 55892616 257 EU 28672000 258 EU 48375432 259 EU 4096000 
52 CHAIN 51 EU 34292528 260 EU 149164968 261 EU 48375432 262 NA 48067448 263 EU 56255160 
53 CHAIN 52 EU 48375432 264 EU 28820368 265 EU 43927184 266 EU 149164968 267 NA 41636560 
54 CHAIN 53 EU 28672000 268 NA 48067448 269 EU 149164968 270 EU 16777216 271 EU 12288000 
55 CHAIN 54 NA 66605352 272 EU 11591680 273 EU 176160768 274 EU 6296704 275 EU 149164968 
56 CHAIN 55 EU 54222072 276 NA 66605352 277 NA 13480656 278 EU 149164968 279 EU 55892616 
