0 BRANCH 0 NA 41636560 1 EU 43927184 2 EU 149164968 3 EU 48375432 4 NA 13480656 5 EU 28672000 6 NA 41636560 7 EU 8192000 8 EU 28672000 9 NA 66605352 10 NA 48067448 11 EU 149164968 12 EU 28820368 13 EU 5898240 14 EU 149164968 15 NA 66605352 16 EU 54222072 17 EU 56255160 18 NA 66605352 19 EU 19660800 20 EU 149164968 21 NA 41636560 22 EU 8192000 23 EU 28672000 24 NA 41636560 25 EU 3178584 26 EU 56255160 27 NA 66605352 28 EU 54222072 29 EU 149164968 30 EU 48375432 31 NA 9216000 32 EU 149164968 33 NA 41636560 34 EU 34292528 35 EU 149164968 36 NA 41636560 37 EU 43927184 38 EU 56255160 39 NA 24371136 40 EU 176160768 41 EU 149164968 42 EU 34292528 43 NA 48067448 44 EU 56255160 45 NA 66605352 46 EU 48375432 47 EU 28672000 48 EU 176160768 49 EU 28820368 50 EU 149164968 51 EU 16777216 52 NA 48067448 53 EU 28672000 54 EU 28820368 55 EU 54222072 
1 CHAIN 0 NA 41636560 56 EU 56255160 57 EU 176160768 58 NA 8388608 59 EU 56255160 
2 CHAIN 1 EU 43927184 60 EU 28820368 61 NA 41636560 62 EU 149164968 63 EU 48375432 
3 CHAIN 2 EU 149164968 64 EU 54222072 65 EU 149164968 66 EU 48375432 67 NA 8388608 
4 CHAIN 3 EU 48375432 68 EU 28672000 69 EU 28820368 70 EU 43927184 71 EU 56255160 
5 CHAIN 4 NA 13480656 72 EU 34292528 73 NA 66605352 74 EU 149164968 75 EU 19660800 
6 CHAIN 5 EU 28672000 76 NA 8388608 77 EU 56255160 78 EU 55892616 79 NA 8388608 
7 CHAIN 6 NA 41636560 80 EU 28672000 81 NA 41636560 82 EU 54222072 83 EU 149164968 
8 CHAIN 7 EU 8192000 84 EU 55892616 85 EU 12288000 86 EU 149164968 87 EU 28820368 
9 CHAIN 8 EU 28672000 88 EU 4096000 89 EU 149164968 90 EU 48375432 91 NA 9216000 
10 CHAIN 9 NA 66605352 92 EU 28672000 93 EU 19660800 94 EU 176160768 95 EU 56255160 
11 CHAIN 10 NA 48067448 96 EU 34292528 97 NA 41636560 98 EU 149164968 99 EU 34292528 
12 CHAIN 11 EU 149164968 100 EU 54222072 101 EU 56255160 102 EU 48375432 103 NA 9216000 
13 CHAIN 12 EU 28820368 104 EU 56255160 105 NA 66605352 106 NA 48067448 107 EU 149164968 
14 CHAIN 13 EU 5898240 108 EU 176160768 109 EU 2129920 110 EU 149164968 111 EU 55892616 
15 CHAIN 14 EU 149164968 112 EU 54222072 113 EU 56255160 114 EU 19660800 115 EU 55892616 
16 CHAIN 15 NA 66605352 116 EU 149164968 117 EU 28820368 118 EU 12288000 119 EU 149164968 
17 CHAIN 16 EU 54222072 120 NA 66605352 121 NA 9216000 122 EU 56255160 123 EU 55892616 
18 CHAIN 17 EU 56255160 124 EU 48375432 125 EU 56255160 126 EU 48375432 127 EU 43927184 
19 CHAIN 18 NA 66605352 128 EU 56255160 129 NA 24371136 130 NA 48067448 131 EU 149164968 
20 CHAIN 19 EU 19660800 132 NA 66605352 133 EU 8192000 134 EU 56255160 135 NA 41636560 
21 CHAIN 20 EU 149164968 136 EU 5898240 137 EU 149164968 138 EU 28820368 139 EU 5898240 
22 CHAIN 21 NA 41636560 140 EU 28672000 141 EU 55892616 142 NA 8388608 143 EU 28672000 
23 CHAIN 22 EU 8192000 144 NA 24371136 145 EU 54222072 146 EU 149164968 147 EU 176160768 
24 CHAIN 23 EU 28672000 148 EU 43927184 149 EU 149164968 150 EU 176160768 151 EU 8192000 
25 CHAIN 24 NA 41636560 152 EU 56255160 153 EU 16777216 154 NA 8388608 155 EU 149164968 
26 CHAIN 25 EU 3178584 156 EU 176160768 157 NA 48067448 158 EU 149164968 159 NA 41636560 
27 CHAIN 26 EU 56255160 160 EU 34292528 161 EU 149164968 162 EU 28820368 163 NA 66605352 
28 CHAIN 27 NA 66605352 164 EU 28672000 165 NA 41636560 166 EU 12288000 167 EU 56255160 
29 CHAIN 28 EU 54222072 168 NA 66605352 169 NA 48067448 170 EU 149164968 171 NA 24371136 
30 CHAIN 29 EU 149164968 172 EU 43927184 173 EU 149164968 174 EU 48375432 175 NA 1605632 
31 CHAIN 30 EU 48375432 176 EU 149164968 177 NA 24371136 178 NA 41636560 179 EU 11591680 
32 CHAIN 31 NA 9216000 180 NA 24371136 181 EU 176160768 182 EU 56255160 183 EU 34292528 
33 CHAIN 32 EU 149164968 184 EU 55892616 185 EU 11591680 186 NA 66605352 187 NA 48067448 
34 CHAIN 33 NA 41636560 188 EU 149164968 189 NA 41636560 190 NA 9216000 191 EU 149164968 
35 CHAIN 34 EU 34292528 192 EU 19660800 193 EU 54222072 194 EU 56255160 195 NA 41636560 
36 CHAIN 35 EU 149164968 196 EU 48375432 197 EU 28672000 198 EU 48375432 199 NA 48067448 
37 CHAIN 36 NA 41636560 200 EU 56255160 201 EU 28820368 202 EU 12288000 203 EU 56255160 
38 CHAIN 37 EU 43927184 204 EU 48375432 205 NA 48067448 206 EU 56255160 207 EU 16777216 
39 CHAIN 38 EU 56255160 208 EU 54222072 209 EU 149164968 210 NA 41636560 211 EU 1064960 
40 CHAIN 39 NA 24371136 212 NA 819200 213 NA 41636560 214 NA 48067448 215 EU 149164968 
41 CHAIN 40 EU 176160768 216 EU 34292528 217 NA 9216000 218 EU 28672000 219 NA 41636560 
42 CHAIN 41 EU 149164968 220 EU 54222072 221 EU 149164968 222 EU 55892616 223 NA 48067448 
43 CHAIN 42 EU 34292528 224 EU 149164968 225 NA 66605352 226 EU 176160768 227 EU 56255160 
44 CHAIN 43 NA 48067448 228 NA 24371136 229 EU 43927184 230 EU 149164968 231 EU 55892616 
45 CHAIN 44 EU 56255160 232 EU 12288000 233 EU 149164968 234 EU 176160768 235 EU 6296704 
46 CHAIN 45 NA 66605352 236 EU 56255160 237 NA 66605352 238 NA 24371136 239 EU 28672000 
47 CHAIN 46 EU 48375432 240 EU 28820368 241 EU 54222072 242 EU 28672000 243 EU 55892616 
48 CHAIN 47 EU 28672000 244 EU 34292528 245 EU 149164968 246 NA 24371136 247 NA 9216000 
49 CHAIN 48 EU 176160768 248 EU 28672000 249 EU 34292528 250 EU 55892616 251 EU 56255160 
50 CHAIN 49 EU 28820368 252 EU 16777216 253 NA 8388608 254 EU 28672000 255 NA 24371136 
51 CHAIN 50 EU 149164968 256 NA 48067448 257 EU 149164968 258 NA 66605352 259 NA 9216000 
52 CHAIN 51 EU 16777216 260 EU 28672000 261 EU 28820368 262 NA 48067448 263 EU 56255160 
53 CHAIN 52 NA 48067448 264 EU 55892616 265 NA 13480656 266 EU 2097152 267 NA 66605352 
54 CHAIN 53 EU 28672000 268 EU 8192000 269 EU 28672000 270 NA 41636560 271 NA 5079504 
55 CHAIN 54 EU 28820368 272 EU 149164968 273 NA 24371136 274 EU 43927184 275 EU 56255160 
56 CHAIN 55 EU 54222072 276 NA 66605352 277 NA 48067448 278 EU 149164968 279 EU 48375432 
