0 BRANCH 0 NA 24371136 1 EU 54222072 2 EU 149164968 3 NA 41636560 4 EU 54222072 5 EU 149164968 6 EU 48375432 7 EU 54222072 8 EU 56255160 9 NA 66605352 10 EU 54222072 11 EU 56255160 12 NA 66605352 13 NA 4194304 14 EU 149164968 15 NA 66605352 16 EU 819200 17 EU 149164968 18 NA 41636560 19 EU 19660800 20 EU 149164968 21 EU 176160768 22 EU 19660800 23 EU 11591680 24 EU 19660800 25 NA 9216000 26 EU 28672000 27 EU 34292528 28 EU 12288000 29 EU 149164968 30 NA 66605352 31 EU 12288000 32 EU 149164968 33 NA 66605352 34 NA 5079504 35 EU 56255160 36 EU 48375432 37 EU 176160768 38 EU 149164968 39 EU 176160768 40 EU 28820368 41 EU 149164968 42 EU 28820368 43 EU 176160768 44 EU 56255160 45 EU 34292528 46 EU 54222072 47 EU 11591680 48 NA 66605352 49 EU 55892616 50 EU 149164968 51 EU 48375432 52 EU 8192000 53 EU 28672000 54 NA 66605352 55 NA 48067448 
1 CHAIN 0 NA 24371136 56 EU 149164968 57 NA 66605352 58 EU 43927184 59 EU 28672000 
2 CHAIN 1 EU 54222072 60 EU 55892616 61 NA 66605352 62 EU 28672000 63 EU 28820368 
3 CHAIN 2 EU 149164968 64 EU 176160768 65 EU 28672000 66 EU 19660800 67 EU 176160768 
4 CHAIN 3 NA 41636560 68 EU 149164968 69 EU 34292528 70 NA 48067448 71 EU 56255160 
5 CHAIN 4 EU 54222072 72 NA 66605352 73 NA 48067448 74 EU 149164968 75 EU 48375432 
6 CHAIN 5 EU 149164968 76 NA 9216000 77 EU 149164968 78 NA 66605352 79 NA 13480656 
7 CHAIN 6 EU 48375432 80 EU 149164968 81 EU 55892616 82 NA 48067448 83 EU 56255160 
8 CHAIN 7 EU 54222072 84 EU 28820368 85 EU 2129920 86 EU 56255160 87 NA 66605352 
9 CHAIN 8 EU 56255160 88 NA 8388608 89 EU 149164968 90 NA 41636560 91 NA 13480656 
10 CHAIN 9 NA 66605352 92 EU 149164968 93 EU 55892616 94 NA 48067448 95 EU 149164968 
11 CHAIN 10 EU 54222072 96 EU 176160768 97 NA 48067448 98 EU 56255160 99 EU 34292528 
12 CHAIN 11 EU 56255160 100 NA 8044008 101 EU 149164968 102 EU 28820368 103 EU 54222072 
13 CHAIN 12 NA 66605352 104 EU 56255160 105 NA 66605352 106 NA 48067448 107 EU 56255160 
14 CHAIN 13 NA 4194304 108 EU 28820368 109 EU 2129920 110 EU 28672000 111 NA 41636560 
15 CHAIN 14 EU 149164968 112 NA 5079504 113 EU 56255160 114 EU 28820368 115 NA 13480656 
16 CHAIN 15 NA 66605352 116 EU 149164968 117 EU 176160768 118 NA 8388608 119 EU 56255160 
17 CHAIN 16 EU 819200 120 NA 24371136 121 EU 34292528 122 EU 11591680 123 EU 55892616 
18 CHAIN 17 EU 149164968 124 EU 43927184 125 EU 56255160 126 EU 48375432 127 NA 66605352 
19 CHAIN 18 NA 41636560 128 EU 149164968 129 EU 34292528 130 EU 54222072 131 EU 56255160 
20 CHAIN 19 EU 19660800 132 EU 28820368 133 NA 48067448 134 EU 149164968 135 NA 66605352 
21 CHAIN 20 EU 149164968 136 EU 54222072 137 EU 56255160 138 EU 48375432 139 NA 48067448 
22 CHAIN 21 EU 176160768 140 EU 149164968 141 EU 48375432 142 EU 55892616 143 EU 149164968 
23 CHAIN 22 EU 19660800 144 EU 34292528 145 NA 41636560 146 EU 28672000 147 NA 41636560 
24 CHAIN 23 EU 11591680 148 EU 4096000 149 EU 56255160 150 EU 55892616 151 NA 41636560 
25 CHAIN 24 EU 19660800 152 EU 11591680 153 EU 176160768 154 NA 41636560 155 EU 56255160 
26 CHAIN 25 NA 9216000 156 NA 24371136 157 EU 43927184 158 EU 149164968 159 NA 66605352 
27 CHAIN 26 EU 28672000 160 EU 54222072 161 EU 149164968 162 EU 176160768 163 NA 13480656 
28 CHAIN 27 EU 34292528 164 EU 11591680 165 EU 176160768 166 NA 9216000 167 EU 56255160 
29 CHAIN 28 EU 12288000 168 NA 66605352 169 EU 54222072 170 EU 56255160 171 NA 66605352 
30 CHAIN 29 EU 149164968 172 EU 48375432 173 EU 11591680 174 EU 176160768 175 EU 54222072 
31 CHAIN 30 NA 66605352 176 EU 149164968 177 EU 176160768 178 NA 24371136 179 EU 149164968 
32 CHAIN 31 EU 12288000 180 NA 66605352 181 EU 54222072 182 EU 56255160 183 NA 66605352 
33 CHAIN 32 EU 149164968 184 EU 16777216 185 EU 56255160 186 EU 176160768 187 NA 9216000 
34 CHAIN 33 NA 66605352 188 EU 28672000 189 NA 41636560 190 EU 54222072 191 EU 11591680 
35 CHAIN 34 NA 5079504 192 EU 28820368 193 NA 48067448 194 EU 11591680 195 EU 28820368 
36 CHAIN 35 EU 56255160 196 EU 43927184 197 EU 11591680 198 EU 176160768 199 NA 13480656 
37 CHAIN 36 EU 48375432 200 EU 149164968 201 NA 41636560 202 EU 12288000 203 EU 149164968 
38 CHAIN 37 EU 176160768 204 NA 24371136 205 EU 6296704 206 EU 56255160 207 EU 176160768 
39 CHAIN 38 EU 149164968 208 EU 1638400 209 EU 149164968 210 EU 48375432 211 EU 43927184 
40 CHAIN 39 EU 176160768 212 EU 28672000 213 EU 55892616 214 EU 43927184 215 EU 28672000 
41 CHAIN 40 EU 28820368 216 NA 41636560 217 EU 54222072 218 EU 28672000 219 EU 34292528 
42 CHAIN 41 EU 149164968 220 NA 41636560 221 EU 149164968 222 NA 66605352 223 EU 12288000 
43 CHAIN 42 EU 28820368 224 EU 28672000 225 NA 66605352 226 EU 43927184 227 EU 56255160 
44 CHAIN 43 EU 176160768 228 EU 28820368 229 EU 54222072 230 EU 149164968 231 EU 55892616 
45 CHAIN 44 EU 56255160 232 EU 43927184 233 EU 149164968 234 NA 41636560 235 EU 54222072 
46 CHAIN 45 EU 34292528 236 EU 28672000 237 EU 34292528 238 NA 9216000 239 EU 149164968 
47 CHAIN 46 EU 54222072 240 NA 24371136 241 EU 54222072 242 EU 28672000 243 EU 19660800 
48 CHAIN 47 EU 11591680 244 EU 176160768 245 EU 56255160 246 NA 66605352 247 EU 55892616 
49 CHAIN 48 NA 66605352 248 EU 56255160 249 EU 48375432 250 EU 43927184 251 EU 56255160 
50 CHAIN 49 EU 55892616 252 EU 48375432 253 EU 43927184 254 EU 149164968 255 NA 66605352 
51 CHAIN 50 EU 149164968 256 NA 24371136 257 EU 28672000 258 NA 41636560 259 NA 8388608 
52 CHAIN 51 EU 48375432 260 EU 149164968 261 NA 66605352 262 EU 54222072 263 EU 149164968 
53 CHAIN 52 EU 8192000 264 EU 34292528 265 NA 8388608 266 EU 11591680 267 EU 176160768 
54 CHAIN 53 EU 28672000 268 EU 3178584 269 EU 149164968 270 EU 176160768 271 EU 54222072 
55 CHAIN 54 NA 66605352 272 EU 56255160 273 NA 66605352 274 NA 48067448 275 EU 149164968 
56 CHAIN 55 NA 48067448 276 NA 66605352 277 EU 2129920 278 EU 28672000 279 EU 34292528 
