0 BRANCH 0 EU 55892616 1 NA 48067448 2 EU 28672000 3 EU 48375432 4 EU 54222072 5 EU 56255160 6 EU 16777216 7 EU 54222072 8 EU 149164968 9 EU 34292528 10 EU 4096000 11 EU 149164968 12 EU 176160768 13 NA 48067448 14 EU 2097152 15 NA 66605352 16 EU 54222072 17 EU 11591680 18 EU 176160768 19 EU 54222072 20 EU 149164968 21 EU 176160768 22 NA 48067448 23 EU 56255160 24 NA 41636560 25 EU 43927184 26 EU 11591680 27 EU 48375432 28 EU 54222072 29 EU 56255160 30 EU 34292528 31 NA 48067448 32 EU 56255160 33 NA 24371136 34 NA 4194304 35 EU 149164968 36 NA 66605352 37 NA 13480656 38 EU 149164968 39 EU 16777216 40 EU 54222072 41 EU 149164968 42 EU 176160768 43 EU 54222072 44 EU 149164968 45 NA 66605352 46 EU 12288000 47 EU 56255160 48 EU 34292528 49 EU 48375432 50 EU 28672000 51 EU 48375432 52 EU 43927184 53 EU 149164968 54 EU 176160768 55 NA 24371136 
1 CHAIN 0 EU 55892616 56 EU 56255160 57 NA 24371136 58 NA 4194304 59 EU 149164968 
2 CHAIN 1 NA 48067448 60 NA 41636560 61 NA 48067448 62 EU 28672000 63 NA 66605352 
3 CHAIN 2 EU 28672000 64 EU 4096000 65 EU 149164968 66 EU 28820368 67 NA 9216000 
4 CHAIN 3 EU 48375432 68 EU 149164968 69 EU 48375432 70 EU 16777216 71 NA 819200 
5 CHAIN 4 EU 54222072 72 NA 66605352 73 EU 48375432 74 EU 149164968 75 EU 48375432 
6 CHAIN 5 EU 56255160 76 EU 176160768 77 EU 56255160 78 NA 66605352 79 NA 1605632 
7 CHAIN 6 EU 16777216 80 EU 11591680 81 EU 55892616 82 EU 28820368 83 EU 149164968 
8 CHAIN 7 EU 54222072 84 EU 48375432 85 EU 4096000 86 EU 56255160 87 EU 34292528 
9 CHAIN 8 EU 149164968 88 EU 43927184 89 EU 56255160 90 EU 34292528 91 EU 1638400 
10 CHAIN 9 EU 34292528 92 EU 11591680 93 NA 24371136 94 EU 6296704 95 EU 28672000 
11 CHAIN 10 EU 4096000 96 EU 28820368 97 NA 8044008 98 EU 149164968 99 NA 66605352 
12 CHAIN 11 EU 149164968 100 EU 19660800 101 EU 149164968 102 EU 176160768 103 NA 48067448 
13 CHAIN 12 EU 176160768 104 EU 149164968 105 EU 28820368 106 NA 48067448 107 EU 149164968 
14 CHAIN 13 NA 48067448 108 EU 34292528 109 NA 9216000 110 EU 56255160 111 EU 176160768 
15 CHAIN 14 EU 2097152 112 EU 1638400 113 EU 149164968 114 EU 19660800 115 EU 55892616 
16 CHAIN 15 NA 66605352 116 EU 149164968 117 EU 16777216 118 EU 54222072 119 EU 28672000 
17 CHAIN 16 EU 54222072 120 NA 66605352 121 NA 48067448 122 EU 149164968 123 EU 55892616 
18 CHAIN 17 EU 11591680 124 EU 48375432 125 EU 56255160 126 NA 41636560 127 NA 8388608 
19 CHAIN 18 EU 176160768 128 EU 149164968 129 EU 176160768 130 NA 48067448 131 EU 56255160 
20 CHAIN 19 EU 54222072 132 NA 66605352 133 EU 4096000 134 EU 11591680 135 NA 66605352 
21 CHAIN 20 EU 149164968 136 NA 5079504 137 EU 28672000 138 EU 48375432 139 NA 66605352 
22 CHAIN 21 EU 176160768 140 EU 149164968 141 NA 66605352 142 NA 48067448 143 EU 149164968 
23 CHAIN 22 NA 48067448 144 NA 66605352 145 NA 9216000 146 EU 149164968 147 EU 34292528 
24 CHAIN 23 EU 56255160 148 EU 55892616 149 EU 149164968 150 EU 28820368 151 EU 43927184 
25 CHAIN 24 NA 41636560 152 EU 56255160 153 EU 28820368 154 NA 41636560 155 EU 56255160 
26 CHAIN 25 EU 43927184 156 NA 66605352 157 NA 48067448 158 EU 56255160 159 NA 41636560 
27 CHAIN 26 EU 11591680 160 EU 43927184 161 EU 28672000 162 EU 48375432 163 EU 4096000 
28 CHAIN 27 EU 48375432 164 EU 149164968 165 EU 48375432 166 EU 54222072 167 EU 149164968 
29 CHAIN 28 EU 54222072 168 NA 66605352 169 NA 13480656 170 EU 149164968 171 EU 28820368 
30 CHAIN 29 EU 56255160 172 NA 48067448 173 EU 56255160 174 EU 48375432 175 NA 41636560 
31 CHAIN 30 EU 34292528 176 EU 56255160 177 EU 176160768 178 NA 66605352 179 EU 28672000 
32 CHAIN 31 NA 48067448 180 EU 55892616 181 NA 48067448 182 EU 149164968 183 NA 66605352 
33 CHAIN 32 EU 56255160 184 EU 176160768 185 EU 149164968 186 EU 48375432 187 EU 54222072 
34 CHAIN 33 NA 24371136 188 EU 149164968 189 NA 66605352 190 NA 5079504 191 EU 56255160 
35 CHAIN 34 NA 4194304 192 EU 176160768 193 EU 8192000 194 EU 149164968 195 NA 41636560 
36 CHAIN 35 EU 149164968 196 EU 54222072 197 EU 11591680 198 EU 55892616 199 EU 43927184 
37 CHAIN 36 NA 66605352 200 EU 56255160 201 EU 28820368 202 EU 55892616 203 EU 149164968 
38 CHAIN 37 NA 13480656 204 EU 48375432 205 EU 5898240 206 EU 149164968 207 EU 176160768 
39 CHAIN 38 EU 149164968 208 EU 43927184 209 EU 56255160 210 NA 66605352 211 NA 8388608 
40 CHAIN 39 EU 16777216 212 EU 149164968 213 EU 48375432 214 EU 54222072 215 EU 149164968 
41 CHAIN 40 EU 54222072 216 NA 66605352 217 EU 43927184 218 EU 149164968 219 NA 24371136 
42 CHAIN 41 EU 149164968 220 NA 8388608 221 EU 56255160 222 EU 55892616 223 EU 6296704 
43 CHAIN 42 EU 176160768 224 EU 149164968 225 EU 55892616 226 NA 48067448 227 EU 11591680 
44 CHAIN 43 EU 54222072 228 NA 66605352 229 NA 13480656 230 EU 149164968 231 NA 24371136 
45 CHAIN 44 EU 149164968 232 EU 819200 233 EU 56255160 234 NA 41636560 235 NA 8388608 
46 CHAIN 45 NA 66605352 236 EU 149164968 237 EU 55892616 238 EU 43927184 239 EU 56255160 
47 CHAIN 46 EU 12288000 240 NA 41636560 241 EU 54222072 242 EU 149164968 243 EU 28820368 
48 CHAIN 47 EU 56255160 244 EU 48375432 245 EU 149164968 246 NA 66605352 247 EU 16777216 
49 CHAIN 48 EU 34292528 248 EU 2097152 249 EU 34292528 250 EU 4096000 251 EU 56255160 
50 CHAIN 49 EU 48375432 252 EU 28820368 253 NA 48067448 254 EU 149164968 255 EU 16777216 
51 CHAIN 50 EU 28672000 256 EU 19660800 257 EU 56255160 258 NA 24371136 259 NA 66605352 
52 CHAIN 51 EU 48375432 260 EU 149164968 261 EU 55892616 262 NA 13480656 263 EU 149164968 
53 CHAIN 52 EU 43927184 264 EU 176160768 265 NA 66605352 266 EU 149164968 267 EU 34292528 
54 CHAIN 53 EU 149164968 268 EU 1638400 269 EU 149164968 270 NA 41636560 271 EU 34292528 
55 CHAIN 54 EU 176160768 272 EU 28672000 273 EU 34292528 274 NA 48067448 275 EU 149164968 
56 CHAIN 55 NA 24371136 276 EU 34292528 277 EU 54222072 278 EU 149164968 279 NA 66605352 
