0 BRANCH 0 EU 55892616 1 NA 8388608 2 EU 56255160 3 EU 48375432 4 EU 43927184 5 EU 28672000 6 NA 24371136 7 NA 41636560 8 EU 28672000 9 EU 48375432 10 EU 54222072 11 EU 56255160 12 NA 41636560 13 NA 8388608 14 EU 28672000 15 NA 24371136 16 EU 6296704 17 EU 28672000 18 EU 16777216 19 EU 54222072 20 EU 149164968 21 EU 16777216 22 EU 19660800 23 EU 28672000 24 EU 28820368 25 EU 55892616 26 EU 56255160 27 NA 24371136 28 EU 176160768 29 EU 149164968 30 EU 28820368 31 EU 54222072 32 EU 56255160 33 EU 176160768 34 EU 43927184 35 EU 11591680 36 EU 55892616 37 NA 8388608 38 EU 149164968 39 EU 48375432 40 EU 34292528 41 EU 11591680 42 EU 176160768 43 NA 5079504 44 EU 149164968 45 EU 48375432 46 EU 54222072 47 EU 56255160 48 EU 19660800 49 EU 2129920 50 EU 149164968 51 EU 34292528 52 EU 16777216 53 EU 28672000 54 EU 34292528 55 NA 48067448 
1 CHAIN 0 EU 55892616 56 EU 11591680 57 EU 55892616 58 NA 48067448 59 EU 149164968 
2 CHAIN 1 NA 8388608 60 EU 19660800 61 NA 9216000 62 EU 56255160 63 EU 19660800 
3 CHAIN 2 EU 56255160 64 EU 55892616 65 EU 149164968 66 EU 48375432 67 EU 54222072 
4 CHAIN 3 EU 48375432 68 EU 28672000 69 EU 28820368 70 EU 54222072 71 EU 56255160 
5 CHAIN 4 EU 43927184 72 NA 24371136 73 EU 54222072 74 EU 28672000 75 NA 41636560 
6 CHAIN 5 EU 28672000 76 NA 8388608 77 EU 28672000 78 EU 176160768 79 EU 43927184 
7 CHAIN 6 NA 24371136 80 EU 149164968 81 NA 66605352 82 NA 13480656 83 EU 56255160 
8 CHAIN 7 NA 41636560 84 EU 55892616 85 NA 4194304 86 EU 28672000 87 NA 66605352 
9 CHAIN 8 EU 28672000 88 NA 8388608 89 EU 149164968 90 EU 55892616 91 NA 13480656 
10 CHAIN 9 EU 48375432 92 EU 28672000 93 EU 28820368 94 EU 8192000 95 EU 149164968 
11 CHAIN 10 EU 54222072 96 EU 176160768 97 NA 66605352 98 EU 56255160 99 EU 48375432 
12 CHAIN 11 EU 56255160 100 EU 54222072 101 EU 149164968 102 NA 24371136 103 NA 5079504 
13 CHAIN 12 NA 41636560 104 EU 11591680 105 EU 34292528 106 EU 43927184 107 EU 149164968 
14 CHAIN 13 NA 8388608 108 NA 24371136 109 EU 43927184 110 EU 149164968 111 EU 48375432 
15 CHAIN 14 EU 28672000 112 EU 12288000 113 EU 56255160 114 EU 48375432 115 NA 48067448 
16 CHAIN 15 NA 24371136 116 EU 149164968 117 EU 55892616 118 EU 12288000 119 EU 56255160 
17 CHAIN 16 EU 6296704 120 EU 176160768 121 EU 19660800 122 EU 56255160 123 EU 48375432 
18 CHAIN 17 EU 28672000 124 NA 8044008 125 EU 56255160 126 EU 55892616 127 EU 48375432 
19 CHAIN 18 EU 16777216 128 EU 11591680 129 EU 16777216 130 NA 48067448 131 EU 149164968 
20 CHAIN 19 EU 54222072 132 NA 66605352 133 NA 48067448 134 EU 149164968 135 NA 24371136 
21 CHAIN 20 EU 149164968 136 EU 34292528 137 EU 149164968 138 EU 176160768 139 NA 8388608 
22 CHAIN 21 EU 16777216 140 EU 28672000 141 EU 176160768 142 EU 2129920 143 EU 149164968 
23 CHAIN 22 EU 19660800 144 EU 48375432 145 EU 43927184 146 EU 149164968 147 EU 34292528 
24 CHAIN 23 EU 28672000 148 EU 55892616 149 EU 149164968 150 EU 176160768 151 EU 6296704 
25 CHAIN 24 EU 28820368 152 EU 149164968 153 EU 48375432 154 EU 176160768 155 EU 28672000 
26 CHAIN 25 EU 55892616 156 EU 48375432 157 EU 43927184 158 EU 56255160 159 EU 55892616 
27 CHAIN 26 EU 56255160 160 EU 54222072 161 EU 149164968 162 EU 28820368 163 EU 43927184 
28 CHAIN 27 NA 24371136 164 EU 56255160 165 EU 55892616 166 EU 54222072 167 EU 28672000 
29 CHAIN 28 EU 176160768 168 NA 41636560 169 EU 43927184 170 EU 149164968 171 NA 66605352 
30 CHAIN 29 EU 149164968 172 NA 48067448 173 EU 56255160 174 NA 66605352 175 NA 41636560 
31 CHAIN 30 EU 28820368 176 EU 149164968 177 NA 24371136 178 NA 5079504 179 EU 28672000 
32 CHAIN 31 EU 54222072 180 EU 55892616 181 NA 66605352 182 EU 11591680 183 EU 16777216 
33 CHAIN 32 EU 56255160 184 EU 54222072 185 EU 28672000 186 EU 16777216 187 EU 176160768 
34 CHAIN 33 EU 176160768 188 EU 56255160 189 EU 48375432 190 EU 43927184 191 EU 149164968 
35 CHAIN 34 EU 43927184 192 EU 34292528 193 EU 4096000 194 EU 28672000 195 EU 16777216 
36 CHAIN 35 EU 11591680 196 NA 48067448 197 EU 56255160 198 EU 28820368 199 EU 176160768 
37 CHAIN 36 EU 55892616 200 EU 11591680 201 NA 41636560 202 EU 43927184 203 EU 149164968 
38 CHAIN 37 NA 8388608 204 EU 176160768 205 NA 48067448 206 EU 28672000 207 EU 34292528 
39 CHAIN 38 EU 149164968 208 NA 8388608 209 EU 56255160 210 EU 55892616 211 EU 54222072 
40 CHAIN 39 EU 48375432 212 EU 149164968 213 NA 41636560 214 EU 54222072 215 EU 149164968 
41 CHAIN 40 EU 34292528 216 EU 16777216 217 EU 5898240 218 EU 56255160 219 EU 176160768 
42 CHAIN 41 EU 11591680 220 EU 1638400 221 EU 149164968 222 EU 34292528 223 NA 8388608 
43 CHAIN 42 EU 176160768 224 EU 56255160 225 EU 16777216 226 EU 54222072 227 EU 56255160 
44 CHAIN 43 NA 5079504 228 NA 66605352 229 NA 48067448 230 EU 28672000 231 EU 176160768 
45 CHAIN 44 EU 149164968 232 EU 12288000 233 EU 149164968 234 EU 48375432 235 EU 54222072 
46 CHAIN 45 EU 48375432 236 EU 149164968 237 EU 55892616 238 NA 48067448 239 EU 149164968 
47 CHAIN 46 EU 54222072 240 EU 55892616 241 NA 48067448 242 EU 56255160 243 EU 34292528 
48 CHAIN 47 EU 56255160 244 EU 43927184 245 EU 56255160 246 NA 66605352 247 EU 28820368 
49 CHAIN 48 EU 19660800 248 EU 2097152 249 EU 28820368 250 NA 3391304 251 EU 149164968 
50 CHAIN 49 EU 2129920 252 NA 41636560 253 NA 48067448 254 EU 149164968 255 NA 41636560 
51 CHAIN 50 EU 149164968 256 NA 8388608 257 EU 56255160 258 EU 55892616 259 NA 48067448 
52 CHAIN 51 EU 34292528 260 EU 149164968 261 EU 176160768 262 NA 66605352 263 EU 149164968 
53 CHAIN 52 EU 16777216 264 NA 66605352 265 EU 55892616 266 EU 56255160 267 NA 41636560 
54 CHAIN 53 EU 28672000 268 NA 13480656 269 EU 28672000 270 NA 41636560 271 NA 8388608 
55 CHAIN 54 EU 34292528 272 EU 56255160 273 NA 66605352 274 EU 28820368 275 EU 56255160 
56 CHAIN 55 NA 48067448 276 EU 55892616 277 NA 5079504 278 EU 28672000 279 EU 34292528 
