0 BRANCH 0 NA 66605352 1 EU 12288000 2 EU 149164968 3 EU 16777216 4 EU 12288000 5 EU 28672000 6 NA 41636560 7 EU 28820368 8 EU 149164968 9 EU 28820368 10 EU 48375432 11 EU 149164968 12 EU 48375432 13 EU 43927184 14 EU 149164968 15 EU 55892616 16 EU 4096000 17 EU 56255160 18 NA 41636560 19 EU 43927184 20 EU 11591680 21 EU 16777216 22 NA 8388608 23 EU 28672000 24 NA 41636560 25 NA 8388608 26 EU 149164968 27 NA 41636560 28 NA 48067448 29 EU 149164968 30 EU 176160768 31 EU 43927184 32 EU 149164968 33 NA 66605352 34 NA 48067448 35 NA 819200 36 EU 176160768 37 EU 54222072 38 EU 149164968 39 NA 66605352 40 NA 48067448 41 EU 149164968 42 NA 66605352 43 EU 12288000 44 EU 149164968 45 EU 28820368 46 NA 48067448 47 EU 28672000 48 EU 28820368 49 EU 54222072 50 EU 56255160 51 NA 41636560 52 EU 48375432 53 EU 28672000 54 EU 28820368 55 EU 176160768 
1 CHAIN 0 NA 66605352 56 EU 56255160 57 EU 55892616 58 NA 8044008 59 EU 149164968 
2 CHAIN 1 EU 12288000 60 NA 41636560 61 NA 48067448 62 EU 149164968 63 EU 28820368 
3 CHAIN 2 EU 149164968 64 NA 13480656 65 EU 149164968 66 EU 55892616 67 EU 8192000 
4 CHAIN 3 EU 16777216 68 EU 56255160 69 EU 55892616 70 EU 54222072 71 EU 28672000 
5 CHAIN 4 EU 12288000 72 EU 176160768 73 NA 9216000 74 EU 56255160 75 NA 66605352 
6 CHAIN 5 EU 28672000 76 EU 16777216 77 EU 149164968 78 EU 28820368 79 EU 43927184 
7 CHAIN 6 NA 41636560 80 EU 149164968 81 NA 24371136 82 EU 8192000 83 EU 56255160 
8 CHAIN 7 EU 28820368 84 EU 19660800 85 NA 5079504 86 EU 149164968 87 EU 55892616 
9 CHAIN 8 EU 149164968 88 EU 54222072 89 EU 28672000 90 NA 24371136 91 NA 48067448 
10 CHAIN 9 EU 28820368 92 EU 28672000 93 EU 176160768 94 EU 4096000 95 EU 149164968 
11 CHAIN 10 EU 48375432 96 EU 48375432 97 EU 43927184 98 EU 56255160 99 EU 55892616 
12 CHAIN 11 EU 149164968 100 NA 48067448 101 EU 28672000 102 NA 66605352 103 EU 43927184 
13 CHAIN 12 EU 48375432 104 EU 149164968 105 EU 55892616 106 EU 54222072 107 EU 56255160 
14 CHAIN 13 EU 43927184 108 EU 16777216 109 NA 4194304 110 EU 56255160 111 EU 176160768 
15 CHAIN 14 EU 149164968 112 NA 41636560 113 EU 56255160 114 EU 48375432 115 NA 48067448 
16 CHAIN 15 EU 55892616 116 EU 56255160 117 EU 55892616 118 EU 54222072 119 EU 11591680 
17 CHAIN 16 EU 4096000 120 EU 48375432 121 NA 66605352 122 EU 149164968 123 NA 66605352 
18 CHAIN 17 EU 56255160 124 NA 13480656 125 EU 149164968 126 EU 28820368 127 EU 12288000 
19 CHAIN 18 NA 41636560 128 EU 149164968 129 NA 41636560 130 NA 4194304 131 EU 149164968 
20 CHAIN 19 EU 43927184 132 NA 24371136 133 NA 5079504 134 EU 149164968 135 EU 176160768 
21 CHAIN 20 EU 11591680 136 EU 43927184 137 EU 56255160 138 EU 19660800 139 EU 55892616 
22 CHAIN 21 EU 16777216 140 EU 28672000 141 EU 48375432 142 NA 48067448 143 EU 149164968 
23 CHAIN 22 NA 8388608 144 EU 34292528 145 NA 24371136 146 EU 149164968 147 NA 41636560 
24 CHAIN 23 EU 28672000 148 NA 48067448 149 EU 56255160 150 NA 41636560 151 NA 3391304 
25 CHAIN 24 NA 41636560 152 EU 56255160 153 EU 176160768 154 EU 43927184 155 EU 149164968 
26 CHAIN 25 NA 8388608 156 NA 66605352 157 EU 176160768 158 EU 11591680 159 EU 48375432 
27 CHAIN 26 EU 149164968 160 EU 6296704 161 EU 56255160 162 EU 55892616 163 NA 8388608 
28 CHAIN 27 NA 41636560 164 EU 56255160 165 NA 24371136 166 EU 54222072 167 EU 56255160 
29 CHAIN 28 NA 48067448 168 NA 66605352 169 EU 12288000 170 EU 149164968 171 NA 66605352 
30 CHAIN 29 EU 149164968 172 NA 13480656 173 EU 149164968 174 EU 34292528 175 EU 54222072 
31 CHAIN 30 EU 176160768 176 EU 28672000 177 NA 24371136 178 EU 43927184 179 EU 149164968 
32 CHAIN 31 EU 43927184 180 EU 55892616 181 EU 54222072 182 EU 56255160 183 EU 176160768 
33 CHAIN 32 EU 149164968 184 NA 66605352 185 EU 149164968 186 EU 55892616 187 EU 43927184 
34 CHAIN 33 NA 66605352 188 EU 28672000 189 EU 176160768 190 EU 43927184 191 EU 2097152 
35 CHAIN 34 NA 48067448 192 EU 28820368 193 NA 4194304 194 EU 149164968 195 EU 176160768 
36 CHAIN 35 NA 819200 196 EU 43927184 197 EU 149164968 198 NA 66605352 199 EU 54222072 
37 CHAIN 36 EU 176160768 200 EU 56255160 201 EU 28820368 202 EU 4096000 203 EU 56255160 
38 CHAIN 37 EU 54222072 204 EU 55892616 205 NA 8388608 206 EU 28672000 207 EU 48375432 
39 CHAIN 38 EU 149164968 208 NA 13480656 209 EU 149164968 210 EU 28820368 211 NA 4194304 
40 CHAIN 39 NA 66605352 212 EU 28672000 213 NA 41636560 214 EU 54222072 215 EU 149164968 
41 CHAIN 40 NA 48067448 216 EU 48375432 217 EU 819200 218 EU 56255160 219 NA 24371136 
42 CHAIN 41 EU 149164968 220 EU 176160768 221 EU 56255160 222 EU 55892616 223 EU 16777216 
43 CHAIN 42 NA 66605352 224 EU 56255160 225 EU 34292528 226 EU 16777216 227 EU 149164968 
44 CHAIN 43 EU 12288000 228 EU 34292528 229 EU 819200 230 EU 28672000 231 EU 176160768 
45 CHAIN 44 EU 149164968 232 NA 13480656 233 EU 56255160 234 EU 34292528 235 EU 6296704 
46 CHAIN 45 EU 28820368 236 EU 56255160 237 NA 24371136 238 EU 3178584 239 EU 149164968 
47 CHAIN 46 NA 48067448 240 EU 34292528 241 EU 43927184 242 EU 56255160 243 EU 48375432 
48 CHAIN 47 EU 28672000 244 EU 3178584 245 EU 56255160 246 EU 34292528 247 EU 54222072 
49 CHAIN 48 EU 28820368 248 EU 56255160 249 EU 55892616 250 EU 12288000 251 EU 149164968 
50 CHAIN 49 EU 54222072 252 NA 66605352 253 EU 176160768 254 EU 56255160 255 EU 28820368 
51 CHAIN 50 EU 56255160 256 EU 43927184 257 EU 56255160 258 NA 41636560 259 EU 48375432 
52 CHAIN 51 NA 41636560 260 EU 149164968 261 EU 19660800 262 NA 8044008 263 EU 56255160 
53 CHAIN 52 EU 48375432 264 EU 34292528 265 NA 9216000 266 EU 149164968 267 NA 41636560 
54 CHAIN 53 EU 28672000 268 EU 54222072 269 EU 56255160 270 EU 28820368 271 NA 9216000 
55 CHAIN 54 EU 28820368 272 EU 149164968 273 EU 55892616 274 EU 54222072 275 EU 11591680 
56 CHAIN 55 EU 176160768 276 NA 66605352 277 EU 2129920 278 EU 28672000 279 EU 34292528 
