0 BRANCH 0 EU 176160768 1 NA 66605352 2 EU 56255160 3 EU 16777216 4 EU 8192000 5 EU 56255160 6 EU 16777216 7 EU 54222072 8 EU 56255160 9 NA 66605352 10 EU 16777216 11 EU 149164968 12 EU 176160768 13 EU 1638400 14 EU 149164968 15 NA 24371136 16 NA 41636560 17 EU 56255160 18 EU 176160768 19 NA 8388608 20 EU 149164968 21 EU 34292528 22 NA 13480656 23 EU 28672000 24 EU 34292528 25 NA 48067448 26 EU 56255160 27 NA 66605352 28 EU 176160768 29 EU 149164968 30 NA 41636560 31 EU 176160768 32 EU 56255160 33 EU 55892616 34 NA 66605352 35 EU 149164968 36 EU 28820368 37 EU 54222072 38 EU 149164968 39 NA 66605352 40 EU 54222072 41 EU 11591680 42 EU 176160768 43 EU 12288000 44 EU 149164968 45 EU 28820368 46 NA 8388608 47 EU 149164968 48 EU 28820368 49 NA 66605352 50 EU 56255160 51 NA 41636560 52 EU 55892616 53 EU 56255160 54 NA 41636560 55 EU 54222072 
1 CHAIN 0 EU 176160768 56 EU 149164968 57 NA 41636560 58 EU 19660800 59 EU 56255160 
2 CHAIN 1 NA 66605352 60 NA 66605352 61 NA 41636560 62 EU 149164968 63 EU 48375432 
3 CHAIN 2 EU 56255160 64 EU 43927184 65 EU 149164968 66 EU 48375432 67 EU 54222072 
4 CHAIN 3 EU 16777216 68 EU 149164968 69 NA 66605352 70 EU 819200 71 EU 149164968 
5 CHAIN 4 EU 8192000 72 EU 55892616 73 EU 54222072 74 EU 149164968 75 NA 66605352 
6 CHAIN 5 EU 56255160 76 EU 43927184 77 EU 56255160 78 EU 19660800 79 EU 48375432 
7 CHAIN 6 EU 16777216 80 EU 28672000 81 EU 34292528 82 EU 176160768 83 EU 149164968 
8 CHAIN 7 EU 54222072 84 NA 66605352 85 EU 8192000 86 EU 149164968 87 EU 48375432 
9 CHAIN 8 EU 56255160 88 NA 24371136 89 EU 149164968 90 EU 28820368 91 EU 43927184 
10 CHAIN 9 NA 66605352 92 EU 149164968 93 EU 55892616 94 NA 13480656 95 EU 11591680 
11 CHAIN 10 EU 16777216 96 EU 28820368 97 NA 48067448 98 EU 149164968 99 EU 176160768 
12 CHAIN 11 EU 149164968 100 NA 41636560 101 EU 28672000 102 NA 24371136 103 NA 5079504 
13 CHAIN 12 EU 176160768 104 EU 11591680 105 EU 34292528 106 EU 176160768 107 EU 56255160 
14 CHAIN 13 EU 1638400 108 EU 55892616 109 EU 43927184 110 EU 149164968 111 NA 66605352 
15 CHAIN 14 EU 149164968 112 NA 4194304 113 EU 28672000 114 NA 24371136 115 NA 4194304 
16 CHAIN 15 NA 24371136 116 EU 11591680 117 NA 24371136 118 EU 43927184 119 EU 149164968 
17 CHAIN 16 NA 41636560 120 EU 16777216 121 EU 4096000 122 EU 149164968 123 EU 34292528 
18 CHAIN 17 EU 56255160 124 EU 54222072 125 EU 56255160 126 NA 66605352 127 EU 4096000 
19 CHAIN 18 EU 176160768 128 EU 149164968 129 EU 176160768 130 EU 8192000 131 EU 56255160 
20 CHAIN 19 NA 8388608 132 NA 41636560 133 EU 54222072 134 EU 149164968 135 NA 41636560 
21 CHAIN 20 EU 149164968 136 EU 54222072 137 EU 28672000 138 EU 34292528 139 NA 48067448 
22 CHAIN 21 EU 34292528 140 EU 56255160 141 NA 41636560 142 EU 43927184 143 EU 149164968 
23 CHAIN 22 NA 13480656 144 EU 19660800 145 EU 43927184 146 EU 149164968 147 NA 24371136 
24 CHAIN 23 EU 28672000 148 NA 41636560 149 EU 149164968 150 NA 41636560 151 EU 55892616 
25 CHAIN 24 EU 34292528 152 EU 56255160 153 NA 66605352 154 NA 4194304 155 EU 28672000 
26 CHAIN 25 NA 48067448 156 EU 176160768 157 EU 48375432 158 EU 149164968 159 EU 16777216 
27 CHAIN 26 EU 56255160 160 NA 66605352 161 EU 28672000 162 NA 24371136 163 EU 43927184 
28 CHAIN 27 NA 66605352 164 EU 149164968 165 EU 176160768 166 EU 43927184 167 EU 56255160 
29 CHAIN 28 EU 176160768 168 NA 66605352 169 EU 54222072 170 EU 56255160 171 EU 176160768 
30 CHAIN 29 EU 149164968 172 EU 1638400 173 EU 149164968 174 NA 41636560 175 EU 5898240 
31 CHAIN 30 NA 41636560 176 EU 149164968 177 EU 176160768 178 NA 13480656 179 EU 149164968 
32 CHAIN 31 EU 176160768 180 EU 176160768 181 NA 48067448 182 EU 149164968 183 NA 66605352 
33 CHAIN 32 EU 56255160 184 NA 24371136 185 EU 11591680 186 EU 176160768 187 EU 19660800 
34 CHAIN 33 EU 55892616 188 EU 149164968 189 NA 66605352 190 EU 19660800 191 EU 28672000 
35 CHAIN 34 NA 66605352 192 NA 66605352 193 EU 12288000 194 EU 149164968 195 EU 55892616 
36 CHAIN 35 EU 149164968 196 NA 66605352 197 EU 56255160 198 EU 48375432 199 EU 54222072 
37 CHAIN 36 EU 28820368 200 EU 28672000 201 EU 19660800 202 EU 34292528 203 EU 149164968 
38 CHAIN 37 EU 54222072 204 NA 41636560 205 NA 48067448 206 EU 149164968 207 EU 16777216 
39 CHAIN 38 EU 149164968 208 EU 43927184 209 EU 149164968 210 EU 55892616 211 EU 6296704 
40 CHAIN 39 NA 66605352 212 EU 149164968 213 NA 41636560 214 EU 54222072 215 EU 11591680 
41 CHAIN 40 EU 54222072 216 EU 16777216 217 NA 66605352 218 EU 56255160 219 EU 48375432 
42 CHAIN 41 EU 11591680 220 EU 5898240 221 EU 149164968 222 EU 176160768 223 EU 54222072 
43 CHAIN 42 EU 176160768 224 EU 149164968 225 NA 66605352 226 EU 54222072 227 EU 56255160 
44 CHAIN 43 EU 12288000 228 NA 66605352 229 EU 176160768 230 EU 56255160 231 EU 48375432 
45 CHAIN 44 EU 149164968 232 NA 48067448 233 EU 149164968 234 NA 41636560 235 EU 19660800 
46 CHAIN 45 EU 28820368 236 EU 11591680 237 EU 28820368 238 EU 43927184 239 EU 56255160 
47 CHAIN 46 NA 8388608 240 EU 48375432 241 EU 43927184 242 EU 149164968 243 NA 66605352 
48 CHAIN 47 EU 149164968 244 EU 8192000 245 EU 28672000 246 EU 48375432 247 EU 176160768 
49 CHAIN 48 EU 28820368 248 EU 149164968 249 EU 16777216 250 EU 43927184 251 EU 149164968 
50 CHAIN 49 NA 66605352 252 EU 28820368 253 EU 43927184 254 EU 149164968 255 NA 66605352 
51 CHAIN 50 EU 56255160 256 NA 8388608 257 EU 56255160 258 NA 24371136 259 EU 43927184 
52 CHAIN 51 NA 41636560 260 EU 149164968 261 EU 55892616 262 EU 34292528 263 EU 149164968 
53 CHAIN 52 EU 55892616 264 EU 48375432 265 EU 54222072 266 EU 56255160 267 EU 16777216 
54 CHAIN 53 EU 56255160 268 EU 4096000 269 EU 11591680 270 EU 55892616 271 NA 13480656 
55 CHAIN 54 NA 41636560 272 EU 149164968 273 EU 55892616 274 EU 43927184 275 EU 56255160 
56 CHAIN 55 EU 54222072 276 NA 66605352 277 NA 4194304 278 EU 28672000 279 NA 66605352 
