0 BRANCH 0 EU 28820368 1 NA 48067448 2 EU 56255160 3 EU 55892616 4 NA 48067448 5 EU 2097152 6 EU 48375432 7 NA 24371136 8 EU 56255160 9 EU 55892616 10 NA 48067448 11 EU 149164968 12 EU 176160768 13 NA 66605352 14 EU 28672000 15 EU 176160768 16 NA 8388608 17 EU 149164968 18 NA 41636560 19 EU 54222072 20 EU 149164968 21 EU 176160768 22 EU 3178584 23 EU 149164968 24 EU 28820368 25 NA 48067448 26 EU 28672000 27 EU 176160768 28 EU 6296704 29 EU 56255160 30 NA 66605352 31 NA 48067448 32 EU 149164968 33 NA 24371136 34 EU 12288000 35 EU 11591680 36 EU 55892616 37 NA 66605352 38 EU 28672000 39 EU 16777216 40 EU 43927184 41 EU 56255160 42 EU 48375432 43 EU 54222072 44 EU 56255160 45 EU 176160768 46 NA 48067448 47 EU 56255160 48 EU 176160768 49 NA 24371136 50 EU 149164968 51 EU 176160768 52 NA 66605352 53 EU 28672000 54 EU 176160768 55 NA 8388608 
1 CHAIN 0 EU 28820368 56 EU 149164968 57 EU 48375432 58 NA 8388608 59 EU 149164968 
2 CHAIN 1 NA 48067448 60 NA 41636560 61 NA 48067448 62 EU 56255160 63 EU 55892616 
3 CHAIN 2 EU 56255160 64 EU 6296704 65 EU 11591680 66 NA 24371136 67 EU 34292528 
4 CHAIN 3 EU 55892616 68 EU 149164968 69 NA 24371136 70 EU 43927184 71 EU 149164968 
5 CHAIN 4 NA 48067448 72 EU 16777216 73 EU 48375432 74 EU 149164968 75 EU 34292528 
6 CHAIN 5 EU 2097152 76 EU 43927184 77 EU 149164968 78 NA 66605352 79 NA 8388608 
7 CHAIN 6 EU 48375432 80 EU 149164968 81 EU 48375432 82 EU 54222072 83 EU 149164968 
8 CHAIN 7 NA 24371136 84 EU 34292528 85 EU 54222072 86 EU 149164968 87 EU 48375432 
9 CHAIN 8 EU 56255160 88 NA 48067448 89 EU 11591680 90 NA 66605352 91 NA 48067448 
10 CHAIN 9 EU 55892616 92 EU 56255160 93 NA 66605352 94 NA 41636560 95 EU 28672000 
11 CHAIN 10 NA 48067448 96 EU 48375432 97 NA 66605352 98 EU 56255160 99 EU 16777216 
12 CHAIN 11 EU 149164968 100 NA 4194304 101 EU 56255160 102 NA 41636560 103 EU 176160768 
13 CHAIN 12 EU 176160768 104 EU 149164968 105 EU 55892616 106 NA 4194304 107 EU 149164968 
14 CHAIN 13 NA 66605352 108 NA 24371136 109 NA 66605352 110 EU 56255160 111 EU 28820368 
15 CHAIN 14 EU 28672000 112 EU 54222072 113 EU 56255160 114 NA 66605352 115 EU 43927184 
16 CHAIN 15 EU 176160768 116 EU 149164968 117 EU 55892616 118 NA 9216000 119 EU 149164968 
17 CHAIN 16 NA 8388608 120 EU 16777216 121 EU 12288000 122 EU 56255160 123 NA 66605352 
18 CHAIN 17 EU 149164968 124 NA 48067448 125 EU 149164968 126 EU 48375432 127 EU 176160768 
19 CHAIN 18 NA 41636560 128 EU 28672000 129 EU 48375432 130 NA 41636560 131 EU 149164968 
20 CHAIN 19 EU 54222072 132 EU 48375432 133 EU 54222072 134 EU 149164968 135 EU 34292528 
21 CHAIN 20 EU 149164968 136 NA 41636560 137 EU 28672000 138 EU 16777216 139 NA 66605352 
22 CHAIN 21 EU 176160768 140 EU 28672000 141 EU 34292528 142 EU 55892616 143 EU 149164968 
23 CHAIN 22 EU 3178584 144 EU 176160768 145 NA 66605352 146 EU 56255160 147 EU 19660800 
24 CHAIN 23 EU 149164968 148 EU 8192000 149 EU 56255160 150 EU 176160768 151 NA 9216000 
25 CHAIN 24 EU 28820368 152 EU 56255160 153 NA 66605352 154 EU 3178584 155 EU 149164968 
26 CHAIN 25 NA 48067448 156 EU 55892616 157 NA 4194304 158 EU 56255160 159 EU 28820368 
27 CHAIN 26 EU 28672000 160 EU 5898240 161 EU 28672000 162 NA 66605352 163 NA 8388608 
28 CHAIN 27 EU 176160768 164 EU 56255160 165 EU 55892616 166 EU 6296704 167 EU 56255160 
29 CHAIN 28 EU 6296704 168 EU 48375432 169 NA 48067448 170 EU 2097152 171 EU 16777216 
30 CHAIN 29 EU 56255160 172 EU 176160768 173 EU 149164968 174 NA 66605352 175 NA 48067448 
31 CHAIN 30 NA 66605352 176 EU 149164968 177 EU 19660800 178 EU 54222072 179 EU 56255160 
32 CHAIN 31 NA 48067448 180 EU 48375432 181 NA 48067448 182 EU 149164968 183 NA 24371136 
33 CHAIN 32 EU 149164968 184 NA 48067448 185 EU 149164968 186 EU 48375432 187 EU 54222072 
34 CHAIN 33 NA 24371136 188 EU 149164968 189 EU 176160768 190 NA 819200 191 EU 149164968 
35 CHAIN 34 EU 12288000 192 EU 28820368 193 EU 43927184 194 NA 819200 195 EU 16777216 
36 CHAIN 35 EU 11591680 196 NA 66605352 197 EU 56255160 198 EU 28820368 199 EU 43927184 
37 CHAIN 36 EU 55892616 200 EU 149164968 201 NA 66605352 202 EU 1024000 203 EU 56255160 
38 CHAIN 37 NA 66605352 204 EU 176160768 205 EU 5898240 206 EU 56255160 207 EU 19660800 
39 CHAIN 38 EU 28672000 208 EU 43927184 209 EU 11591680 210 EU 28820368 211 EU 34292528 
40 CHAIN 39 EU 16777216 212 EU 149164968 213 EU 28820368 214 EU 12288000 215 EU 149164968 
41 CHAIN 40 EU 43927184 216 EU 176160768 217 EU 54222072 218 EU 56255160 219 EU 55892616 
42 CHAIN 41 EU 56255160 220 EU 54222072 221 EU 56255160 222 EU 176160768 223 NA 9216000 
43 CHAIN 42 EU 48375432 224 EU 149164968 225 EU 16777216 226 EU 43927184 227 EU 149164968 
44 CHAIN 43 EU 54222072 228 NA 41636560 229 EU 43927184 230 EU 56255160 231 EU 19660800 
45 CHAIN 44 EU 56255160 232 NA 48067448 233 EU 56255160 234 EU 176160768 235 EU 12288000 
46 CHAIN 45 EU 176160768 236 EU 56255160 237 EU 176160768 238 EU 12288000 239 EU 56255160 
47 CHAIN 46 NA 48067448 240 EU 28820368 241 EU 176160768 242 EU 56255160 243 EU 55892616 
48 CHAIN 47 EU 56255160 244 NA 8388608 245 EU 149164968 246 EU 176160768 247 EU 54222072 
49 CHAIN 48 EU 176160768 248 EU 149164968 249 NA 66605352 250 EU 55892616 251 EU 149164968 
50 CHAIN 49 NA 24371136 252 EU 176160768 253 EU 54222072 254 EU 28672000 255 EU 176160768 
51 CHAIN 50 EU 149164968 256 NA 5079504 257 EU 11591680 258 EU 55892616 259 EU 8192000 
52 CHAIN 51 EU 176160768 260 EU 149164968 261 EU 48375432 262 NA 48067448 263 EU 149164968 
53 CHAIN 52 NA 66605352 264 EU 28820368 265 NA 48067448 266 EU 149164968 267 EU 28820368 
54 CHAIN 53 EU 28672000 268 EU 6296704 269 EU 56255160 270 EU 55892616 271 EU 6296704 
55 CHAIN 54 EU 176160768 272 EU 56255160 273 NA 24371136 274 EU 43927184 275 EU 56255160 
56 CHAIN 55 NA 8388608 276 NA 66605352 277 NA 4194304 278 EU 149164968 279 NA 41636560 
