0 BRANCH 0 EU 48375432 1 NA 48067448 2 EU 149164968 3 EU 48375432 4 EU 54222072 5 NA 819200 6 NA 66605352 7 EU 16777216 8 EU 149164968 9 NA 41636560 10 NA 48067448 11 EU 149164968 12 NA 66605352 13 NA 48067448 14 EU 56255160 15 EU 34292528 16 NA 48067448 17 EU 149164968 18 EU 48375432 19 NA 24371136 20 EU 56255160 21 EU 55892616 22 NA 9216000 23 EU 149164968 24 NA 66605352 25 EU 43927184 26 EU 56255160 27 NA 66605352 28 EU 16777216 29 EU 149164968 30 NA 66605352 31 EU 2129920 32 EU 28672000 33 EU 176160768 34 EU 12288000 35 EU 56255160 36 NA 24371136 37 EU 176160768 38 EU 56255160 39 EU 55892616 40 EU 28820368 41 EU 28672000 42 EU 55892616 43 NA 8388608 44 EU 149164968 45 EU 55892616 46 EU 54222072 47 EU 149164968 48 EU 19660800 49 EU 54222072 50 EU 149164968 51 EU 34292528 52 EU 55892616 53 EU 149164968 54 EU 48375432 55 EU 43927184 
1 CHAIN 0 EU 48375432 56 EU 11591680 57 NA 66605352 58 NA 48067448 59 NA 819200 
2 CHAIN 1 NA 48067448 60 EU 28820368 61 EU 54222072 62 EU 149164968 63 EU 55892616 
3 CHAIN 2 EU 149164968 64 NA 41636560 65 EU 11591680 66 NA 66605352 67 EU 54222072 
4 CHAIN 3 EU 48375432 68 EU 149164968 69 NA 24371136 70 NA 4194304 71 EU 149164968 
5 CHAIN 4 EU 54222072 72 EU 55892616 73 NA 9216000 74 EU 56255160 75 EU 48375432 
6 CHAIN 5 NA 819200 76 NA 3391304 77 EU 56255160 78 EU 176160768 79 EU 48375432 
7 CHAIN 6 NA 66605352 80 EU 28672000 81 NA 41636560 82 NA 66605352 83 EU 56255160 
8 CHAIN 7 EU 16777216 84 NA 41636560 85 EU 176160768 86 EU 56255160 87 EU 55892616 
9 CHAIN 8 EU 149164968 88 NA 48067448 89 EU 11591680 90 EU 176160768 91 EU 54222072 
10 CHAIN 9 NA 41636560 92 EU 149164968 93 EU 176160768 94 EU 43927184 95 EU 56255160 
11 CHAIN 10 NA 48067448 96 EU 176160768 97 EU 43927184 98 EU 149164968 99 EU 176160768 
12 CHAIN 11 EU 149164968 100 NA 13480656 101 EU 149164968 102 EU 176160768 103 EU 54222072 
13 CHAIN 12 NA 66605352 104 EU 149164968 105 EU 176160768 106 NA 48067448 107 EU 56255160 
14 CHAIN 13 NA 48067448 108 NA 24371136 109 EU 34292528 110 EU 56255160 111 EU 34292528 
15 CHAIN 14 EU 56255160 112 EU 54222072 113 EU 56255160 114 EU 176160768 115 EU 8192000 
16 CHAIN 15 EU 34292528 116 EU 149164968 117 EU 34292528 118 EU 54222072 119 EU 149164968 
17 CHAIN 16 NA 48067448 120 EU 48375432 121 EU 54222072 122 EU 149164968 123 NA 41636560 
18 CHAIN 17 EU 149164968 124 EU 28820368 125 EU 11591680 126 NA 41636560 127 EU 43927184 
19 CHAIN 18 EU 48375432 128 EU 56255160 129 EU 34292528 130 NA 13480656 131 EU 149164968 
20 CHAIN 19 NA 24371136 132 NA 66605352 133 EU 19660800 134 EU 149164968 135 EU 28820368 
21 CHAIN 20 EU 56255160 136 NA 13480656 137 EU 149164968 138 EU 28820368 139 EU 2129920 
22 CHAIN 21 EU 55892616 140 EU 28672000 141 NA 41636560 142 EU 54222072 143 EU 28672000 
23 CHAIN 22 NA 9216000 144 EU 34292528 145 EU 16777216 146 EU 149164968 147 EU 28820368 
24 CHAIN 23 EU 149164968 148 EU 54222072 149 EU 149164968 150 NA 41636560 151 EU 6296704 
25 CHAIN 24 NA 66605352 152 EU 149164968 153 EU 34292528 154 NA 66605352 155 EU 149164968 
26 CHAIN 25 EU 43927184 156 NA 66605352 157 EU 19660800 158 EU 11591680 159 NA 66605352 
27 CHAIN 26 EU 56255160 160 EU 55892616 161 EU 149164968 162 EU 16777216 163 EU 43927184 
28 CHAIN 27 NA 66605352 164 EU 149164968 165 EU 55892616 166 EU 19660800 167 EU 56255160 
29 CHAIN 28 EU 16777216 168 NA 66605352 169 NA 13480656 170 EU 149164968 171 EU 55892616 
30 CHAIN 29 EU 149164968 172 EU 54222072 173 EU 56255160 174 EU 16777216 175 NA 8388608 
31 CHAIN 30 NA 66605352 176 EU 28672000 177 NA 66605352 178 NA 48067448 179 EU 149164968 
32 CHAIN 31 EU 2129920 180 NA 24371136 181 EU 54222072 182 EU 149164968 183 NA 41636560 
33 CHAIN 32 EU 28672000 184 EU 5898240 185 EU 28672000 186 EU 48375432 187 EU 54222072 
34 CHAIN 33 EU 176160768 188 EU 28672000 189 EU 55892616 190 NA 8044008 191 EU 56255160 
35 CHAIN 34 EU 12288000 192 NA 66605352 193 NA 8388608 194 EU 149164968 195 NA 66605352 
36 CHAIN 35 EU 56255160 196 EU 43927184 197 EU 28672000 198 NA 66605352 199 EU 43927184 
37 CHAIN 36 NA 24371136 200 EU 56255160 201 NA 41636560 202 EU 54222072 203 EU 56255160 
38 CHAIN 37 EU 176160768 204 EU 55892616 205 EU 43927184 206 EU 149164968 207 NA 66605352 
39 CHAIN 38 EU 56255160 208 EU 12288000 209 EU 149164968 210 EU 176160768 211 NA 5079504 
40 CHAIN 39 EU 55892616 212 EU 11591680 213 EU 55892616 214 EU 54222072 215 EU 56255160 
41 CHAIN 40 EU 28820368 216 EU 176160768 217 NA 24371136 218 EU 56255160 219 EU 28820368 
42 CHAIN 41 EU 28672000 220 EU 43927184 221 EU 11591680 222 EU 55892616 223 EU 5898240 
43 CHAIN 42 EU 55892616 224 EU 56255160 225 EU 176160768 226 NA 48067448 227 EU 56255160 
44 CHAIN 43 NA 8388608 228 EU 19660800 229 EU 176160768 230 EU 149164968 231 EU 55892616 
45 CHAIN 44 EU 149164968 232 EU 43927184 233 EU 149164968 234 EU 48375432 235 NA 8044008 
46 CHAIN 45 EU 55892616 236 EU 149164968 237 EU 48375432 238 NA 24371136 239 EU 149164968 
47 CHAIN 46 EU 54222072 240 EU 176160768 241 NA 48067448 242 EU 56255160 243 EU 16777216 
48 CHAIN 47 EU 149164968 244 EU 43927184 245 EU 28672000 246 EU 48375432 247 NA 48067448 
49 CHAIN 48 EU 19660800 248 EU 56255160 249 EU 28820368 250 EU 34292528 251 EU 56255160 
50 CHAIN 49 EU 54222072 252 EU 34292528 253 EU 54222072 254 EU 56255160 255 EU 34292528 
51 CHAIN 50 EU 149164968 256 NA 4194304 257 EU 56255160 258 EU 34292528 259 EU 54222072 
52 CHAIN 51 EU 34292528 260 EU 56255160 261 NA 66605352 262 NA 48067448 263 EU 56255160 
53 CHAIN 52 EU 55892616 264 NA 24371136 265 NA 3391304 266 EU 56255160 267 NA 24371136 
54 CHAIN 53 EU 149164968 268 NA 48067448 269 EU 149164968 270 EU 34292528 271 EU 48375432 
55 CHAIN 54 EU 48375432 272 EU 149164968 273 EU 34292528 274 EU 176160768 275 EU 149164968 
56 CHAIN 55 EU 43927184 276 NA 41636560 277 EU 54222072 278 EU 149164968 279 EU 48375432 
