0 BRANCH 0 EU 176160768 1 NA 41636560 2 EU 56255160 3 EU 16777216 4 NA 8388608 5 EU 28672000 6 NA 24371136 7 EU 43927184 8 EU 28672000 9 NA 66605352 10 NA 1605632 11 EU 28672000 12 EU 176160768 13 NA 24371136 14 EU 56255160 15 EU 48375432 16 NA 24371136 17 EU 56255160 18 EU 28820368 19 EU 55892616 20 EU 56255160 21 EU 176160768 22 EU 54222072 23 EU 149164968 24 EU 48375432 25 EU 34292528 26 EU 56255160 27 EU 176160768 28 NA 48067448 29 EU 56255160 30 NA 41636560 31 EU 1638400 32 EU 56255160 33 EU 34292528 34 NA 13480656 35 EU 28672000 36 EU 55892616 37 NA 13480656 38 EU 149164968 39 EU 176160768 40 NA 13480656 41 EU 149164968 42 EU 48375432 43 EU 43927184 44 EU 149164968 45 EU 55892616 46 EU 19660800 47 EU 56255160 48 EU 28820368 49 EU 55892616 50 EU 28672000 51 NA 24371136 52 EU 1024000 53 EU 28672000 54 EU 34292528 55 EU 4096000 
1 CHAIN 0 EU 176160768 56 EU 149164968 57 NA 66605352 58 EU 55892616 59 EU 56255160 
2 CHAIN 1 NA 41636560 60 NA 41636560 61 EU 54222072 62 EU 149164968 63 EU 55892616 
3 CHAIN 2 EU 56255160 64 EU 54222072 65 EU 28672000 66 NA 66605352 67 EU 55892616 
4 CHAIN 3 EU 16777216 68 EU 149164968 69 EU 28820368 70 EU 4096000 71 EU 149164968 
5 CHAIN 4 NA 8388608 72 EU 28820368 73 NA 9216000 74 EU 149164968 75 EU 16777216 
6 CHAIN 5 EU 28672000 76 EU 48375432 77 EU 149164968 78 EU 55892616 79 NA 5079504 
7 CHAIN 6 NA 24371136 80 EU 28672000 81 EU 55892616 82 EU 19660800 83 EU 149164968 
8 CHAIN 7 EU 43927184 84 NA 66605352 85 NA 41636560 86 EU 56255160 87 EU 55892616 
9 CHAIN 8 EU 28672000 88 EU 3178584 89 EU 149164968 90 EU 16777216 91 EU 176160768 
10 CHAIN 9 NA 66605352 92 EU 56255160 93 EU 176160768 94 EU 54222072 95 EU 28672000 
11 CHAIN 10 NA 1605632 96 EU 28820368 97 EU 43927184 98 EU 56255160 99 NA 66605352 
12 CHAIN 11 EU 28672000 100 EU 4096000 101 NA 819200 102 EU 55892616 103 NA 8388608 
13 CHAIN 12 EU 176160768 104 EU 28672000 105 EU 48375432 106 EU 4096000 107 EU 149164968 
14 CHAIN 13 NA 24371136 108 EU 176160768 109 EU 54222072 110 EU 28672000 111 NA 24371136 
15 CHAIN 14 EU 56255160 112 EU 48375432 113 EU 56255160 114 EU 176160768 115 EU 43927184 
16 CHAIN 15 EU 48375432 116 EU 149164968 117 EU 176160768 118 EU 34292528 119 EU 28672000 
17 CHAIN 16 NA 24371136 120 NA 66605352 121 EU 43927184 122 EU 56255160 123 NA 66605352 
18 CHAIN 17 EU 56255160 124 EU 4096000 125 EU 149164968 126 EU 34292528 127 NA 4194304 
19 CHAIN 18 EU 28820368 128 EU 11591680 129 NA 66605352 130 EU 2048000 131 EU 149164968 
20 CHAIN 19 EU 55892616 132 EU 34292528 133 NA 48067448 134 EU 56255160 135 NA 41636560 
21 CHAIN 20 EU 56255160 136 NA 4194304 137 EU 56255160 138 NA 66605352 139 NA 48067448 
22 CHAIN 21 EU 176160768 140 EU 28672000 141 EU 34292528 142 EU 48375432 143 EU 28672000 
23 CHAIN 22 EU 54222072 144 EU 28820368 145 EU 43927184 146 EU 56255160 147 EU 176160768 
24 CHAIN 23 EU 149164968 148 NA 1605632 149 EU 28672000 150 NA 41636560 151 EU 43927184 
25 CHAIN 24 EU 48375432 152 EU 28672000 153 EU 28820368 154 NA 48067448 155 EU 149164968 
26 CHAIN 25 EU 34292528 156 EU 176160768 157 EU 43927184 158 EU 149164968 159 NA 66605352 
27 CHAIN 26 EU 56255160 160 NA 819200 161 EU 149164968 162 EU 48375432 163 EU 19660800 
28 CHAIN 27 EU 176160768 164 EU 11591680 165 EU 48375432 166 EU 4096000 167 EU 149164968 
29 CHAIN 28 NA 48067448 168 EU 16777216 169 NA 48067448 170 EU 11591680 171 EU 19660800 
30 CHAIN 29 EU 56255160 172 NA 3391304 173 EU 149164968 174 EU 48375432 175 EU 54222072 
31 CHAIN 30 NA 41636560 176 EU 149164968 177 NA 66605352 178 EU 176160768 179 EU 28672000 
32 CHAIN 31 EU 1638400 180 NA 66605352 181 EU 2457600 182 EU 149164968 183 EU 55892616 
33 CHAIN 32 EU 56255160 184 EU 2048000 185 EU 149164968 186 EU 19660800 187 EU 43927184 
34 CHAIN 33 EU 34292528 188 EU 28672000 189 NA 41636560 190 EU 54222072 191 EU 56255160 
35 CHAIN 34 NA 13480656 192 EU 176160768 193 EU 19660800 194 EU 149164968 195 NA 24371136 
36 CHAIN 35 EU 28672000 196 EU 43927184 197 EU 149164968 198 EU 176160768 199 NA 48067448 
37 CHAIN 36 EU 55892616 200 EU 56255160 201 EU 55892616 202 EU 54222072 203 EU 149164968 
38 CHAIN 37 NA 13480656 204 EU 28820368 205 EU 43927184 206 EU 149164968 207 NA 66605352 
39 CHAIN 38 EU 149164968 208 NA 48067448 209 EU 28672000 210 EU 28820368 211 NA 4194304 
40 CHAIN 39 EU 176160768 212 EU 149164968 213 NA 41636560 214 EU 12288000 215 EU 56255160 
41 CHAIN 40 NA 13480656 216 EU 48375432 217 EU 54222072 218 EU 149164968 219 EU 19660800 
42 CHAIN 41 EU 149164968 220 NA 48067448 221 EU 56255160 222 EU 48375432 223 EU 43927184 
43 CHAIN 42 EU 48375432 224 EU 149164968 225 EU 28820368 226 EU 2457600 227 EU 149164968 
44 CHAIN 43 EU 43927184 228 EU 28820368 229 EU 43927184 230 EU 11591680 231 EU 28820368 
45 CHAIN 44 EU 149164968 232 EU 4096000 233 EU 149164968 234 EU 55892616 235 EU 54222072 
46 CHAIN 45 EU 55892616 236 EU 149164968 237 EU 28820368 238 EU 176160768 239 EU 11591680 
47 CHAIN 46 EU 19660800 240 EU 55892616 241 EU 43927184 242 EU 56255160 243 EU 55892616 
48 CHAIN 47 EU 56255160 244 NA 48067448 245 EU 11591680 246 NA 66605352 247 EU 16777216 
49 CHAIN 48 EU 28820368 248 EU 2097152 249 NA 41636560 250 NA 8388608 251 EU 56255160 
50 CHAIN 49 EU 55892616 252 EU 176160768 253 EU 54222072 254 EU 149164968 255 NA 41636560 
51 CHAIN 50 EU 28672000 256 EU 54222072 257 EU 56255160 258 EU 48375432 259 EU 176160768 
52 CHAIN 51 NA 24371136 260 EU 149164968 261 EU 48375432 262 EU 16777216 263 EU 28672000 
53 CHAIN 52 EU 1024000 264 EU 16777216 265 EU 48375432 266 EU 28672000 267 NA 66605352 
54 CHAIN 53 EU 28672000 268 EU 43927184 269 EU 149164968 270 EU 34292528 271 NA 13480656 
55 CHAIN 54 EU 34292528 272 EU 149164968 273 NA 41636560 274 EU 54222072 275 EU 149164968 
56 CHAIN 55 EU 4096000 276 NA 41636560 277 EU 43927184 278 EU 28672000 279 EU 34292528 
