0 BRANCH 0 NA 66605352 1 EU 43927184 2 EU 149164968 3 EU 28820368 4 NA 13480656 5 EU 149164968 6 EU 48375432 7 EU 43927184 8 EU 149164968 9 EU 55892616 10 EU 43927184 11 EU 56255160 12 NA 41636560 13 EU 43927184 14 EU 56255160 15 NA 66605352 16 EU 16777216 17 EU 149164968 18 EU 34292528 19 EU 176160768 20 EU 149164968 21 NA 66605352 22 NA 48067448 23 EU 149164968 24 EU 28820368 25 EU 54222072 26 EU 149164968 27 EU 176160768 28 NA 8388608 29 EU 149164968 30 EU 34292528 31 EU 8192000 32 EU 28672000 33 EU 34292528 34 EU 43927184 35 EU 56255160 36 NA 66605352 37 NA 8388608 38 EU 11591680 39 NA 66605352 40 NA 48067448 41 EU 56255160 42 NA 24371136 43 NA 4194304 44 EU 149164968 45 EU 48375432 46 NA 48067448 47 EU 56255160 48 EU 176160768 49 NA 48067448 50 EU 56255160 51 NA 24371136 52 EU 176160768 53 EU 56255160 54 NA 24371136 55 NA 5079504 
1 CHAIN 0 NA 66605352 56 EU 28672000 57 EU 48375432 58 EU 4096000 59 EU 56255160 
2 CHAIN 1 EU 43927184 60 NA 41636560 61 EU 43927184 62 EU 56255160 63 NA 41636560 
3 CHAIN 2 EU 149164968 64 EU 54222072 65 EU 56255160 66 EU 55892616 67 EU 19660800 
4 CHAIN 3 EU 28820368 68 EU 149164968 69 NA 66605352 70 NA 48067448 71 EU 56255160 
5 CHAIN 4 NA 13480656 72 EU 55892616 73 EU 48375432 74 EU 56255160 75 EU 48375432 
6 CHAIN 5 EU 149164968 76 NA 8044008 77 EU 56255160 78 EU 34292528 79 NA 819200 
7 CHAIN 6 EU 48375432 80 EU 28672000 81 EU 176160768 82 EU 8192000 83 EU 56255160 
8 CHAIN 7 EU 43927184 84 EU 16777216 85 EU 176160768 86 EU 149164968 87 NA 66605352 
9 CHAIN 8 EU 149164968 88 EU 4096000 89 EU 28672000 90 EU 55892616 91 EU 2457600 
10 CHAIN 9 EU 55892616 92 EU 28672000 93 EU 55892616 94 NA 48067448 95 EU 28672000 
11 CHAIN 10 EU 43927184 96 EU 34292528 97 EU 55892616 98 EU 149164968 99 EU 176160768 
12 CHAIN 11 EU 56255160 100 NA 66605352 101 EU 149164968 102 EU 48375432 103 NA 48067448 
13 CHAIN 12 NA 41636560 104 EU 149164968 105 EU 16777216 106 EU 12288000 107 EU 56255160 
14 CHAIN 13 EU 43927184 108 EU 176160768 109 EU 54222072 110 EU 56255160 111 EU 28820368 
15 CHAIN 14 EU 56255160 112 EU 43927184 113 EU 149164968 114 EU 55892616 115 NA 66605352 
16 CHAIN 15 NA 66605352 116 EU 149164968 117 EU 176160768 118 NA 48067448 119 EU 28672000 
17 CHAIN 16 EU 16777216 120 NA 66605352 121 NA 48067448 122 EU 149164968 123 NA 41636560 
18 CHAIN 17 EU 149164968 124 NA 8044008 125 EU 149164968 126 NA 41636560 127 EU 5898240 
19 CHAIN 18 EU 34292528 128 EU 149164968 129 EU 34292528 130 EU 8192000 131 EU 149164968 
20 CHAIN 19 EU 176160768 132 NA 66605352 133 EU 8192000 134 EU 149164968 135 EU 34292528 
21 CHAIN 20 EU 149164968 136 NA 66605352 137 EU 28672000 138 NA 41636560 139 EU 43927184 
22 CHAIN 21 NA 66605352 140 EU 149164968 141 EU 19660800 142 NA 13480656 143 EU 56255160 
23 CHAIN 22 NA 48067448 144 NA 24371136 145 EU 19660800 146 EU 149164968 147 EU 55892616 
24 CHAIN 23 EU 149164968 148 EU 1638400 149 EU 56255160 150 NA 24371136 151 NA 5079504 
25 CHAIN 24 EU 28820368 152 EU 28672000 153 NA 66605352 154 NA 819200 155 EU 149164968 
26 CHAIN 25 EU 54222072 156 NA 41636560 157 NA 5079504 158 EU 149164968 159 EU 176160768 
27 CHAIN 26 EU 149164968 160 NA 8044008 161 EU 149164968 162 EU 55892616 163 EU 54222072 
28 CHAIN 27 EU 176160768 164 EU 11591680 165 NA 41636560 166 EU 176160768 167 EU 56255160 
29 CHAIN 28 NA 8388608 168 EU 48375432 169 EU 6296704 170 EU 56255160 171 EU 19660800 
30 CHAIN 29 EU 149164968 172 EU 176160768 173 EU 149164968 174 EU 55892616 175 EU 43927184 
31 CHAIN 30 EU 34292528 176 EU 149164968 177 EU 176160768 178 EU 54222072 179 EU 56255160 
32 CHAIN 31 EU 8192000 180 EU 34292528 181 EU 4096000 182 EU 28672000 183 EU 176160768 
33 CHAIN 32 EU 28672000 184 EU 43927184 185 EU 56255160 186 EU 48375432 187 NA 66605352 
34 CHAIN 33 EU 34292528 188 EU 149164968 189 NA 66605352 190 NA 48067448 191 EU 149164968 
35 CHAIN 34 EU 43927184 192 EU 34292528 193 EU 43927184 194 EU 28672000 195 NA 66605352 
36 CHAIN 35 EU 56255160 196 EU 4096000 197 EU 28672000 198 EU 28820368 199 EU 54222072 
37 CHAIN 36 NA 66605352 200 EU 28672000 201 NA 66605352 202 NA 8388608 203 EU 56255160 
38 CHAIN 37 NA 8388608 204 EU 28820368 205 EU 43927184 206 EU 11591680 207 NA 24371136 
39 CHAIN 38 EU 11591680 208 NA 48067448 209 EU 149164968 210 EU 48375432 211 EU 2048000 
40 CHAIN 39 NA 66605352 212 EU 56255160 213 EU 55892616 214 EU 54222072 215 EU 149164968 
41 CHAIN 40 NA 48067448 216 EU 55892616 217 EU 43927184 218 EU 149164968 219 NA 66605352 
42 CHAIN 41 EU 56255160 220 EU 54222072 221 EU 28672000 222 EU 19660800 223 NA 48067448 
43 CHAIN 42 NA 24371136 224 EU 56255160 225 EU 34292528 226 EU 54222072 227 EU 28672000 
44 CHAIN 43 NA 4194304 228 EU 34292528 229 EU 43927184 230 EU 28672000 231 NA 66605352 
45 CHAIN 44 EU 149164968 232 NA 41636560 233 EU 28672000 234 NA 66605352 235 EU 54222072 
46 CHAIN 45 EU 48375432 236 EU 149164968 237 NA 41636560 238 EU 1064960 239 NA 819200 
47 CHAIN 46 NA 48067448 240 EU 16777216 241 NA 9216000 242 EU 149164968 243 EU 16777216 
48 CHAIN 47 EU 56255160 244 EU 19660800 245 EU 56255160 246 EU 55892616 247 EU 48375432 
49 CHAIN 48 EU 176160768 248 EU 28672000 249 NA 66605352 250 NA 41636560 251 EU 149164968 
50 CHAIN 49 NA 48067448 252 EU 176160768 253 NA 48067448 254 EU 149164968 255 EU 176160768 
51 CHAIN 50 EU 56255160 256 EU 54222072 257 EU 149164968 258 NA 24371136 259 EU 43927184 
52 CHAIN 51 NA 24371136 260 EU 56255160 261 EU 176160768 262 NA 13480656 263 EU 11591680 
53 CHAIN 52 EU 176160768 264 EU 34292528 265 NA 13480656 266 EU 149164968 267 EU 28820368 
54 CHAIN 53 EU 56255160 268 NA 48067448 269 EU 56255160 270 EU 48375432 271 NA 8388608 
55 CHAIN 54 NA 24371136 272 EU 56255160 273 EU 19660800 274 EU 55892616 275 EU 149164968 
56 CHAIN 55 NA 5079504 276 EU 55892616 277 EU 54222072 278 EU 149164968 279 NA 24371136 
