0 BRANCH 0 NA 41636560 1 EU 43927184 2 EU 149164968 3 EU 34292528 4 EU 54222072 5 EU 11591680 6 EU 16777216 7 EU 54222072 8 EU 56255160 9 EU 19660800 10 EU 12288000 11 EU 149164968 12 EU 48375432 13 EU 54222072 14 EU 149164968 15 EU 48375432 16 EU 6296704 17 EU 56255160 18 EU 48375432 19 NA 8388608 20 EU 149164968 21 EU 48375432 22 NA 13480656 23 EU 56255160 24 EU 34292528 25 EU 43927184 26 EU 56255160 27 EU 55892616 28 NA 9216000 29 EU 149164968 30 EU 48375432 31 NA 5079504 32 EU 149164968 33 NA 41636560 34 EU 54222072 35 EU 56255160 36 NA 24371136 37 NA 13480656 38 EU 2097152 39 EU 176160768 40 NA 13480656 41 EU 149164968 42 NA 24371136 43 NA 66605352 44 EU 28672000 45 EU 176160768 46 EU 28820368 47 EU 28672000 48 EU 48375432 49 EU 43927184 50 EU 149164968 51 EU 55892616 52 EU 43927184 53 EU 28672000 54 NA 41636560 55 EU 19660800 
1 CHAIN 0 NA 41636560 56 EU 11591680 57 NA 66605352 58 NA 5079504 59 EU 11591680 
2 CHAIN 1 EU 43927184 60 NA 41636560 61 NA 48067448 62 EU 149164968 63 NA 66605352 
3 CHAIN 2 EU 149164968 64 EU 43927184 65 EU 149164968 66 EU 55892616 67 EU 54222072 
4 CHAIN 3 EU 34292528 68 EU 28672000 69 EU 55892616 70 NA 9216000 71 EU 149164968 
5 CHAIN 4 EU 54222072 72 NA 66605352 73 NA 13480656 74 EU 56255160 75 EU 28820368 
6 CHAIN 5 EU 11591680 76 NA 13480656 77 EU 11591680 78 EU 176160768 79 EU 28820368 
7 CHAIN 6 EU 16777216 80 EU 149164968 81 EU 48375432 82 EU 176160768 83 EU 149164968 
8 CHAIN 7 EU 54222072 84 NA 66605352 85 EU 54222072 86 EU 56255160 87 EU 55892616 
9 CHAIN 8 EU 56255160 88 EU 54222072 89 EU 149164968 90 EU 55892616 91 EU 3178584 
10 CHAIN 9 EU 19660800 92 EU 149164968 93 EU 48375432 94 NA 5079504 95 EU 149164968 
11 CHAIN 10 EU 12288000 96 EU 48375432 97 EU 5898240 98 EU 56255160 99 EU 176160768 
12 CHAIN 11 EU 149164968 100 NA 66605352 101 EU 28672000 102 NA 41636560 103 EU 54222072 
13 CHAIN 12 EU 48375432 104 EU 149164968 105 EU 176160768 106 NA 8388608 107 EU 149164968 
14 CHAIN 13 EU 54222072 108 NA 66605352 109 NA 41636560 110 EU 11591680 111 EU 34292528 
15 CHAIN 14 EU 149164968 112 EU 48375432 113 EU 28672000 114 NA 66605352 115 EU 43927184 
16 CHAIN 15 EU 48375432 116 EU 56255160 117 EU 176160768 118 EU 43927184 119 EU 11591680 
17 CHAIN 16 EU 6296704 120 EU 28820368 121 NA 48067448 122 EU 149164968 123 EU 48375432 
18 CHAIN 17 EU 56255160 124 NA 48067448 125 EU 149164968 126 EU 55892616 127 NA 5079504 
19 CHAIN 18 EU 48375432 128 EU 11591680 129 EU 28820368 130 NA 48067448 131 EU 11591680 
20 CHAIN 19 NA 8388608 132 EU 34292528 133 NA 8388608 134 NA 819200 135 NA 24371136 
21 CHAIN 20 EU 149164968 136 EU 12288000 137 EU 149164968 138 NA 24371136 139 NA 8044008 
22 CHAIN 21 EU 48375432 140 EU 28672000 141 EU 34292528 142 NA 48067448 143 EU 56255160 
23 CHAIN 22 NA 13480656 144 NA 24371136 145 NA 41636560 146 EU 149164968 147 EU 34292528 
24 CHAIN 23 EU 56255160 148 EU 48375432 149 EU 28672000 150 EU 16777216 151 EU 8192000 
25 CHAIN 24 EU 34292528 152 EU 149164968 153 EU 48375432 154 NA 48067448 155 EU 149164968 
26 CHAIN 25 EU 43927184 156 EU 176160768 157 EU 12288000 158 EU 149164968 159 EU 28820368 
27 CHAIN 26 EU 56255160 160 EU 176160768 161 EU 149164968 162 EU 28820368 163 EU 176160768 
28 CHAIN 27 EU 55892616 164 EU 149164968 165 EU 28820368 166 NA 48067448 167 EU 149164968 
29 CHAIN 28 NA 9216000 168 EU 19660800 169 EU 43927184 170 EU 28672000 171 EU 19660800 
30 CHAIN 29 EU 149164968 172 EU 54222072 173 EU 28672000 174 EU 16777216 175 NA 4194304 
31 CHAIN 30 EU 48375432 176 EU 56255160 177 NA 24371136 178 EU 176160768 179 EU 149164968 
32 CHAIN 31 NA 5079504 180 NA 41636560 181 EU 54222072 182 EU 11591680 183 EU 48375432 
33 CHAIN 32 EU 149164968 184 NA 48067448 185 EU 56255160 186 NA 66605352 187 EU 3178584 
34 CHAIN 33 NA 41636560 188 EU 56255160 189 EU 48375432 190 EU 19660800 191 EU 56255160 
35 CHAIN 34 EU 54222072 192 NA 66605352 193 EU 12288000 194 EU 56255160 195 EU 19660800 
36 CHAIN 35 EU 56255160 196 NA 48067448 197 EU 28672000 198 EU 34292528 199 EU 16777216 
37 CHAIN 36 NA 24371136 200 EU 149164968 201 EU 48375432 202 NA 9216000 203 EU 149164968 
38 CHAIN 37 NA 13480656 204 NA 66605352 205 EU 54222072 206 EU 56255160 207 EU 48375432 
39 CHAIN 38 EU 2097152 208 NA 5079504 209 EU 56255160 210 EU 48375432 211 EU 43927184 
40 CHAIN 39 EU 176160768 212 EU 11591680 213 EU 48375432 214 EU 6296704 215 EU 149164968 
41 CHAIN 40 NA 13480656 216 NA 66605352 217 NA 48067448 218 EU 149164968 219 NA 24371136 
42 CHAIN 41 EU 149164968 220 NA 48067448 221 EU 149164968 222 NA 66605352 223 EU 55892616 
43 CHAIN 42 NA 24371136 224 EU 56255160 225 EU 19660800 226 EU 55892616 227 EU 149164968 
44 CHAIN 43 NA 66605352 228 EU 28820368 229 EU 54222072 230 EU 56255160 231 EU 28820368 
45 CHAIN 44 EU 28672000 232 NA 8388608 233 EU 149164968 234 EU 19660800 235 EU 55892616 
46 CHAIN 45 EU 176160768 236 EU 56255160 237 EU 55892616 238 NA 8388608 239 EU 11591680 
47 CHAIN 46 EU 28820368 240 NA 66605352 241 EU 176160768 242 EU 56255160 243 EU 34292528 
48 CHAIN 47 EU 28672000 244 EU 176160768 245 EU 149164968 246 EU 176160768 247 EU 6296704 
49 CHAIN 48 EU 48375432 248 EU 56255160 249 EU 176160768 250 EU 54222072 251 EU 28672000 
50 CHAIN 49 EU 43927184 252 NA 24371136 253 NA 8044008 254 EU 149164968 255 EU 55892616 
51 CHAIN 50 EU 149164968 256 NA 48067448 257 EU 149164968 258 EU 55892616 259 NA 5079504 
52 CHAIN 51 EU 55892616 260 EU 28672000 261 EU 34292528 262 EU 55892616 263 EU 28672000 
53 CHAIN 52 EU 43927184 264 EU 176160768 265 EU 6296704 266 EU 56255160 267 NA 66605352 
54 CHAIN 53 EU 28672000 268 EU 48375432 269 EU 149164968 270 EU 16777216 271 NA 13480656 
55 CHAIN 54 NA 41636560 272 EU 28672000 273 NA 41636560 274 NA 8044008 275 EU 56255160 
56 CHAIN 55 EU 19660800 276 EU 48375432 277 NA 8388608 278 EU 56255160 279 NA 66605352 
