0 BRANCH 0 EU 176160768 1 NA 8044008 2 EU 56255160 
1 CHAIN 0 EU 176160768 3 NA 66605352 4 EU 54222072 5 EU 56255160 
2 CHAIN 1 NA 8044008 6 NA 41636560 7 NA 48067448 8 EU 149164968 
3 CHAIN 2 EU 56255160 9 EU 55892616 10 EU 4096000 11 EU 56255160 
4 HIDDEN_BRANCH 0 EU 176160768 12 EU 28820368 13 NA 48067448 14 EU 56255160 15 NA 66605352 
5 HIDDEN_BRANCH 1 NA 8044008 16 NA 8044008 17 EU 149164968 18 NA 66605352 19 EU 54222072 
6 HIDDEN_BRANCH 2 EU 56255160 20 EU 149164968 21 EU 48375432 22 EU 43927184 23 EU 149164968 
7 HIDDEN_CHAIN 3 NA 66605352 24 NA 24371136 25 EU 43927184 26 EU 56255160 27 EU 55892616 
8 HIDDEN_CHAIN 4 EU 54222072 28 NA 48067448 29 EU 28672000 30 EU 34292528 31 EU 54222072 
9 HIDDEN_CHAIN 5 EU 56255160 32 EU 56255160 33 EU 176160768 34 EU 43927184 35 EU 11591680 
10 HIDDEN_CHAIN 6 NA 41636560 36 EU 55892616 37 EU 12288000 38 EU 149164968 39 NA 24371136 
11 HIDDEN_CHAIN 7 NA 48067448 40 NA 66605352 41 EU 149164968 42 NA 41636560 43 NA 48067448 
12 HIDDEN_CHAIN 8 EU 149164968 44 EU 28672000 45 EU 34292528 46 EU 55892616 47 EU 149164968 
13 HIDDEN_CHAIN 9 EU 55892616 48 EU 34292528 49 NA 66605352 50 EU 28672000 51 EU 176160768 
14 HIDDEN_CHAIN 10 EU 4096000 52 NA 9216000 53 EU 28672000 54 NA 41636560 55 EU 3178584 
15 HIDDEN_CHAIN 11 EU 56255160 56 EU 28672000 57 NA 24371136 58 EU 43927184 59 EU 56255160 
