0 BRANCH 0 EU 55892616 1 EU 34292528 2 EU 11591680 
1 CHAIN 0 EU 55892616 3 NA 24371136 4 EU 54222072 5 EU 56255160 
2 CHAIN 1 EU 34292528 6 EU 48375432 7 EU 4096000 8 EU 149164968 
3 CHAIN 2 EU 11591680 9 EU 176160768 10 EU 54222072 11 EU 56255160 
4 HIDDEN_BRANCH 0 EU 55892616 12 EU 176160768 13 EU 43927184 14 EU 149164968 15 EU 48375432 
5 HIDDEN_BRANCH 1 EU 34292528 16 NA 5079504 17 EU 11591680 18 NA 41636560 19 NA 48067448 
6 HIDDEN_BRANCH 2 EU 11591680 20 EU 56255160 21 NA 24371136 22 EU 8192000 23 EU 149164968 
7 HIDDEN_CHAIN 3 NA 24371136 24 EU 176160768 25 NA 8388608 26 EU 149164968 27 NA 66605352 
8 HIDDEN_CHAIN 4 EU 54222072 28 EU 2457600 29 EU 56255160 30 EU 55892616 31 EU 43927184 
9 HIDDEN_CHAIN 5 EU 56255160 32 EU 28672000 33 EU 16777216 34 EU 43927184 35 EU 149164968 
10 HIDDEN_CHAIN 6 EU 48375432 36 EU 34292528 37 EU 4096000 38 EU 56255160 39 NA 41636560 
11 HIDDEN_CHAIN 7 EU 4096000 40 NA 48067448 41 EU 149164968 42 EU 28820368 43 NA 48067448 
12 HIDDEN_CHAIN 8 EU 149164968 44 EU 149164968 45 EU 176160768 46 EU 54222072 47 EU 149164968 
13 HIDDEN_CHAIN 9 EU 176160768 48 NA 66605352 49 EU 6296704 50 EU 56255160 51 NA 41636560 
14 HIDDEN_CHAIN 10 EU 54222072 52 EU 5898240 53 EU 149164968 54 EU 176160768 55 NA 48067448 
15 HIDDEN_CHAIN 11 EU 56255160 56 EU 149164968 57 NA 41636560 58 NA 5079504 59 EU 149164968 
