0 BRANCH 0 EU 176160768 1 NA 48067448 2 EU 56255160 
1 CHAIN 0 EU 176160768 3 NA 41636560 4 EU 43927184 5 EU 56255160 
2 CHAIN 1 NA 48067448 6 NA 41636560 7 EU 54222072 8 EU 149164968 
3 CHAIN 2 EU 56255160 9 NA 66605352 10 NA 48067448 11 EU 28672000 
4 HIDDEN_BRANCH 0 EU 176160768 12 EU 28820368 13 NA 48067448 14 EU 11591680 15 EU 48375432 
5 HIDDEN_BRANCH 1 NA 48067448 16 EU 54222072 17 EU 149164968 18 NA 24371136 19 NA 48067448 
6 HIDDEN_BRANCH 2 EU 56255160 20 EU 149164968 21 EU 55892616 22 EU 28820368 23 EU 149164968 
7 HIDDEN_CHAIN 3 NA 41636560 24 EU 34292528 25 EU 28820368 26 EU 149164968 27 EU 28820368 
8 HIDDEN_CHAIN 4 EU 43927184 28 EU 48375432 29 EU 149164968 30 EU 16777216 31 EU 54222072 
9 HIDDEN_CHAIN 5 EU 56255160 32 EU 149164968 33 EU 48375432 34 EU 6296704 35 EU 149164968 
10 HIDDEN_CHAIN 6 NA 41636560 36 NA 66605352 37 EU 54222072 38 EU 149164968 39 EU 19660800 
11 HIDDEN_CHAIN 7 EU 54222072 40 NA 8044008 41 EU 56255160 42 EU 34292528 43 NA 48067448 
12 HIDDEN_CHAIN 8 EU 149164968 44 EU 149164968 45 NA 24371136 46 NA 3391304 47 EU 56255160 
13 HIDDEN_CHAIN 9 NA 66605352 48 EU 28820368 49 NA 13480656 50 EU 149164968 51 EU 55892616 
14 HIDDEN_CHAIN 10 NA 48067448 52 NA 48067448 53 EU 56255160 54 NA 66605352 55 EU 1064960 
15 HIDDEN_CHAIN 11 EU 28672000 56 EU 149164968 57 NA 41636560 58 EU 34292528 59 EU 11591680 
