0 BRANCH 0 EU 28820368 1 NA 41636560 2 EU 149164968 
1 CHAIN 0 EU 28820368 3 EU 176160768 4 NA 5079504 5 EU 149164968 
2 CHAIN 1 NA 41636560 6 EU 55892616 7 EU 43927184 8 EU 149164968 
3 CHAIN 2 EU 149164968 9 NA 66605352 10 NA 5079504 11 EU 56255160 
4 HIDDEN_BRANCH 0 EU 28820368 12 EU 55892616 13 NA 48067448 14 EU 28672000 15 EU 176160768 
5 HIDDEN_BRANCH 1 NA 41636560 16 NA 66605352 17 EU 28672000 18 NA 66605352 19 NA 9216000 
6 HIDDEN_BRANCH 2 EU 149164968 20 EU 56255160 21 EU 48375432 22 EU 54222072 23 EU 149164968 
7 HIDDEN_CHAIN 3 EU 176160768 24 EU 28820368 25 NA 8388608 26 EU 56255160 27 NA 41636560 
8 HIDDEN_CHAIN 4 NA 5079504 28 EU 43927184 29 EU 56255160 30 EU 48375432 31 EU 54222072 
9 HIDDEN_CHAIN 5 EU 149164968 32 EU 56255160 33 EU 16777216 34 EU 4096000 35 EU 56255160 
10 HIDDEN_CHAIN 6 EU 55892616 36 EU 16777216 37 EU 176160768 38 EU 11591680 39 EU 55892616 
11 HIDDEN_CHAIN 7 EU 43927184 40 EU 4096000 41 EU 149164968 42 EU 48375432 43 EU 6296704 
12 HIDDEN_CHAIN 8 EU 149164968 44 EU 149164968 45 EU 176160768 46 EU 12288000 47 EU 56255160 
13 HIDDEN_CHAIN 9 NA 66605352 48 NA 66605352 49 NA 48067448 50 EU 28672000 51 NA 66605352 
14 HIDDEN_CHAIN 10 NA 5079504 52 EU 43927184 53 EU 149164968 54 NA 24371136 55 NA 48067448 
15 HIDDEN_CHAIN 11 EU 56255160 56 EU 149164968 57 NA 41636560 58 NA 48067448 59 EU 149164968 
