0 BRANCH 0 NA 41636560 1 NA 819200 2 EU 28672000 
1 CHAIN 0 NA 41636560 3 EU 48375432 4 EU 54222072 5 EU 28672000 
2 CHAIN 1 NA 819200 6 EU 34292528 7 NA 66605352 8 EU 56255160 
3 CHAIN 2 EU 28672000 9 EU 16777216 10 EU 8192000 11 EU 11591680 
4 HIDDEN_BRANCH 0 NA 41636560 12 NA 41636560 13 EU 54222072 14 EU 56255160 15 NA 41636560 
5 HIDDEN_BRANCH 1 NA 819200 16 EU 43927184 17 EU 56255160 18 EU 34292528 19 EU 43927184 
6 HIDDEN_BRANCH 2 EU 28672000 20 EU 149164968 21 EU 34292528 22 NA 48067448 23 EU 149164968 
7 HIDDEN_CHAIN 3 EU 48375432 24 EU 19660800 25 EU 43927184 26 EU 149164968 27 EU 176160768 
8 HIDDEN_CHAIN 4 EU 54222072 28 EU 54222072 29 EU 56255160 30 EU 16777216 31 EU 176160768 
9 HIDDEN_CHAIN 5 EU 28672000 32 EU 11591680 33 EU 48375432 34 EU 43927184 35 NA 819200 
10 HIDDEN_CHAIN 6 EU 34292528 36 NA 66605352 37 NA 8044008 38 EU 56255160 39 NA 41636560 
11 HIDDEN_CHAIN 7 NA 66605352 40 NA 48067448 41 EU 149164968 42 EU 176160768 43 NA 48067448 
12 HIDDEN_CHAIN 8 EU 56255160 44 NA 819200 45 EU 55892616 46 NA 9216000 47 EU 28672000 
13 HIDDEN_CHAIN 9 EU 16777216 48 EU 48375432 49 NA 8388608 50 EU 56255160 51 EU 48375432 
14 HIDDEN_CHAIN 10 EU 8192000 52 EU 6296704 53 EU 28672000 54 NA 24371136 55 EU 54222072 
15 HIDDEN_CHAIN 11 EU 11591680 56 EU 149164968 57 EU 28820368 58 EU 54222072 59 EU 149164968 
