0 BRANCH 0 NA 66605352 1 NA 48067448 2 EU 11591680 
1 CHAIN 0 NA 66605352 3 EU 48375432 4 EU 43927184 5 EU 149164968 
2 CHAIN 1 NA 48067448 6 EU 28820368 7 EU 12288000 8 EU 28672000 
3 CHAIN 2 EU 11591680 9 NA 66605352 10 EU 54222072 11 EU 11591680 
4 HIDDEN_BRANCH 0 NA 66605352 12 EU 55892616 13 EU 54222072 14 EU 149164968 15 EU 48375432 
5 HIDDEN_BRANCH 1 NA 48067448 16 NA 48067448 17 EU 56255160 18 EU 34292528 19 NA 819200 
6 HIDDEN_BRANCH 2 EU 11591680 20 EU 28672000 21 NA 41636560 22 EU 28820368 23 EU 11591680 
7 HIDDEN_CHAIN 3 EU 48375432 24 EU 176160768 25 NA 66605352 26 EU 149164968 27 EU 55892616 
8 HIDDEN_CHAIN 4 EU 43927184 28 NA 8388608 29 EU 149164968 30 EU 176160768 31 NA 48067448 
9 HIDDEN_CHAIN 5 EU 149164968 32 EU 56255160 33 EU 48375432 34 NA 66605352 35 EU 149164968 
10 HIDDEN_CHAIN 6 EU 28820368 36 EU 176160768 37 EU 54222072 38 EU 56255160 39 NA 66605352 
11 HIDDEN_CHAIN 7 EU 12288000 40 NA 4194304 41 EU 149164968 42 NA 66605352 43 EU 54222072 
12 HIDDEN_CHAIN 8 EU 28672000 44 EU 149164968 45 EU 48375432 46 EU 43927184 47 EU 56255160 
13 HIDDEN_CHAIN 9 NA 66605352 48 EU 176160768 49 EU 54222072 50 EU 149164968 51 EU 34292528 
14 HIDDEN_CHAIN 10 EU 54222072 52 EU 48375432 53 EU 56255160 54 EU 176160768 55 EU 2129920 
15 HIDDEN_CHAIN 11 EU 11591680 56 EU 149164968 57 EU 34292528 58 NA 48067448 59 EU 56255160 
