0 BRANCH 0 EU 28820368 1 EU 54222072 2 EU 28672000 
1 CHAIN 0 EU 28820368 3 EU 48375432 4 NA 13480656 5 EU 149164968 
2 CHAIN 1 EU 54222072 6 EU 55892616 7 NA 48067448 8 EU 28672000 
3 CHAIN 2 EU 28672000 9 EU 28820368 10 NA 13480656 11 EU 11591680 
4 HIDDEN_BRANCH 0 EU 28820368 12 EU 28820368 13 EU 43927184 14 EU 28672000 15 EU 19660800 
5 HIDDEN_BRANCH 1 EU 54222072 16 EU 176160768 17 EU 56255160 18 EU 48375432 19 NA 66605352 
6 HIDDEN_BRANCH 2 EU 28672000 20 EU 149164968 21 NA 66605352 22 NA 48067448 23 EU 149164968 
7 HIDDEN_CHAIN 3 EU 48375432 24 EU 28820368 25 NA 8388608 26 EU 56255160 27 EU 28820368 
8 HIDDEN_CHAIN 4 NA 13480656 28 EU 54222072 29 EU 149164968 30 EU 34292528 31 NA 66605352 
9 HIDDEN_CHAIN 5 EU 149164968 32 EU 149164968 33 NA 24371136 34 EU 54222072 35 EU 149164968 
10 HIDDEN_CHAIN 6 EU 55892616 36 NA 66605352 37 EU 12288000 38 EU 149164968 39 EU 34292528 
11 HIDDEN_CHAIN 7 NA 48067448 40 EU 176160768 41 NA 819200 42 EU 28820368 43 NA 48067448 
12 HIDDEN_CHAIN 8 EU 28672000 44 EU 28672000 45 NA 66605352 46 EU 43927184 47 EU 56255160 
13 HIDDEN_CHAIN 9 EU 28820368 48 EU 48375432 49 EU 8192000 50 EU 28672000 51 NA 24371136 
14 HIDDEN_CHAIN 10 NA 13480656 52 EU 28820368 53 EU 56255160 54 NA 41636560 55 EU 43927184 
15 HIDDEN_CHAIN 11 EU 11591680 56 EU 28672000 57 NA 66605352 58 NA 48067448 59 EU 149164968 
