0 BRANCH 0 EU 34292528 1 EU 4096000 2 EU 56255160 
1 CHAIN 0 EU 34292528 3 EU 28820368 4 NA 13480656 5 EU 11591680 
2 CHAIN 1 EU 4096000 6 NA 41636560 7 EU 28820368 8 EU 11591680 
3 CHAIN 2 EU 56255160 9 EU 34292528 10 NA 13480656 11 EU 149164968 
4 HIDDEN_BRANCH 0 EU 34292528 12 NA 66605352 13 EU 43927184 14 EU 11591680 15 EU 19660800 
5 HIDDEN_BRANCH 1 EU 4096000 16 NA 48067448 17 EU 28672000 18 EU 34292528 19 EU 54222072 
6 HIDDEN_BRANCH 2 EU 56255160 20 EU 56255160 21 EU 176160768 22 EU 5898240 23 EU 149164968 
7 HIDDEN_CHAIN 3 EU 28820368 24 NA 66605352 25 NA 41636560 26 EU 56255160 27 NA 41636560 
8 HIDDEN_CHAIN 4 NA 13480656 28 EU 43927184 29 EU 56255160 30 NA 66605352 31 EU 54222072 
9 HIDDEN_CHAIN 5 EU 11591680 32 EU 28672000 33 EU 48375432 34 EU 43927184 35 NA 819200 
10 HIDDEN_CHAIN 6 NA 41636560 36 NA 41636560 37 EU 54222072 38 EU 149164968 39 EU 34292528 
11 HIDDEN_CHAIN 7 EU 28820368 40 NA 8388608 41 EU 56255160 42 EU 55892616 43 NA 48067448 
12 HIDDEN_CHAIN 8 EU 11591680 44 EU 149164968 45 EU 48375432 46 NA 9216000 47 EU 149164968 
13 HIDDEN_CHAIN 9 EU 34292528 48 EU 55892616 49 NA 24371136 50 EU 149164968 51 EU 48375432 
14 HIDDEN_CHAIN 10 NA 13480656 52 NA 3391304 53 EU 149164968 54 EU 55892616 55 EU 34292528 
15 HIDDEN_CHAIN 11 EU 149164968 56 EU 28672000 57 NA 66605352 58 EU 43927184 59 EU 149164968 
