0 BRANCH 0 EU 176160768 1 EU 28820368 2 EU 149164968 
1 CHAIN 0 EU 176160768 3 EU 28820368 4 NA 8388608 5 EU 149164968 
2 CHAIN 1 EU 28820368 6 EU 176160768 7 NA 48067448 8 EU 56255160 
3 CHAIN 2 EU 149164968 9 NA 66605352 10 EU 6296704 11 EU 149164968 
4 HIDDEN_BRANCH 0 EU 176160768 12 EU 28820368 13 EU 54222072 14 EU 149164968 15 EU 55892616 
5 HIDDEN_BRANCH 1 EU 28820368 16 NA 8388608 17 EU 56255160 18 EU 55892616 19 NA 8388608 
6 HIDDEN_BRANCH 2 EU 149164968 20 EU 149164968 21 EU 176160768 22 NA 24371136 23 EU 56255160 
7 HIDDEN_CHAIN 3 EU 28820368 24 NA 66605352 25 EU 54222072 26 EU 56255160 27 NA 24371136 
8 HIDDEN_CHAIN 4 NA 8388608 28 NA 41636560 29 EU 149164968 30 NA 66605352 31 EU 8192000 
9 HIDDEN_CHAIN 5 EU 149164968 32 EU 56255160 33 EU 176160768 34 NA 13480656 35 EU 149164968 
10 HIDDEN_CHAIN 6 EU 176160768 36 NA 66605352 37 NA 13480656 38 EU 149164968 39 EU 176160768 
11 HIDDEN_CHAIN 7 NA 48067448 40 NA 48067448 41 EU 28672000 42 EU 19660800 43 NA 48067448 
12 HIDDEN_CHAIN 8 EU 56255160 44 EU 149164968 45 EU 19660800 46 NA 4194304 47 EU 28672000 
13 HIDDEN_CHAIN 9 NA 66605352 48 EU 48375432 49 NA 48067448 50 EU 56255160 51 EU 48375432 
14 HIDDEN_CHAIN 10 EU 6296704 52 NA 5079504 53 EU 56255160 54 NA 66605352 55 EU 28820368 
15 HIDDEN_CHAIN 11 EU 149164968 56 EU 2097152 57 EU 176160768 58 EU 34292528 59 EU 56255160 
