0 BRANCH 0 EU 19660800 1 NA 9216000 2 EU 28672000 
1 CHAIN 0 EU 19660800 3 EU 176160768 4 NA 8388608 5 EU 149164968 
2 CHAIN 1 NA 9216000 6 EU 176160768 7 EU 54222072 8 EU 56255160 
3 CHAIN 2 EU 28672000 9 EU 34292528 10 EU 2129920 11 EU 11591680 
4 HIDDEN_BRANCH 0 EU 19660800 12 EU 48375432 13 EU 43927184 14 EU 149164968 15 EU 34292528 
5 HIDDEN_BRANCH 1 NA 9216000 16 EU 43927184 17 EU 28672000 18 NA 41636560 19 NA 9216000 
6 HIDDEN_BRANCH 2 EU 28672000 20 EU 56255160 21 NA 41636560 22 EU 48375432 23 EU 149164968 
7 HIDDEN_CHAIN 3 EU 176160768 24 EU 48375432 25 EU 176160768 26 EU 56255160 27 NA 24371136 
8 HIDDEN_CHAIN 4 NA 8388608 28 EU 54222072 29 EU 149164968 30 NA 66605352 31 EU 2048000 
9 HIDDEN_CHAIN 5 EU 149164968 32 EU 149164968 33 EU 34292528 34 EU 55892616 35 EU 149164968 
10 HIDDEN_CHAIN 6 EU 176160768 36 EU 55892616 37 EU 48375432 38 EU 56255160 39 NA 66605352 
11 HIDDEN_CHAIN 7 EU 54222072 40 NA 8388608 41 EU 149164968 42 EU 19660800 43 EU 176160768 
12 HIDDEN_CHAIN 8 EU 56255160 44 EU 2097152 45 EU 55892616 46 EU 3178584 47 EU 28672000 
13 HIDDEN_CHAIN 9 EU 34292528 48 EU 176160768 49 NA 5079504 50 EU 149164968 51 EU 176160768 
14 HIDDEN_CHAIN 10 EU 2129920 52 EU 54222072 53 EU 56255160 54 NA 24371136 55 EU 43927184 
15 HIDDEN_CHAIN 11 EU 11591680 56 EU 149164968 57 NA 41636560 58 NA 8044008 59 EU 56255160 
