0 BRANCH 0 NA 41636560 1 EU 54222072 2 EU 56255160 
1 CHAIN 0 NA 41636560 3 EU 176160768 4 NA 8388608 5 EU 56255160 
2 CHAIN 1 EU 54222072 6 EU 34292528 7 NA 48067448 8 EU 56255160 
3 CHAIN 2 EU 56255160 9 EU 48375432 10 NA 9216000 11 EU 149164968 
4 HIDDEN_BRANCH 0 NA 41636560 12 EU 176160768 13 NA 5079504 14 EU 56255160 15 EU 28820368 
5 HIDDEN_BRANCH 1 EU 54222072 16 EU 54222072 17 EU 11591680 18 EU 28820368 19 EU 43927184 
6 HIDDEN_BRANCH 2 EU 56255160 20 EU 149164968 21 NA 41636560 22 EU 48375432 23 EU 11591680 
7 HIDDEN_CHAIN 3 EU 176160768 24 EU 176160768 25 EU 34292528 26 EU 56255160 27 EU 176160768 
8 HIDDEN_CHAIN 4 NA 8388608 28 EU 4096000 29 EU 56255160 30 EU 34292528 31 NA 8388608 
9 HIDDEN_CHAIN 5 EU 56255160 32 EU 149164968 33 NA 66605352 34 EU 6296704 35 EU 149164968 
10 HIDDEN_CHAIN 6 EU 34292528 36 EU 55892616 37 EU 54222072 38 EU 28672000 39 NA 66605352 
11 HIDDEN_CHAIN 7 NA 48067448 40 EU 54222072 41 EU 56255160 42 EU 55892616 43 EU 43927184 
12 HIDDEN_CHAIN 8 EU 56255160 44 EU 28672000 45 EU 48375432 46 EU 54222072 47 EU 28672000 
13 HIDDEN_CHAIN 9 EU 48375432 48 NA 41636560 49 EU 54222072 50 EU 11591680 51 EU 19660800 
14 HIDDEN_CHAIN 10 NA 9216000 52 NA 41636560 53 EU 56255160 54 NA 66605352 55 EU 48375432 
15 HIDDEN_CHAIN 11 EU 149164968 56 EU 28672000 57 NA 66605352 58 EU 55892616 59 EU 149164968 
