0 BRANCH 0 EU 48375432 1 EU 43927184 2 EU 28672000 
1 CHAIN 0 EU 48375432 3 EU 34292528 4 NA 48067448 5 EU 56255160 
2 CHAIN 1 EU 43927184 6 EU 176160768 7 EU 54222072 8 EU 149164968 
3 CHAIN 2 EU 28672000 9 EU 16777216 10 EU 4096000 11 EU 28672000 
4 HIDDEN_BRANCH 0 EU 48375432 12 NA 66605352 13 EU 5898240 14 EU 28672000 15 EU 48375432 
5 HIDDEN_BRANCH 1 EU 43927184 16 EU 54222072 17 EU 56255160 18 EU 176160768 19 EU 34292528 
6 HIDDEN_BRANCH 2 EU 28672000 20 EU 28672000 21 EU 55892616 22 NA 4194304 23 EU 28672000 
7 HIDDEN_CHAIN 3 EU 34292528 24 EU 28820368 25 NA 4194304 26 EU 56255160 27 EU 28820368 
8 HIDDEN_CHAIN 4 NA 48067448 28 EU 54222072 29 EU 56255160 30 EU 48375432 31 NA 41636560 
9 HIDDEN_CHAIN 5 EU 56255160 32 EU 149164968 33 EU 16777216 34 NA 5079504 35 EU 56255160 
10 HIDDEN_CHAIN 6 EU 176160768 36 NA 24371136 37 EU 54222072 38 EU 149164968 39 EU 19660800 
11 HIDDEN_CHAIN 7 EU 54222072 40 EU 8192000 41 EU 28672000 42 NA 24371136 43 NA 13480656 
12 HIDDEN_CHAIN 8 EU 149164968 44 EU 149164968 45 NA 41636560 46 EU 54222072 47 EU 11591680 
13 HIDDEN_CHAIN 9 EU 16777216 48 NA 41636560 49 NA 48067448 50 EU 56255160 51 NA 41636560 
14 HIDDEN_CHAIN 10 EU 4096000 52 EU 5898240 53 EU 149164968 54 EU 176160768 55 EU 28820368 
15 HIDDEN_CHAIN 11 EU 28672000 56 EU 28672000 57 NA 41636560 58 NA 5079504 59 EU 149164968 
