0 BRANCH 0 EU 176160768 1 NA 48067448 2 EU 2097152 
1 CHAIN 0 EU 176160768 3 EU 16777216 4 NA 8388608 5 EU 149164968 
2 CHAIN 1 NA 48067448 6 EU 28820368 7 NA 66605352 8 EU 56255160 
3 CHAIN 2 EU 2097152 9 NA 66605352 10 EU 54222072 11 EU 149164968 
4 HIDDEN_BRANCH 0 EU 176160768 12 NA 66605352 13 EU 54222072 14 EU 149164968 15 EU 176160768 
5 HIDDEN_BRANCH 1 NA 48067448 16 NA 8044008 17 EU 149164968 18 EU 16777216 19 EU 176160768 
6 HIDDEN_BRANCH 2 EU 2097152 20 EU 149164968 21 EU 55892616 22 NA 48067448 23 EU 149164968 
7 HIDDEN_CHAIN 3 EU 16777216 24 NA 24371136 25 EU 55892616 26 EU 56255160 27 EU 28820368 
8 HIDDEN_CHAIN 4 NA 8388608 28 NA 48067448 29 EU 149164968 30 NA 66605352 31 EU 4096000 
9 HIDDEN_CHAIN 5 EU 149164968 32 EU 28672000 33 EU 55892616 34 EU 54222072 35 EU 149164968 
10 HIDDEN_CHAIN 6 EU 28820368 36 EU 16777216 37 EU 28820368 38 EU 149164968 39 NA 66605352 
11 HIDDEN_CHAIN 7 NA 66605352 40 EU 3178584 41 EU 56255160 42 NA 24371136 43 EU 28820368 
12 HIDDEN_CHAIN 8 EU 56255160 44 EU 56255160 45 EU 16777216 46 EU 54222072 47 EU 56255160 
13 HIDDEN_CHAIN 9 NA 66605352 48 EU 19660800 49 EU 8192000 50 EU 149164968 51 NA 66605352 
14 HIDDEN_CHAIN 10 EU 54222072 52 NA 8388608 53 EU 56255160 54 EU 28820368 55 EU 54222072 
15 HIDDEN_CHAIN 11 EU 149164968 56 EU 149164968 57 NA 66605352 58 EU 8192000 59 EU 28672000 
