0 BRANCH 0 EU 19660800 1 EU 43927184 2 EU 149164968 
1 CHAIN 0 EU 19660800 3 EU 16777216 4 EU 55892616 5 EU 28672000 
2 CHAIN 1 EU 43927184 6 NA 66605352 7 NA 13480656 8 EU 149164968 
3 CHAIN 2 EU 149164968 9 EU 176160768 10 EU 4096000 11 EU 28672000 
4 HIDDEN_BRANCH 0 EU 19660800 12 EU 16777216 13 EU 43927184 14 EU 149164968 15 EU 176160768 
5 HIDDEN_BRANCH 1 EU 43927184 16 EU 54222072 17 EU 11591680 18 EU 16777216 19 EU 55892616 
6 HIDDEN_BRANCH 2 EU 149164968 20 EU 56255160 21 NA 66605352 22 EU 176160768 23 EU 28672000 
7 HIDDEN_CHAIN 3 EU 16777216 24 EU 48375432 25 NA 48067448 26 EU 28672000 27 NA 66605352 
8 HIDDEN_CHAIN 4 EU 55892616 28 NA 48067448 29 EU 56255160 30 EU 55892616 31 NA 48067448 
9 HIDDEN_CHAIN 5 EU 28672000 32 EU 149164968 33 NA 66605352 34 NA 48067448 35 EU 149164968 
10 HIDDEN_CHAIN 6 NA 66605352 36 EU 34292528 37 EU 4096000 38 EU 56255160 39 EU 48375432 
11 HIDDEN_CHAIN 7 NA 13480656 40 NA 41636560 41 EU 149164968 42 NA 66605352 43 NA 41636560 
12 HIDDEN_CHAIN 8 EU 149164968 44 EU 28672000 45 EU 55892616 46 EU 34292528 47 EU 149164968 
13 HIDDEN_CHAIN 9 EU 176160768 48 EU 34292528 49 EU 43927184 50 EU 56255160 51 NA 24371136 
14 HIDDEN_CHAIN 10 EU 4096000 52 EU 8192000 53 EU 28672000 54 EU 176160768 55 EU 43927184 
15 HIDDEN_CHAIN 11 EU 28672000 56 EU 28672000 57 EU 176160768 58 EU 43927184 59 EU 11591680 
