0 BRANCH 0 NA 41636560 1 NA 819200 2 EU 28672000 
1 CHAIN 0 NA 41636560 3 NA 66605352 4 EU 16777216 5 EU 149164968 
2 CHAIN 1 NA 819200 6 NA 24371136 7 EU 1638400 8 EU 149164968 
3 CHAIN 2 EU 28672000 9 NA 66605352 10 EU 176160768 11 EU 56255160 
4 HIDDEN_BRANCH 0 NA 41636560 12 NA 24371136 13 EU 12288000 14 EU 56255160 15 NA 66605352 
5 HIDDEN_BRANCH 1 NA 819200 16 NA 5079504 17 EU 28672000 18 NA 41636560 19 EU 34292528 
6 HIDDEN_BRANCH 2 EU 28672000 20 EU 149164968 21 EU 176160768 22 EU 16777216 23 EU 149164968 
7 HIDDEN_CHAIN 3 NA 66605352 24 EU 28820368 25 NA 48067448 26 EU 149164968 27 EU 48375432 
8 HIDDEN_CHAIN 4 EU 16777216 28 NA 24371136 29 EU 11591680 30 NA 41636560 31 NA 48067448 
9 HIDDEN_CHAIN 5 EU 149164968 32 EU 149164968 33 NA 41636560 34 EU 43927184 35 EU 56255160 
10 HIDDEN_CHAIN 6 NA 24371136 36 NA 41636560 37 NA 66605352 38 EU 56255160 39 EU 19660800 
11 HIDDEN_CHAIN 7 EU 1638400 40 NA 66605352 41 EU 56255160 42 NA 24371136 43 EU 2048000 
12 HIDDEN_CHAIN 8 EU 149164968 44 EU 149164968 45 EU 34292528 46 EU 43927184 47 EU 149164968 
13 HIDDEN_CHAIN 9 NA 66605352 48 EU 55892616 49 NA 48067448 50 EU 56255160 51 EU 176160768 
14 HIDDEN_CHAIN 10 EU 176160768 52 EU 43927184 53 EU 56255160 54 EU 48375432 55 NA 1605632 
15 HIDDEN_CHAIN 11 EU 56255160 56 EU 149164968 57 NA 66605352 58 EU 1638400 59 EU 149164968 
