0 BRANCH 0 EU 55892616 1 NA 48067448 2 EU 149164968 
1 CHAIN 0 EU 55892616 3 EU 55892616 4 NA 48067448 5 EU 149164968 
2 CHAIN 1 NA 48067448 6 EU 55892616 7 NA 5079504 8 EU 28672000 
3 CHAIN 2 EU 149164968 9 EU 176160768 10 EU 54222072 11 EU 56255160 
4 HIDDEN_BRANCH 0 EU 55892616 12 EU 48375432 13 EU 5898240 14 EU 56255160 15 EU 176160768 
5 HIDDEN_BRANCH 1 NA 48067448 16 EU 54222072 17 EU 56255160 18 NA 66605352 19 NA 48067448 
6 HIDDEN_BRANCH 2 EU 149164968 20 EU 149164968 21 EU 19660800 22 NA 41636560 23 EU 2097152 
7 HIDDEN_CHAIN 3 EU 55892616 24 EU 19660800 25 EU 43927184 26 EU 28672000 27 EU 34292528 
8 HIDDEN_CHAIN 4 NA 48067448 28 NA 41636560 29 EU 56255160 30 NA 41636560 31 NA 8388608 
9 HIDDEN_CHAIN 5 EU 149164968 32 EU 149164968 33 EU 48375432 34 EU 8192000 35 EU 149164968 
10 HIDDEN_CHAIN 6 EU 55892616 36 EU 55892616 37 EU 43927184 38 EU 149164968 39 EU 176160768 
11 HIDDEN_CHAIN 7 NA 5079504 40 NA 819200 41 EU 149164968 42 NA 24371136 43 NA 48067448 
12 HIDDEN_CHAIN 8 EU 28672000 44 EU 149164968 45 EU 48375432 46 EU 12288000 47 EU 56255160 
13 HIDDEN_CHAIN 9 EU 176160768 48 NA 24371136 49 EU 8192000 50 EU 56255160 51 NA 66605352 
14 HIDDEN_CHAIN 10 EU 54222072 52 EU 5898240 53 EU 56255160 54 EU 34292528 55 NA 66605352 
15 HIDDEN_CHAIN 11 EU 56255160 56 EU 28672000 57 EU 34292528 58 NA 41636560 59 EU 56255160 
