0 BRANCH 0 EU 176160768 1 NA 66605352 2 EU 56255160 
1 CHAIN 0 EU 176160768 3 NA 66605352 4 EU 2457600 5 EU 149164968 
2 CHAIN 1 NA 66605352 6 NA 66605352 7 EU 43927184 8 EU 149164968 
3 CHAIN 2 EU 56255160 9 EU 176160768 10 NA 8388608 11 EU 149164968 
4 HIDDEN_BRANCH 0 EU 176160768 12 NA 41636560 13 NA 48067448 14 EU 56255160 15 EU 34292528 
5 HIDDEN_BRANCH 1 NA 66605352 16 EU 176160768 17 EU 149164968 18 NA 41636560 19 EU 48375432 
6 HIDDEN_BRANCH 2 EU 56255160 20 EU 149164968 21 EU 28820368 22 EU 43927184 23 EU 28672000 
7 HIDDEN_CHAIN 3 NA 66605352 24 EU 55892616 25 EU 6296704 26 EU 11591680 27 EU 48375432 
8 HIDDEN_CHAIN 4 EU 2457600 28 EU 2129920 29 EU 28672000 30 NA 66605352 31 NA 8388608 
9 HIDDEN_CHAIN 5 EU 149164968 32 EU 149164968 33 NA 41636560 34 EU 55892616 35 EU 28672000 
10 HIDDEN_CHAIN 6 NA 66605352 36 EU 16777216 37 NA 66605352 38 EU 149164968 39 EU 48375432 
11 HIDDEN_CHAIN 7 EU 43927184 40 EU 55892616 41 EU 56255160 42 EU 48375432 43 EU 54222072 
12 HIDDEN_CHAIN 8 EU 149164968 44 EU 56255160 45 EU 176160768 46 EU 2457600 47 EU 28672000 
13 HIDDEN_CHAIN 9 EU 176160768 48 NA 41636560 49 EU 176160768 50 EU 56255160 51 NA 41636560 
14 HIDDEN_CHAIN 10 NA 8388608 52 EU 54222072 53 EU 11591680 54 EU 176160768 55 EU 54222072 
15 HIDDEN_CHAIN 11 EU 149164968 56 EU 149164968 57 NA 66605352 58 EU 54222072 59 EU 149164968 
