0 BRANCH 0 EU 28820368 1 NA 4194304 2 EU 56255160 
1 CHAIN 0 EU 28820368 3 EU 176160768 4 NA 48067448 5 EU 28672000 
2 CHAIN 1 NA 4194304 6 EU 176160768 7 EU 54222072 8 EU 56255160 
3 CHAIN 2 EU 56255160 9 EU 55892616 10 EU 54222072 11 EU 149164968 
4 HIDDEN_BRANCH 0 EU 28820368 12 NA 66605352 13 EU 54222072 14 EU 56255160 15 NA 66605352 
5 HIDDEN_BRANCH 1 NA 4194304 16 EU 54222072 17 EU 56255160 18 NA 24371136 19 EU 43927184 
6 HIDDEN_BRANCH 2 EU 56255160 20 EU 149164968 21 NA 41636560 22 EU 43927184 23 EU 56255160 
7 HIDDEN_CHAIN 3 EU 176160768 24 EU 176160768 25 EU 54222072 26 EU 56255160 27 NA 41636560 
8 HIDDEN_CHAIN 4 NA 48067448 28 NA 48067448 29 EU 56255160 30 EU 34292528 31 EU 43927184 
9 HIDDEN_CHAIN 5 EU 28672000 32 EU 28672000 33 NA 41636560 34 EU 54222072 35 EU 149164968 
10 HIDDEN_CHAIN 6 EU 176160768 36 EU 48375432 37 EU 43927184 38 EU 149164968 39 EU 176160768 
11 HIDDEN_CHAIN 7 EU 54222072 40 EU 8192000 41 EU 149164968 42 EU 48375432 43 NA 41636560 
12 HIDDEN_CHAIN 8 EU 56255160 44 EU 149164968 45 NA 66605352 46 EU 34292528 47 EU 28672000 
13 HIDDEN_CHAIN 9 EU 55892616 48 EU 28820368 49 NA 819200 50 EU 28672000 51 NA 66605352 
14 HIDDEN_CHAIN 10 EU 54222072 52 NA 48067448 53 EU 56255160 54 NA 41636560 55 NA 8388608 
15 HIDDEN_CHAIN 11 EU 149164968 56 EU 56255160 57 EU 48375432 58 EU 54222072 59 EU 56255160 
