0 BRANCH 0 EU 19660800 1 EU 5898240 2 EU 149164968 3 NA 66605352 4 EU 176160768 5 EU 149164968 6 EU 16777216 7 NA 66605352 8 EU 56255160 9 NA 41636560 10 NA 66605352 11 EU 56255160 
1 CHAIN 0 EU 19660800 12 NA 66605352 13 NA 13480656 14 EU 56255160 15 EU 176160768 
2 CHAIN 1 EU 5898240 16 NA 48067448 17 EU 56255160 18 EU 55892616 19 EU 54222072 
3 CHAIN 2 EU 149164968 20 EU 149164968 21 EU 19660800 22 EU 176160768 23 EU 149164968 
4 CHAIN 3 NA 66605352 24 NA 66605352 25 EU 43927184 26 EU 56255160 27 NA 66605352 
5 CHAIN 4 EU 176160768 28 EU 43927184 29 EU 28672000 30 EU 34292528 31 NA 66605352 
6 CHAIN 5 EU 149164968 32 EU 149164968 33 NA 24371136 34 NA 8388608 35 EU 56255160 
7 CHAIN 6 EU 16777216 36 EU 176160768 37 NA 13480656 38 EU 149164968 39 EU 28820368 
8 CHAIN 7 NA 66605352 40 EU 43927184 41 EU 149164968 42 EU 28820368 43 EU 54222072 
9 CHAIN 8 EU 56255160 44 EU 149164968 45 EU 48375432 46 NA 13480656 47 EU 56255160 
10 CHAIN 9 NA 41636560 48 EU 55892616 49 NA 48067448 50 EU 11591680 51 EU 55892616 
11 CHAIN 10 NA 66605352 52 NA 48067448 53 EU 56255160 54 NA 24371136 55 NA 13480656 
12 CHAIN 11 EU 56255160 56 EU 28672000 57 NA 24371136 58 EU 54222072 59 EU 56255160 
