0 BRANCH 0 NA 66605352 1 EU 55892616 2 EU 56255160 3 NA 66605352 4 EU 19660800 5 EU 149164968 6 EU 48375432 7 NA 8044008 8 EU 11591680 9 EU 48375432 10 NA 8388608 11 EU 11591680 
1 CHAIN 0 NA 66605352 12 EU 48375432 13 EU 176160768 14 EU 149164968 15 EU 19660800 
2 CHAIN 1 EU 55892616 16 EU 176160768 17 EU 149164968 18 NA 66605352 19 NA 48067448 
3 CHAIN 2 EU 56255160 20 EU 28672000 21 EU 176160768 22 NA 13480656 23 EU 149164968 
4 CHAIN 3 NA 66605352 24 EU 176160768 25 EU 28820368 26 EU 56255160 27 EU 48375432 
5 CHAIN 4 EU 19660800 28 NA 48067448 29 EU 149164968 30 NA 66605352 31 NA 41636560 
6 CHAIN 5 EU 149164968 32 EU 56255160 33 EU 176160768 34 NA 8388608 35 EU 149164968 
7 CHAIN 6 EU 48375432 36 EU 48375432 37 EU 43927184 38 EU 56255160 39 EU 176160768 
8 CHAIN 7 NA 8044008 40 EU 43927184 41 EU 149164968 42 EU 48375432 43 EU 43927184 
9 CHAIN 8 EU 11591680 44 EU 149164968 45 NA 66605352 46 EU 43927184 47 EU 149164968 
10 CHAIN 9 EU 48375432 48 NA 41636560 49 EU 34292528 50 EU 56255160 51 EU 34292528 
11 CHAIN 10 NA 8388608 52 EU 176160768 53 EU 149164968 54 EU 176160768 55 EU 3178584 
12 CHAIN 11 EU 11591680 56 EU 149164968 57 NA 66605352 58 EU 54222072 59 EU 56255160 
