0 BRANCH 0 EU 16777216 1 EU 8192000 2 EU 56255160 3 NA 66605352 4 NA 24371136 5 EU 11591680 6 EU 48375432 7 NA 9216000 8 EU 149164968 9 EU 28820368 10 EU 54222072 11 EU 28672000 
1 CHAIN 0 EU 16777216 12 NA 66605352 13 NA 24371136 14 EU 56255160 15 EU 34292528 
2 CHAIN 1 EU 8192000 16 NA 48067448 17 EU 28672000 18 EU 34292528 19 NA 48067448 
3 CHAIN 2 EU 56255160 20 EU 56255160 21 NA 66605352 22 EU 54222072 23 EU 28672000 
4 CHAIN 3 NA 66605352 24 EU 55892616 25 NA 3391304 26 EU 149164968 27 EU 34292528 
5 CHAIN 4 NA 24371136 28 EU 6296704 29 EU 56255160 30 EU 28820368 31 EU 2129920 
6 CHAIN 5 EU 11591680 32 EU 56255160 33 NA 24371136 34 NA 4194304 35 EU 11591680 
7 CHAIN 6 EU 48375432 36 EU 28820368 37 EU 2129920 38 EU 28672000 39 NA 66605352 
8 CHAIN 7 NA 9216000 40 EU 2048000 41 EU 149164968 42 EU 16777216 43 NA 66605352 
9 CHAIN 8 EU 149164968 44 EU 56255160 45 EU 16777216 46 NA 41636560 47 EU 149164968 
10 CHAIN 9 EU 28820368 48 EU 55892616 49 EU 3178584 50 EU 28672000 51 EU 55892616 
11 CHAIN 10 EU 54222072 52 EU 16777216 53 EU 28672000 54 NA 24371136 55 NA 48067448 
12 CHAIN 11 EU 28672000 56 EU 149164968 57 EU 28820368 58 EU 12288000 59 EU 149164968 
