0 BRANCH 0 NA 66605352 1 EU 54222072 2 EU 56255160 3 NA 24371136 4 NA 41636560 5 EU 56255160 6 NA 66605352 7 NA 13480656 8 EU 149164968 9 EU 16777216 10 EU 48375432 11 EU 149164968 
1 CHAIN 0 NA 66605352 12 NA 24371136 13 EU 43927184 14 EU 11591680 15 EU 28820368 
2 CHAIN 1 EU 54222072 16 NA 48067448 17 EU 56255160 18 EU 176160768 19 EU 54222072 
3 CHAIN 2 EU 56255160 20 EU 28672000 21 EU 34292528 22 EU 176160768 23 EU 149164968 
4 CHAIN 3 NA 24371136 24 NA 66605352 25 NA 13480656 26 EU 28672000 27 EU 55892616 
5 CHAIN 4 NA 41636560 28 EU 12288000 29 EU 149164968 30 EU 19660800 31 NA 66605352 
6 CHAIN 5 EU 56255160 32 EU 149164968 33 EU 48375432 34 EU 2457600 35 EU 2097152 
7 CHAIN 6 NA 66605352 36 EU 48375432 37 NA 48067448 38 EU 28672000 39 EU 28820368 
8 CHAIN 7 NA 13480656 40 NA 48067448 41 EU 56255160 42 EU 55892616 43 NA 66605352 
9 CHAIN 8 EU 149164968 44 EU 149164968 45 EU 28820368 46 EU 43927184 47 EU 56255160 
10 CHAIN 9 EU 16777216 48 NA 66605352 49 EU 43927184 50 EU 149164968 51 NA 41636560 
11 CHAIN 10 EU 48375432 52 EU 54222072 53 EU 149164968 54 NA 24371136 55 EU 55892616 
12 CHAIN 11 EU 149164968 56 EU 56255160 57 NA 24371136 58 EU 6296704 59 EU 149164968 
