0 BRANCH 0 NA 66605352 1 EU 12288000 2 EU 149164968 3 NA 66605352 4 EU 28820368 5 EU 149164968 6 EU 34292528 7 EU 55892616 8 EU 149164968 9 EU 48375432 10 NA 48067448 11 EU 56255160 
1 CHAIN 0 NA 66605352 12 NA 66605352 13 NA 48067448 14 EU 149164968 15 NA 41636560 
2 CHAIN 1 EU 12288000 16 NA 4194304 17 EU 56255160 18 EU 55892616 19 EU 54222072 
3 CHAIN 2 EU 149164968 20 EU 149164968 21 EU 48375432 22 NA 41636560 23 EU 149164968 
4 CHAIN 3 NA 66605352 24 EU 55892616 25 EU 54222072 26 EU 149164968 27 EU 55892616 
5 CHAIN 4 EU 28820368 28 EU 34292528 29 EU 149164968 30 EU 34292528 31 NA 48067448 
6 CHAIN 5 EU 149164968 32 EU 149164968 33 NA 66605352 34 NA 48067448 35 EU 149164968 
7 CHAIN 6 EU 34292528 36 EU 19660800 37 NA 8388608 38 EU 149164968 39 EU 48375432 
8 CHAIN 7 EU 55892616 40 EU 19660800 41 EU 11591680 42 EU 55892616 43 EU 34292528 
9 CHAIN 8 EU 149164968 44 EU 56255160 45 EU 55892616 46 EU 54222072 47 EU 56255160 
10 CHAIN 9 EU 48375432 48 EU 19660800 49 NA 41636560 50 EU 56255160 51 EU 176160768 
11 CHAIN 10 NA 48067448 52 NA 8388608 53 EU 11591680 54 EU 28820368 55 EU 19660800 
12 CHAIN 11 EU 56255160 56 EU 149164968 57 EU 48375432 58 EU 8192000 59 EU 149164968 
