0 BRANCH 0 EU 16777216 1 EU 34292528 2 EU 11591680 3 EU 34292528 4 NA 48067448 5 EU 149164968 6 NA 66605352 7 NA 5079504 8 EU 149164968 9 NA 66605352 10 NA 48067448 11 EU 149164968 
1 CHAIN 0 EU 16777216 12 NA 41636560 13 EU 4096000 14 EU 149164968 15 NA 24371136 
2 CHAIN 1 EU 34292528 16 EU 43927184 17 EU 149164968 18 EU 176160768 19 EU 1638400 
3 CHAIN 2 EU 11591680 20 EU 11591680 21 NA 66605352 22 NA 48067448 23 EU 56255160 
4 CHAIN 3 EU 34292528 24 EU 176160768 25 EU 8192000 26 EU 149164968 27 EU 176160768 
5 CHAIN 4 NA 48067448 28 EU 1638400 29 EU 56255160 30 EU 48375432 31 EU 5898240 
6 CHAIN 5 EU 149164968 32 EU 28672000 33 EU 16777216 34 EU 12288000 35 EU 56255160 
7 CHAIN 6 NA 66605352 36 EU 176160768 37 NA 66605352 38 EU 149164968 39 EU 176160768 
8 CHAIN 7 NA 5079504 40 EU 43927184 41 EU 149164968 42 EU 34292528 43 EU 54222072 
9 CHAIN 8 EU 149164968 44 EU 56255160 45 NA 66605352 46 EU 12288000 47 EU 149164968 
10 CHAIN 9 NA 66605352 48 NA 66605352 49 EU 43927184 50 EU 28672000 51 EU 28820368 
11 CHAIN 10 NA 48067448 52 NA 4194304 53 EU 149164968 54 NA 66605352 55 EU 28820368 
12 CHAIN 11 EU 149164968 56 EU 149164968 57 EU 34292528 58 EU 54222072 59 EU 11591680 
