0 BRANCH 0 NA 66605352 1 NA 8388608 2 EU 11591680 3 NA 66605352 4 EU 43927184 5 EU 28672000 6 EU 176160768 7 NA 9216000 8 EU 56255160 9 NA 66605352 10 EU 54222072 11 EU 149164968 
1 CHAIN 0 NA 66605352 12 NA 41636560 13 EU 176160768 14 EU 28672000 15 EU 16777216 
2 CHAIN 1 NA 8388608 16 NA 9216000 17 EU 149164968 18 NA 41636560 19 EU 12288000 
3 CHAIN 2 EU 11591680 20 EU 28672000 21 EU 176160768 22 EU 54222072 23 EU 149164968 
4 CHAIN 3 NA 66605352 24 EU 48375432 25 NA 66605352 26 EU 149164968 27 EU 28820368 
5 CHAIN 4 EU 43927184 28 EU 176160768 29 EU 56255160 30 NA 66605352 31 NA 5079504 
6 CHAIN 5 EU 28672000 32 EU 28672000 33 NA 66605352 34 EU 176160768 35 EU 28672000 
7 CHAIN 6 EU 176160768 36 EU 48375432 37 EU 54222072 38 EU 56255160 39 EU 34292528 
8 CHAIN 7 NA 9216000 40 NA 13480656 41 EU 56255160 42 EU 28820368 43 EU 43927184 
9 CHAIN 8 EU 56255160 44 EU 149164968 45 NA 41636560 46 NA 66605352 47 EU 28672000 
10 CHAIN 9 NA 66605352 48 NA 41636560 49 EU 48375432 50 EU 56255160 51 EU 48375432 
11 CHAIN 10 EU 54222072 52 EU 6296704 53 EU 149164968 54 NA 24371136 55 EU 48375432 
12 CHAIN 11 EU 149164968 56 EU 56255160 57 EU 16777216 58 NA 48067448 59 EU 28672000 
