0 BRANCH 0 EU 34292528 1 NA 48067448 2 EU 56255160 3 EU 55892616 4 NA 8388608 5 EU 56255160 6 EU 176160768 7 NA 24371136 8 EU 56255160 9 EU 176160768 10 NA 8388608 11 EU 56255160 
1 CHAIN 0 EU 34292528 12 EU 176160768 13 NA 8388608 14 EU 28672000 15 EU 34292528 
2 CHAIN 1 NA 48067448 16 NA 66605352 17 EU 56255160 18 EU 48375432 19 NA 13480656 
3 CHAIN 2 EU 56255160 20 EU 149164968 21 EU 28820368 22 EU 55892616 23 EU 56255160 
4 CHAIN 3 EU 55892616 24 NA 24371136 25 EU 54222072 26 EU 149164968 27 EU 19660800 
5 CHAIN 4 NA 8388608 28 NA 41636560 29 EU 149164968 30 EU 34292528 31 EU 54222072 
6 CHAIN 5 EU 56255160 32 EU 11591680 33 EU 48375432 34 EU 43927184 35 EU 56255160 
7 CHAIN 6 EU 176160768 36 EU 28820368 37 EU 54222072 38 EU 11591680 39 EU 55892616 
8 CHAIN 7 NA 24371136 40 EU 54222072 41 EU 56255160 42 NA 66605352 43 EU 54222072 
9 CHAIN 8 EU 56255160 44 EU 149164968 45 EU 34292528 46 NA 9216000 47 EU 11591680 
10 CHAIN 9 EU 176160768 48 EU 176160768 49 NA 48067448 50 EU 56255160 51 EU 55892616 
11 CHAIN 10 NA 8388608 52 EU 54222072 53 EU 28672000 54 NA 66605352 55 EU 43927184 
12 CHAIN 11 EU 56255160 56 EU 149164968 57 NA 41636560 58 EU 176160768 59 EU 149164968 
