0 BRANCH 0 EU 176160768 1 EU 54222072 2 EU 149164968 3 NA 24371136 4 EU 12288000 5 EU 149164968 6 EU 28820368 7 NA 8388608 8 EU 149164968 9 EU 48375432 10 NA 3391304 11 EU 56255160 
1 CHAIN 0 EU 176160768 12 EU 176160768 13 EU 16777216 14 EU 149164968 15 NA 66605352 
2 CHAIN 1 EU 54222072 16 EU 48375432 17 EU 149164968 18 EU 19660800 19 NA 8388608 
3 CHAIN 2 EU 149164968 20 EU 56255160 21 EU 34292528 22 EU 55892616 23 EU 56255160 
4 CHAIN 3 NA 24371136 24 EU 176160768 25 EU 19660800 26 EU 56255160 27 EU 28820368 
5 CHAIN 4 EU 12288000 28 NA 5079504 29 EU 28672000 30 EU 176160768 31 EU 43927184 
6 CHAIN 5 EU 149164968 32 EU 149164968 33 NA 66605352 34 EU 16777216 35 EU 28672000 
7 CHAIN 6 EU 28820368 36 NA 41636560 37 EU 3178584 38 EU 149164968 39 NA 24371136 
8 CHAIN 7 NA 8388608 40 EU 8192000 41 EU 149164968 42 EU 16777216 43 EU 54222072 
9 CHAIN 8 EU 149164968 44 EU 28672000 45 EU 19660800 46 NA 8044008 47 EU 56255160 
10 CHAIN 9 EU 48375432 48 EU 55892616 49 NA 48067448 50 EU 149164968 51 EU 176160768 
11 CHAIN 10 NA 3391304 52 NA 3391304 53 EU 56255160 54 NA 66605352 55 EU 55892616 
12 CHAIN 11 EU 56255160 56 EU 149164968 57 EU 48375432 58 NA 819200 59 EU 11591680 
