0 BRANCH 0 EU 176160768 1 EU 819200 2 EU 56255160 3 NA 41636560 4 NA 5079504 5 EU 28672000 6 NA 66605352 7 EU 43927184 8 EU 149164968 9 EU 19660800 10 EU 12288000 11 EU 149164968 
1 CHAIN 0 EU 176160768 12 NA 66605352 13 EU 4096000 14 NA 819200 15 EU 176160768 
2 CHAIN 1 EU 819200 16 NA 48067448 17 EU 28672000 18 NA 41636560 19 EU 43927184 
3 CHAIN 2 EU 56255160 20 EU 56255160 21 EU 176160768 22 EU 12288000 23 EU 149164968 
4 CHAIN 3 NA 41636560 24 EU 48375432 25 NA 48067448 26 EU 2097152 27 EU 176160768 
5 CHAIN 4 NA 5079504 28 NA 48067448 29 EU 28672000 30 NA 24371136 31 EU 4096000 
6 CHAIN 5 EU 28672000 32 EU 28672000 33 EU 176160768 34 EU 43927184 35 EU 56255160 
7 CHAIN 6 NA 66605352 36 NA 41636560 37 NA 48067448 38 EU 149164968 39 EU 55892616 
8 CHAIN 7 EU 43927184 40 NA 48067448 41 EU 56255160 42 NA 66605352 43 NA 8388608 
9 CHAIN 8 EU 149164968 44 EU 11591680 45 NA 41636560 46 NA 24371136 47 EU 56255160 
10 CHAIN 9 EU 19660800 48 NA 66605352 49 EU 55892616 50 EU 149164968 51 EU 176160768 
11 CHAIN 10 EU 12288000 52 EU 54222072 53 EU 149164968 54 EU 28820368 55 NA 48067448 
12 CHAIN 11 EU 149164968 56 EU 56255160 57 NA 41636560 58 NA 66605352 59 EU 149164968 
