0 BRANCH 0 EU 48375432 1 NA 24371136 2 EU 56255160 3 EU 34292528 4 EU 176160768 5 EU 149164968 6 NA 66605352 7 EU 54222072 8 EU 149164968 9 EU 48375432 10 NA 3391304 11 EU 149164968 
1 CHAIN 0 EU 48375432 12 EU 55892616 13 EU 54222072 14 EU 149164968 15 EU 48375432 
2 CHAIN 1 NA 24371136 16 EU 176160768 17 EU 56255160 18 EU 28820368 19 EU 54222072 
3 CHAIN 2 EU 56255160 20 EU 149164968 21 NA 41636560 22 NA 8388608 23 EU 149164968 
4 CHAIN 3 EU 34292528 24 NA 41636560 25 NA 48067448 26 EU 28672000 27 NA 66605352 
5 CHAIN 4 EU 176160768 28 EU 48375432 29 EU 28672000 30 NA 41636560 31 NA 66605352 
6 CHAIN 5 EU 149164968 32 EU 149164968 33 EU 34292528 34 NA 3391304 35 EU 149164968 
7 CHAIN 6 NA 66605352 36 EU 48375432 37 EU 54222072 38 EU 28672000 39 EU 34292528 
8 CHAIN 7 EU 54222072 40 NA 8044008 41 EU 56255160 42 EU 55892616 43 EU 4096000 
9 CHAIN 8 EU 149164968 44 EU 149164968 45 EU 48375432 46 EU 8192000 47 EU 149164968 
10 CHAIN 9 EU 48375432 48 NA 41636560 49 EU 1638400 50 EU 149164968 51 EU 176160768 
11 CHAIN 10 NA 3391304 52 NA 5079504 53 EU 11591680 54 EU 48375432 55 EU 176160768 
12 CHAIN 11 EU 149164968 56 EU 11591680 57 EU 28820368 58 EU 1024000 59 EU 28672000 
