0 BRANCH 0 NA 66605352 1 EU 43927184 2 EU 149164968 3 EU 55892616 4 EU 43927184 5 EU 149164968 6 NA 24371136 7 EU 1638400 8 EU 149164968 9 EU 48375432 10 EU 12288000 11 EU 28672000 
1 CHAIN 0 NA 66605352 12 EU 48375432 13 NA 8388608 14 EU 56255160 15 EU 34292528 
2 CHAIN 1 EU 43927184 16 EU 4096000 17 EU 149164968 18 NA 66605352 19 NA 13480656 
3 CHAIN 2 EU 149164968 20 EU 56255160 21 NA 66605352 22 NA 8388608 23 EU 149164968 
4 CHAIN 3 EU 55892616 24 EU 176160768 25 EU 16777216 26 EU 56255160 27 NA 41636560 
5 CHAIN 4 EU 43927184 28 EU 5898240 29 EU 149164968 30 EU 19660800 31 EU 55892616 
6 CHAIN 5 EU 149164968 32 EU 28672000 33 NA 66605352 34 EU 54222072 35 EU 56255160 
7 CHAIN 6 NA 24371136 36 NA 24371136 37 EU 19660800 38 EU 149164968 39 EU 176160768 
8 CHAIN 7 EU 1638400 40 EU 54222072 41 EU 149164968 42 EU 19660800 43 EU 176160768 
9 CHAIN 8 EU 149164968 44 EU 56255160 45 EU 19660800 46 EU 54222072 47 EU 28672000 
10 CHAIN 9 EU 48375432 48 NA 41636560 49 EU 54222072 50 EU 11591680 51 EU 34292528 
11 CHAIN 10 EU 12288000 52 EU 43927184 53 EU 56255160 54 EU 48375432 55 EU 43927184 
12 CHAIN 11 EU 28672000 56 EU 2097152 57 EU 48375432 58 NA 5079504 59 EU 28672000 
