0 BRANCH 0 EU 176160768 1 EU 16777216 2 EU 11591680 3 EU 48375432 4 EU 12288000 5 EU 28672000 6 EU 34292528 7 NA 5079504 8 EU 149164968 9 EU 55892616 10 NA 13480656 11 EU 28672000 
1 CHAIN 0 EU 176160768 12 NA 41636560 13 EU 43927184 14 EU 56255160 15 NA 41636560 
2 CHAIN 1 EU 16777216 16 NA 8388608 17 EU 28672000 18 EU 48375432 19 EU 28820368 
3 CHAIN 2 EU 11591680 20 EU 28672000 21 EU 34292528 22 NA 66605352 23 EU 56255160 
4 CHAIN 3 EU 48375432 24 EU 16777216 25 EU 43927184 26 EU 149164968 27 EU 176160768 
5 CHAIN 4 EU 12288000 28 EU 1064960 29 EU 149164968 30 NA 41636560 31 EU 48375432 
6 CHAIN 5 EU 28672000 32 EU 149164968 33 EU 16777216 34 EU 54222072 35 EU 28672000 
7 CHAIN 6 EU 34292528 36 EU 48375432 37 EU 12288000 38 EU 56255160 39 EU 176160768 
8 CHAIN 7 NA 5079504 40 EU 28820368 41 EU 149164968 42 EU 48375432 43 EU 8192000 
9 CHAIN 8 EU 149164968 44 EU 56255160 45 NA 66605352 46 NA 24371136 47 EU 149164968 
10 CHAIN 9 EU 55892616 48 EU 34292528 49 EU 16777216 50 EU 149164968 51 NA 41636560 
11 CHAIN 10 NA 13480656 52 NA 9216000 53 EU 28672000 54 EU 16777216 55 EU 2457600 
12 CHAIN 11 EU 28672000 56 EU 56255160 57 EU 16777216 58 NA 48067448 59 EU 28672000 
