0 BRANCH 0 EU 34292528 1 EU 48375432 2 EU 149164968 3 NA 41636560 4 NA 13480656 5 EU 149164968 6 NA 66605352 7 NA 13480656 8 EU 149164968 9 NA 66605352 10 EU 48375432 11 EU 56255160 
1 CHAIN 0 EU 34292528 12 EU 176160768 13 NA 48067448 14 EU 56255160 15 EU 48375432 
2 CHAIN 1 EU 48375432 16 EU 176160768 17 EU 149164968 18 EU 16777216 19 EU 43927184 
3 CHAIN 2 EU 149164968 20 EU 149164968 21 EU 48375432 22 EU 8192000 23 EU 28672000 
4 CHAIN 3 NA 41636560 24 EU 28820368 25 NA 48067448 26 EU 149164968 27 EU 19660800 
5 CHAIN 4 NA 13480656 28 EU 34292528 29 EU 56255160 30 EU 19660800 31 EU 176160768 
6 CHAIN 5 EU 149164968 32 EU 149164968 33 EU 55892616 34 EU 19660800 35 EU 28672000 
7 CHAIN 6 NA 66605352 36 EU 55892616 37 EU 3178584 38 EU 28672000 39 EU 176160768 
8 CHAIN 7 NA 13480656 40 EU 48375432 41 EU 56255160 42 NA 24371136 43 EU 54222072 
9 CHAIN 8 EU 149164968 44 EU 149164968 45 EU 176160768 46 EU 54222072 47 EU 28672000 
10 CHAIN 9 NA 66605352 48 EU 28820368 49 EU 4096000 50 EU 149164968 51 EU 176160768 
11 CHAIN 10 EU 48375432 52 EU 34292528 53 EU 149164968 54 EU 176160768 55 EU 54222072 
12 CHAIN 11 EU 56255160 56 EU 149164968 57 EU 176160768 58 EU 6296704 59 EU 149164968 
