0 BRANCH 0 NA 66605352 1 EU 5898240 2 EU 149164968 3 EU 176160768 4 NA 66605352 5 EU 56255160 6 EU 48375432 7 NA 48067448 8 EU 56255160 9 EU 34292528 10 EU 43927184 11 EU 56255160 
1 CHAIN 0 NA 66605352 12 NA 24371136 13 EU 43927184 14 EU 149164968 15 EU 34292528 
2 CHAIN 1 EU 5898240 16 EU 5898240 17 EU 149164968 18 NA 66605352 19 NA 13480656 
3 CHAIN 2 EU 149164968 20 EU 56255160 21 EU 55892616 22 EU 43927184 23 EU 28672000 
4 CHAIN 3 EU 176160768 24 NA 24371136 25 NA 9216000 26 EU 149164968 27 NA 41636560 
5 CHAIN 4 NA 66605352 28 NA 48067448 29 EU 149164968 30 EU 176160768 31 EU 1024000 
6 CHAIN 5 EU 56255160 32 EU 28672000 33 NA 66605352 34 NA 41636560 35 EU 149164968 
7 CHAIN 6 EU 48375432 36 EU 176160768 37 EU 54222072 38 EU 56255160 39 NA 41636560 
8 CHAIN 7 NA 48067448 40 NA 66605352 41 EU 56255160 42 NA 41636560 43 EU 43927184 
9 CHAIN 8 EU 56255160 44 EU 149164968 45 EU 176160768 46 EU 43927184 47 EU 149164968 
10 CHAIN 9 EU 34292528 48 NA 66605352 49 EU 55892616 50 EU 149164968 51 NA 24371136 
11 CHAIN 10 EU 43927184 52 NA 66605352 53 EU 149164968 54 NA 24371136 55 EU 34292528 
12 CHAIN 11 EU 56255160 56 EU 56255160 57 EU 55892616 58 EU 43927184 59 EU 56255160 
