0 BRANCH 0 NA 24371136 1 EU 43927184 2 EU 28672000 3 EU 55892616 4 EU 28820368 5 EU 56255160 6 EU 34292528 7 NA 9216000 8 EU 11591680 9 NA 66605352 10 EU 43927184 11 EU 149164968 
1 CHAIN 0 NA 24371136 12 EU 34292528 13 NA 8388608 14 EU 56255160 15 NA 66605352 
2 CHAIN 1 EU 43927184 16 EU 5898240 17 EU 56255160 18 NA 24371136 19 NA 8388608 
3 CHAIN 2 EU 28672000 20 EU 149164968 21 NA 41636560 22 EU 54222072 23 EU 149164968 
4 CHAIN 3 EU 55892616 24 NA 66605352 25 EU 54222072 26 EU 149164968 27 EU 19660800 
5 CHAIN 4 EU 28820368 28 EU 54222072 29 EU 56255160 30 EU 55892616 31 EU 5898240 
6 CHAIN 5 EU 56255160 32 EU 56255160 33 EU 19660800 34 EU 176160768 35 EU 149164968 
7 CHAIN 6 EU 34292528 36 EU 16777216 37 EU 54222072 38 EU 149164968 39 NA 66605352 
8 CHAIN 7 NA 9216000 40 NA 8388608 41 EU 56255160 42 EU 34292528 43 NA 9216000 
9 CHAIN 8 EU 11591680 44 EU 149164968 45 EU 34292528 46 NA 8388608 47 EU 28672000 
10 CHAIN 9 NA 66605352 48 EU 48375432 49 NA 13480656 50 EU 56255160 51 EU 48375432 
11 CHAIN 10 EU 43927184 52 NA 8044008 53 EU 56255160 54 EU 55892616 55 EU 48375432 
12 CHAIN 11 EU 149164968 56 EU 28672000 57 EU 176160768 58 EU 54222072 59 EU 149164968 
