0 BRANCH 0 EU 55892616 1 EU 54222072 2 EU 56255160 3 NA 66605352 4 EU 54222072 5 EU 149164968 6 EU 34292528 7 NA 48067448 8 EU 149164968 9 EU 176160768 10 EU 43927184 11 EU 11591680 
1 CHAIN 0 EU 55892616 12 NA 66605352 13 EU 176160768 14 EU 56255160 15 EU 34292528 
2 CHAIN 1 EU 54222072 16 NA 13480656 17 EU 149164968 18 EU 55892616 19 EU 54222072 
3 CHAIN 2 EU 56255160 20 EU 149164968 21 EU 16777216 22 EU 54222072 23 EU 28672000 
4 CHAIN 3 NA 66605352 24 NA 41636560 25 NA 4194304 26 EU 149164968 27 EU 28820368 
5 CHAIN 4 EU 54222072 28 EU 43927184 29 EU 56255160 30 EU 48375432 31 NA 5079504 
6 CHAIN 5 EU 149164968 32 EU 11591680 33 EU 19660800 34 EU 176160768 35 EU 149164968 
7 CHAIN 6 EU 34292528 36 NA 66605352 37 EU 12288000 38 EU 28672000 39 EU 48375432 
8 CHAIN 7 NA 48067448 40 EU 54222072 41 EU 28672000 42 EU 28820368 43 NA 13480656 
9 CHAIN 8 EU 149164968 44 EU 11591680 45 NA 24371136 46 NA 48067448 47 EU 149164968 
10 CHAIN 9 EU 176160768 48 NA 24371136 49 EU 48375432 50 EU 56255160 51 NA 66605352 
11 CHAIN 10 EU 43927184 52 NA 5079504 53 EU 28672000 54 EU 176160768 55 EU 34292528 
12 CHAIN 11 EU 11591680 56 EU 56255160 57 NA 24371136 58 EU 55892616 59 EU 56255160 
