0 BRANCH 0 EU 34292528 1 EU 1638400 2 EU 149164968 3 EU 176160768 4 EU 54222072 5 EU 149164968 6 NA 24371136 7 EU 1024000 8 EU 28672000 9 EU 19660800 10 NA 48067448 11 EU 149164968 
1 CHAIN 0 EU 34292528 12 NA 41636560 13 EU 5898240 14 EU 149164968 15 EU 48375432 
2 CHAIN 1 EU 1638400 16 EU 176160768 17 EU 149164968 18 NA 66605352 19 EU 43927184 
3 CHAIN 2 EU 149164968 20 EU 56255160 21 EU 176160768 22 EU 8192000 23 EU 56255160 
4 CHAIN 3 EU 176160768 24 EU 19660800 25 NA 41636560 26 EU 149164968 27 EU 55892616 
5 CHAIN 4 EU 54222072 28 EU 43927184 29 EU 149164968 30 EU 28820368 31 NA 8388608 
6 CHAIN 5 EU 149164968 32 EU 149164968 33 NA 66605352 34 NA 13480656 35 EU 149164968 
7 CHAIN 6 NA 24371136 36 EU 19660800 37 EU 176160768 38 EU 28672000 39 NA 41636560 
8 CHAIN 7 EU 1024000 40 EU 43927184 41 EU 56255160 42 EU 28820368 43 NA 13480656 
9 CHAIN 8 EU 28672000 44 EU 56255160 45 NA 41636560 46 EU 5898240 47 EU 149164968 
10 CHAIN 9 EU 19660800 48 EU 28820368 49 EU 43927184 50 EU 56255160 51 EU 176160768 
11 CHAIN 10 NA 48067448 52 NA 48067448 53 NA 819200 54 EU 55892616 55 NA 9216000 
12 CHAIN 11 EU 149164968 56 EU 149164968 57 NA 41636560 58 NA 8044008 59 EU 56255160 
