0 BRANCH 0 EU 55892616 1 EU 54222072 2 EU 28672000 3 EU 28820368 4 EU 12288000 5 EU 28672000 6 EU 28820368 7 NA 13480656 8 EU 11591680 9 EU 55892616 10 EU 54222072 11 EU 149164968 
1 CHAIN 0 EU 55892616 12 EU 16777216 13 EU 54222072 14 EU 149164968 15 NA 41636560 
2 CHAIN 1 EU 54222072 16 NA 8388608 17 EU 149164968 18 EU 176160768 19 NA 48067448 
3 CHAIN 2 EU 28672000 20 EU 11591680 21 EU 16777216 22 EU 54222072 23 NA 819200 
4 CHAIN 3 EU 28820368 24 EU 176160768 25 EU 54222072 26 EU 149164968 27 NA 24371136 
5 CHAIN 4 EU 12288000 28 EU 34292528 29 EU 149164968 30 EU 176160768 31 EU 4096000 
6 CHAIN 5 EU 28672000 32 EU 56255160 33 EU 48375432 34 NA 24371136 35 EU 56255160 
7 CHAIN 6 EU 28820368 36 EU 28820368 37 NA 48067448 38 EU 56255160 39 NA 66605352 
8 CHAIN 7 NA 13480656 40 NA 48067448 41 EU 56255160 42 EU 48375432 43 EU 12288000 
9 CHAIN 8 EU 11591680 44 EU 56255160 45 EU 48375432 46 EU 19660800 47 EU 56255160 
10 CHAIN 9 EU 55892616 48 NA 66605352 49 EU 12288000 50 EU 28672000 51 EU 55892616 
11 CHAIN 10 EU 54222072 52 NA 48067448 53 EU 28672000 54 EU 28820368 55 EU 55892616 
12 CHAIN 11 EU 149164968 56 EU 149164968 57 NA 24371136 58 EU 16777216 59 EU 56255160 
