0 BRANCH 0 EU 34292528 1 EU 2457600 2 EU 56255160 3 NA 66605352 4 NA 9216000 5 EU 56255160 6 EU 48375432 7 EU 54222072 8 EU 28672000 9 NA 66605352 10 EU 176160768 11 EU 28672000 
1 CHAIN 0 EU 34292528 12 EU 19660800 13 EU 43927184 14 EU 28672000 15 EU 48375432 
2 CHAIN 1 EU 2457600 16 EU 8192000 17 EU 56255160 18 EU 28820368 19 EU 2048000 
3 CHAIN 2 EU 56255160 20 EU 56255160 21 NA 66605352 22 EU 34292528 23 EU 56255160 
4 CHAIN 3 NA 66605352 24 EU 176160768 25 NA 41636560 26 EU 149164968 27 NA 41636560 
5 CHAIN 4 NA 9216000 28 EU 43927184 29 EU 56255160 30 EU 48375432 31 EU 5898240 
6 CHAIN 5 EU 56255160 32 EU 28672000 33 EU 16777216 34 EU 2457600 35 EU 28672000 
7 CHAIN 6 EU 48375432 36 NA 41636560 37 NA 48067448 38 EU 11591680 39 NA 41636560 
8 CHAIN 7 EU 54222072 40 EU 3178584 41 EU 149164968 42 EU 34292528 43 NA 48067448 
9 CHAIN 8 EU 28672000 44 EU 56255160 45 EU 34292528 46 EU 4096000 47 EU 56255160 
10 CHAIN 9 NA 66605352 48 EU 48375432 49 NA 9216000 50 EU 56255160 51 EU 28820368 
11 CHAIN 10 EU 176160768 52 EU 55892616 53 EU 149164968 54 NA 41636560 55 EU 12288000 
12 CHAIN 11 EU 28672000 56 EU 28672000 57 EU 16777216 58 EU 43927184 59 EU 149164968 
