0 BRANCH 0 NA 24371136 1 NA 8388608 2 EU 56255160 3 EU 176160768 4 EU 1064960 
1 CHAIN 0 NA 24371136 5 EU 56255160 6 EU 34292528 7 EU 16777216 8 EU 56255160 9 EU 48375432 
2 CHAIN 1 NA 8388608 10 NA 8388608 11 EU 149164968 12 NA 66605352 13 NA 3391304 14 EU 56255160 
3 CHAIN 2 EU 56255160 15 EU 55892616 16 NA 9216000 17 EU 149164968 18 EU 16777216 19 EU 8192000 
4 CHAIN 3 EU 176160768 20 EU 11591680 21 EU 48375432 22 EU 43927184 23 EU 56255160 24 EU 34292528 
5 CHAIN 4 EU 1064960 25 EU 54222072 26 EU 56255160 27 NA 66605352 28 NA 48067448 29 EU 56255160 
6 HIDDEN_BRANCH 0 NA 24371136 30 EU 176160768 31 EU 54222072 32 EU 56255160 33 NA 66605352 
7 HIDDEN_BRANCH 1 NA 8388608 34 EU 54222072 35 EU 28672000 36 NA 41636560 37 NA 13480656 
8 HIDDEN_BRANCH 2 EU 56255160 38 EU 56255160 39 EU 28820368 40 NA 48067448 41 EU 56255160 
9 HIDDEN_BRANCH 3 EU 176160768 42 EU 19660800 43 EU 43927184 44 EU 56255160 45 EU 48375432 
10 HIDDEN_BRANCH 4 EU 1064960 46 NA 66605352 47 EU 149164968 48 NA 66605352 49 EU 19660800 
11 HIDDEN_CHAIN 5 EU 56255160 50 EU 149164968 51 EU 176160768 52 EU 54222072 53 EU 56255160 
12 HIDDEN_CHAIN 6 EU 34292528 54 NA 66605352 55 EU 176160768 56 EU 149164968 57 EU 19660800 
13 HIDDEN_CHAIN 7 EU 16777216 58 NA 8388608 59 EU 28672000 60 NA 66605352 61 EU 43927184 
14 HIDDEN_CHAIN 8 EU 56255160 62 EU 56255160 63 NA 24371136 64 NA 1605632 65 EU 149164968 
15 HIDDEN_CHAIN 9 EU 48375432 66 EU 48375432 67 NA 48067448 68 EU 149164968 69 NA 66605352 
16 HIDDEN_CHAIN 10 NA 8388608 70 EU 34292528 71 EU 56255160 72 EU 34292528 73 EU 43927184 
17 HIDDEN_CHAIN 11 EU 149164968 74 EU 149164968 75 EU 28820368 76 EU 43927184 77 EU 28672000 
18 HIDDEN_CHAIN 12 NA 66605352 78 NA 41636560 79 EU 43927184 80 EU 149164968 81 NA 66605352 
19 HIDDEN_CHAIN 13 NA 3391304 82 NA 5079504 83 EU 28672000 84 EU 28820368 85 EU 55892616 
20 HIDDEN_CHAIN 14 EU 56255160 86 EU 149164968 87 EU 28820368 88 NA 48067448 89 EU 149164968 
21 HIDDEN_CHAIN 15 EU 55892616 90 NA 41636560 91 NA 3391304 92 EU 149164968 93 EU 34292528 
22 HIDDEN_CHAIN 16 NA 9216000 94 EU 54222072 95 EU 149164968 96 NA 66605352 97 EU 54222072 
23 HIDDEN_CHAIN 17 EU 149164968 98 EU 149164968 99 EU 176160768 100 EU 28820368 101 EU 149164968 
24 HIDDEN_CHAIN 18 EU 16777216 102 EU 176160768 103 EU 2457600 104 EU 28672000 105 NA 41636560 
25 HIDDEN_CHAIN 19 EU 8192000 106 EU 12288000 107 EU 149164968 108 NA 66605352 109 EU 176160768 
26 HIDDEN_CHAIN 20 EU 11591680 110 EU 149164968 111 NA 41636560 112 EU 54222072 113 EU 28672000 
27 HIDDEN_CHAIN 21 EU 48375432 114 NA 66605352 115 EU 43927184 116 EU 149164968 117 EU 55892616 
28 HIDDEN_CHAIN 22 EU 43927184 118 EU 54222072 119 EU 149164968 120 EU 16777216 121 EU 8192000 
29 HIDDEN_CHAIN 23 EU 56255160 122 EU 149164968 123 EU 55892616 124 EU 54222072 125 EU 149164968 
30 HIDDEN_CHAIN 24 EU 34292528 126 NA 66605352 127 EU 43927184 128 EU 149164968 129 EU 28820368 
31 HIDDEN_CHAIN 25 EU 54222072 130 EU 43927184 131 EU 28672000 132 EU 55892616 133 EU 54222072 
32 HIDDEN_CHAIN 26 EU 56255160 134 EU 28672000 135 NA 66605352 136 NA 48067448 137 EU 28672000 
33 HIDDEN_CHAIN 27 NA 66605352 138 EU 19660800 139 NA 13480656 140 EU 28672000 141 EU 19660800 
34 HIDDEN_CHAIN 28 NA 48067448 142 EU 4096000 143 EU 28672000 144 NA 41636560 145 EU 54222072 
35 HIDDEN_CHAIN 29 EU 56255160 146 EU 149164968 147 EU 176160768 148 NA 8388608 149 EU 56255160 
