0 BRANCH 0 EU 176160768 1 NA 8044008 2 EU 56255160 3 NA 66605352 4 EU 43927184 
1 CHAIN 0 EU 176160768 5 EU 56255160 6 EU 34292528 7 EU 8192000 8 EU 149164968 9 NA 24371136 
2 CHAIN 1 NA 8044008 10 NA 8388608 11 EU 56255160 12 EU 176160768 13 NA 41636560 14 EU 28672000 
3 CHAIN 2 EU 56255160 15 NA 66605352 16 EU 5898240 17 EU 56255160 18 NA 66605352 19 NA 5079504 
4 CHAIN 3 NA 66605352 20 EU 56255160 21 NA 66605352 22 EU 19660800 23 EU 149164968 24 EU 176160768 
5 CHAIN 4 EU 43927184 25 EU 48375432 26 EU 56255160 27 NA 66605352 28 EU 19660800 29 EU 149164968 
6 HIDDEN_BRANCH 0 EU 176160768 30 NA 66605352 31 EU 54222072 32 EU 149164968 33 EU 34292528 
7 HIDDEN_BRANCH 1 NA 8044008 34 EU 43927184 35 EU 11591680 36 NA 41636560 37 NA 9216000 
8 HIDDEN_BRANCH 2 EU 56255160 38 EU 56255160 39 EU 34292528 40 EU 43927184 41 EU 149164968 
9 HIDDEN_BRANCH 3 NA 66605352 42 EU 55892616 43 NA 4194304 44 EU 28672000 45 EU 176160768 
10 HIDDEN_BRANCH 4 EU 43927184 46 EU 28820368 47 EU 28672000 48 EU 55892616 49 NA 66605352 
11 HIDDEN_CHAIN 5 EU 56255160 50 EU 149164968 51 EU 19660800 52 NA 5079504 53 EU 149164968 
12 HIDDEN_CHAIN 6 EU 34292528 54 EU 176160768 55 NA 9216000 56 EU 149164968 57 EU 28820368 
13 HIDDEN_CHAIN 7 EU 8192000 58 NA 48067448 59 EU 149164968 60 EU 28820368 61 NA 66605352 
14 HIDDEN_CHAIN 8 EU 149164968 62 EU 56255160 63 EU 28820368 64 EU 43927184 65 EU 28672000 
15 HIDDEN_CHAIN 9 NA 24371136 66 EU 34292528 67 EU 43927184 68 EU 149164968 69 EU 34292528 
16 HIDDEN_CHAIN 10 NA 8388608 70 EU 28820368 71 EU 149164968 72 EU 16777216 73 EU 43927184 
17 HIDDEN_CHAIN 11 EU 56255160 74 EU 149164968 75 NA 41636560 76 EU 54222072 77 EU 149164968 
18 HIDDEN_CHAIN 12 EU 176160768 78 NA 41636560 79 NA 13480656 80 EU 11591680 81 EU 176160768 
19 HIDDEN_CHAIN 13 NA 41636560 82 EU 54222072 83 EU 2097152 84 EU 176160768 85 EU 34292528 
20 HIDDEN_CHAIN 14 EU 28672000 86 EU 56255160 87 EU 176160768 88 NA 48067448 89 EU 56255160 
21 HIDDEN_CHAIN 15 NA 66605352 90 EU 16777216 91 NA 48067448 92 EU 28672000 93 NA 24371136 
22 HIDDEN_CHAIN 16 EU 5898240 94 EU 19660800 95 EU 149164968 96 NA 66605352 97 EU 54222072 
23 HIDDEN_CHAIN 17 EU 56255160 98 EU 28672000 99 EU 176160768 100 NA 48067448 101 EU 56255160 
24 HIDDEN_CHAIN 18 NA 66605352 102 EU 48375432 103 EU 55892616 104 EU 149164968 105 EU 48375432 
25 HIDDEN_CHAIN 19 NA 5079504 106 NA 48067448 107 EU 149164968 108 EU 28820368 109 NA 48067448 
26 HIDDEN_CHAIN 20 EU 56255160 110 EU 56255160 111 EU 34292528 112 EU 12288000 113 EU 56255160 
27 HIDDEN_CHAIN 21 NA 66605352 114 NA 66605352 115 EU 54222072 116 EU 28672000 117 EU 55892616 
28 HIDDEN_CHAIN 22 EU 19660800 118 NA 48067448 119 EU 149164968 120 NA 41636560 121 NA 66605352 
29 HIDDEN_CHAIN 23 EU 149164968 122 EU 149164968 123 EU 28820368 124 NA 4194304 125 EU 28672000 
30 HIDDEN_CHAIN 24 EU 176160768 126 EU 176160768 127 EU 54222072 128 EU 28672000 129 NA 24371136 
31 HIDDEN_CHAIN 25 EU 48375432 130 NA 48067448 131 EU 149164968 132 NA 41636560 133 EU 1638400 
32 HIDDEN_CHAIN 26 EU 56255160 134 EU 149164968 135 NA 41636560 136 EU 54222072 137 EU 149164968 
33 HIDDEN_CHAIN 27 NA 66605352 138 EU 28820368 139 EU 176160768 140 EU 56255160 141 EU 48375432 
34 HIDDEN_CHAIN 28 EU 19660800 142 EU 54222072 143 EU 56255160 144 EU 28820368 145 EU 43927184 
35 HIDDEN_CHAIN 29 EU 149164968 146 EU 56255160 147 EU 176160768 148 EU 54222072 149 EU 28672000 
