0 BRANCH 0 NA 66605352 1 EU 12288000 2 EU 149164968 3 EU 48375432 4 NA 66605352 
1 CHAIN 0 NA 66605352 5 EU 56255160 6 EU 48375432 7 NA 66605352 8 EU 149164968 9 EU 176160768 
2 CHAIN 1 EU 12288000 10 EU 43927184 11 EU 56255160 12 NA 66605352 13 EU 19660800 14 EU 149164968 
3 CHAIN 2 EU 149164968 15 EU 176160768 16 NA 8388608 17 EU 28672000 18 EU 19660800 19 NA 9216000 
4 CHAIN 3 EU 48375432 20 EU 56255160 21 EU 28820368 22 NA 13480656 23 EU 56255160 24 EU 48375432 
5 CHAIN 4 NA 66605352 25 EU 43927184 26 EU 11591680 27 EU 48375432 28 NA 8388608 29 EU 56255160 
6 HIDDEN_BRANCH 0 NA 66605352 30 NA 24371136 31 EU 176160768 32 EU 56255160 33 NA 24371136 
7 HIDDEN_BRANCH 1 EU 12288000 34 NA 9216000 35 EU 149164968 36 EU 176160768 37 NA 8388608 
8 HIDDEN_BRANCH 2 EU 149164968 38 EU 56255160 39 EU 55892616 40 EU 2457600 41 EU 56255160 
9 HIDDEN_BRANCH 3 EU 48375432 42 NA 41636560 43 EU 176160768 44 EU 56255160 45 NA 24371136 
10 HIDDEN_BRANCH 4 NA 66605352 46 EU 54222072 47 EU 56255160 48 EU 55892616 49 EU 12288000 
11 HIDDEN_CHAIN 5 EU 56255160 50 EU 149164968 51 EU 16777216 52 NA 66605352 53 EU 149164968 
12 HIDDEN_CHAIN 6 EU 48375432 54 EU 34292528 55 NA 9216000 56 EU 56255160 57 EU 48375432 
13 HIDDEN_CHAIN 7 NA 66605352 58 EU 176160768 59 EU 56255160 60 EU 16777216 61 EU 55892616 
14 HIDDEN_CHAIN 8 EU 149164968 62 EU 56255160 63 EU 19660800 64 EU 55892616 65 EU 149164968 
15 HIDDEN_CHAIN 9 EU 176160768 66 EU 16777216 67 EU 2048000 68 EU 28672000 69 NA 24371136 
16 HIDDEN_CHAIN 10 EU 43927184 70 EU 12288000 71 EU 149164968 72 NA 41636560 73 NA 48067448 
17 HIDDEN_CHAIN 11 EU 56255160 74 EU 149164968 75 EU 16777216 76 EU 4096000 77 EU 149164968 
18 HIDDEN_CHAIN 12 NA 66605352 78 EU 176160768 79 EU 43927184 80 EU 56255160 81 EU 55892616 
19 HIDDEN_CHAIN 13 EU 19660800 82 NA 9216000 83 EU 11591680 84 EU 55892616 85 EU 34292528 
20 HIDDEN_CHAIN 14 EU 149164968 86 EU 56255160 87 NA 41636560 88 NA 48067448 89 EU 149164968 
21 HIDDEN_CHAIN 15 EU 176160768 90 NA 41636560 91 EU 4096000 92 EU 149164968 93 NA 66605352 
22 HIDDEN_CHAIN 16 NA 8388608 94 NA 1605632 95 EU 56255160 96 NA 66605352 97 EU 176160768 
23 HIDDEN_CHAIN 17 EU 28672000 98 EU 28672000 99 NA 66605352 100 NA 48067448 101 EU 149164968 
24 HIDDEN_CHAIN 18 EU 19660800 102 EU 48375432 103 EU 12288000 104 EU 28672000 105 NA 66605352 
25 HIDDEN_CHAIN 19 NA 9216000 106 NA 48067448 107 EU 56255160 108 EU 48375432 109 NA 66605352 
26 HIDDEN_CHAIN 20 EU 56255160 110 EU 28672000 111 EU 16777216 112 EU 8192000 113 EU 149164968 
27 HIDDEN_CHAIN 21 EU 28820368 114 EU 55892616 115 NA 48067448 116 EU 149164968 117 NA 24371136 
28 HIDDEN_CHAIN 22 NA 13480656 118 EU 176160768 119 EU 56255160 120 EU 55892616 121 NA 48067448 
29 HIDDEN_CHAIN 23 EU 56255160 122 EU 28672000 123 EU 19660800 124 EU 48375432 125 EU 56255160 
30 HIDDEN_CHAIN 24 EU 48375432 126 EU 48375432 127 EU 28820368 128 EU 28672000 129 EU 28820368 
31 HIDDEN_CHAIN 25 EU 43927184 130 EU 43927184 131 EU 56255160 132 EU 19660800 133 NA 48067448 
32 HIDDEN_CHAIN 26 EU 11591680 134 EU 28672000 135 EU 176160768 136 EU 28820368 137 EU 56255160 
33 HIDDEN_CHAIN 27 EU 48375432 138 NA 41636560 139 NA 8044008 140 EU 56255160 141 EU 176160768 
34 HIDDEN_CHAIN 28 NA 8388608 142 EU 54222072 143 EU 56255160 144 EU 176160768 145 EU 54222072 
35 HIDDEN_CHAIN 29 EU 56255160 146 EU 28672000 147 NA 66605352 148 EU 55892616 149 EU 149164968 
