0 BRANCH 0 EU 34292528 1 EU 54222072 2 EU 28672000 3 NA 41636560 4 EU 43927184 
1 CHAIN 0 EU 34292528 5 EU 149164968 6 NA 41636560 7 EU 43927184 8 EU 149164968 9 EU 19660800 
2 CHAIN 1 EU 54222072 10 EU 43927184 11 EU 149164968 12 EU 55892616 13 NA 8388608 14 EU 149164968 
3 CHAIN 2 EU 28672000 15 NA 41636560 16 EU 55892616 17 EU 28672000 18 EU 16777216 19 NA 13480656 
4 CHAIN 3 NA 41636560 20 EU 2097152 21 EU 48375432 22 NA 8044008 23 EU 56255160 24 NA 24371136 
5 CHAIN 4 EU 43927184 25 EU 54222072 26 EU 56255160 27 NA 41636560 28 NA 48067448 29 EU 56255160 
6 HIDDEN_BRANCH 0 EU 34292528 30 EU 28820368 31 EU 176160768 32 EU 28672000 33 EU 176160768 
7 HIDDEN_BRANCH 1 EU 54222072 34 NA 8044008 35 EU 149164968 36 EU 19660800 37 EU 48375432 
8 HIDDEN_BRANCH 2 EU 28672000 38 EU 56255160 39 EU 176160768 40 EU 16777216 41 EU 149164968 
9 HIDDEN_BRANCH 3 NA 41636560 42 NA 66605352 43 EU 55892616 44 EU 149164968 45 EU 176160768 
10 HIDDEN_BRANCH 4 EU 43927184 46 NA 8388608 47 EU 28672000 48 EU 176160768 49 NA 41636560 
11 HIDDEN_CHAIN 5 EU 149164968 50 EU 28672000 51 EU 55892616 52 EU 43927184 53 EU 149164968 
12 HIDDEN_CHAIN 6 NA 41636560 54 EU 176160768 55 EU 48375432 56 EU 56255160 57 EU 34292528 
13 HIDDEN_CHAIN 7 EU 43927184 58 EU 48375432 59 EU 149164968 60 EU 19660800 61 EU 48375432 
14 HIDDEN_CHAIN 8 EU 149164968 62 EU 28672000 63 EU 16777216 64 EU 2457600 65 EU 28672000 
15 HIDDEN_CHAIN 9 EU 19660800 66 NA 24371136 67 EU 6296704 68 EU 56255160 69 NA 66605352 
16 HIDDEN_CHAIN 10 EU 43927184 70 NA 48067448 71 EU 149164968 72 NA 66605352 73 EU 43927184 
17 HIDDEN_CHAIN 11 EU 149164968 74 EU 149164968 75 NA 24371136 76 NA 8388608 77 EU 56255160 
18 HIDDEN_CHAIN 12 EU 55892616 78 EU 176160768 79 EU 48375432 80 EU 56255160 81 EU 19660800 
19 HIDDEN_CHAIN 13 NA 8388608 82 EU 55892616 83 EU 56255160 84 NA 66605352 85 NA 819200 
20 HIDDEN_CHAIN 14 EU 149164968 86 EU 149164968 87 EU 16777216 88 NA 5079504 89 EU 56255160 
21 HIDDEN_CHAIN 15 NA 41636560 90 NA 66605352 91 EU 54222072 92 EU 149164968 93 NA 41636560 
22 HIDDEN_CHAIN 16 EU 55892616 94 NA 3391304 95 EU 149164968 96 EU 176160768 97 NA 66605352 
23 HIDDEN_CHAIN 17 EU 28672000 98 EU 28672000 99 EU 48375432 100 EU 16777216 101 EU 56255160 
24 HIDDEN_CHAIN 18 EU 16777216 102 EU 176160768 103 NA 13480656 104 EU 11591680 105 EU 19660800 
25 HIDDEN_CHAIN 19 NA 13480656 106 EU 54222072 107 EU 149164968 108 NA 66605352 109 EU 43927184 
26 HIDDEN_CHAIN 20 EU 2097152 110 EU 28672000 111 EU 176160768 112 EU 12288000 113 EU 149164968 
27 HIDDEN_CHAIN 21 EU 48375432 114 EU 48375432 115 NA 9216000 116 EU 149164968 117 EU 16777216 
28 HIDDEN_CHAIN 22 NA 8044008 118 EU 176160768 119 EU 149164968 120 EU 28820368 121 NA 3391304 
29 HIDDEN_CHAIN 23 EU 56255160 122 EU 28672000 123 EU 28820368 124 EU 43927184 125 EU 28672000 
30 HIDDEN_CHAIN 24 NA 24371136 126 EU 48375432 127 EU 54222072 128 EU 56255160 129 NA 66605352 
31 HIDDEN_CHAIN 25 EU 54222072 130 NA 24371136 131 EU 28672000 132 EU 55892616 133 NA 48067448 
32 HIDDEN_CHAIN 26 EU 56255160 134 EU 149164968 135 NA 66605352 136 EU 28820368 137 EU 2097152 
33 HIDDEN_CHAIN 27 NA 41636560 138 EU 55892616 139 EU 34292528 140 EU 149164968 141 EU 16777216 
34 HIDDEN_CHAIN 28 NA 48067448 142 NA 48067448 143 EU 56255160 144 EU 176160768 145 EU 6296704 
35 HIDDEN_CHAIN 29 EU 56255160 146 EU 149164968 147 NA 24371136 148 EU 8192000 149 NA 819200 
