0 BRANCH 0 EU 48375432 1 NA 48067448 2 EU 56255160 3 NA 66605352 4 NA 9216000 
1 CHAIN 0 EU 48375432 5 EU 56255160 6 EU 34292528 7 EU 43927184 8 EU 149164968 9 EU 34292528 
2 CHAIN 1 NA 48067448 10 EU 54222072 11 EU 28672000 12 NA 41636560 13 EU 1638400 14 EU 56255160 
3 CHAIN 2 EU 56255160 15 EU 176160768 16 EU 1638400 17 EU 56255160 18 NA 41636560 19 EU 34292528 
4 CHAIN 3 NA 66605352 20 EU 149164968 21 EU 34292528 22 EU 6296704 23 EU 28672000 24 NA 66605352 
5 CHAIN 4 NA 9216000 25 NA 8388608 26 EU 11591680 27 EU 28820368 28 EU 12288000 29 EU 149164968 
6 HIDDEN_BRANCH 0 EU 48375432 30 EU 28820368 31 NA 9216000 32 EU 149164968 33 NA 66605352 
7 HIDDEN_BRANCH 1 NA 48067448 34 NA 48067448 35 EU 28672000 36 EU 16777216 37 EU 819200 
8 HIDDEN_BRANCH 2 EU 56255160 38 EU 56255160 39 NA 41636560 40 NA 24371136 41 EU 56255160 
9 HIDDEN_BRANCH 3 NA 66605352 42 EU 176160768 43 EU 43927184 44 EU 11591680 45 EU 55892616 
10 HIDDEN_BRANCH 4 NA 9216000 46 EU 34292528 47 EU 56255160 48 NA 66605352 49 EU 43927184 
11 HIDDEN_CHAIN 5 EU 56255160 50 EU 149164968 51 NA 66605352 52 EU 2129920 53 EU 28672000 
12 HIDDEN_CHAIN 6 EU 34292528 54 EU 28820368 55 EU 48375432 56 EU 28672000 57 NA 66605352 
13 HIDDEN_CHAIN 7 EU 43927184 58 EU 8192000 59 EU 56255160 60 NA 41636560 61 NA 4194304 
14 HIDDEN_CHAIN 8 EU 149164968 62 EU 56255160 63 EU 55892616 64 NA 66605352 65 EU 149164968 
15 HIDDEN_CHAIN 9 EU 34292528 66 EU 55892616 67 EU 54222072 68 EU 28672000 69 EU 16777216 
16 HIDDEN_CHAIN 10 EU 54222072 70 EU 4096000 71 EU 56255160 72 EU 34292528 73 EU 54222072 
17 HIDDEN_CHAIN 11 EU 28672000 74 EU 56255160 75 EU 176160768 76 NA 1605632 77 EU 28672000 
18 HIDDEN_CHAIN 12 NA 41636560 78 NA 41636560 79 NA 66605352 80 EU 56255160 81 NA 66605352 
19 HIDDEN_CHAIN 13 EU 1638400 82 EU 8192000 83 EU 56255160 84 NA 66605352 85 EU 16777216 
20 HIDDEN_CHAIN 14 EU 56255160 86 EU 28672000 87 EU 176160768 88 NA 48067448 89 EU 149164968 
21 HIDDEN_CHAIN 15 EU 176160768 90 NA 24371136 91 EU 2457600 92 EU 28672000 93 NA 66605352 
22 HIDDEN_CHAIN 16 EU 1638400 94 EU 12288000 95 EU 149164968 96 EU 176160768 97 NA 48067448 
23 HIDDEN_CHAIN 17 EU 56255160 98 EU 56255160 99 EU 55892616 100 EU 54222072 101 EU 56255160 
24 HIDDEN_CHAIN 18 NA 41636560 102 EU 19660800 103 EU 54222072 104 EU 56255160 105 EU 16777216 
25 HIDDEN_CHAIN 19 EU 34292528 106 EU 55892616 107 EU 11591680 108 EU 48375432 109 EU 43927184 
26 HIDDEN_CHAIN 20 EU 149164968 110 EU 149164968 111 EU 55892616 112 EU 54222072 113 EU 149164968 
27 HIDDEN_CHAIN 21 EU 34292528 114 NA 66605352 115 EU 43927184 116 EU 28672000 117 EU 34292528 
28 HIDDEN_CHAIN 22 EU 6296704 118 NA 48067448 119 EU 149164968 120 NA 66605352 121 NA 48067448 
29 HIDDEN_CHAIN 23 EU 28672000 122 EU 56255160 123 EU 176160768 124 EU 5898240 125 EU 149164968 
30 HIDDEN_CHAIN 24 NA 66605352 126 EU 48375432 127 EU 12288000 128 EU 56255160 129 EU 48375432 
31 HIDDEN_CHAIN 25 NA 8388608 130 NA 48067448 131 EU 2097152 132 EU 16777216 133 EU 2457600 
32 HIDDEN_CHAIN 26 EU 11591680 134 EU 56255160 135 EU 176160768 136 EU 28820368 137 EU 56255160 
33 HIDDEN_CHAIN 27 EU 28820368 138 EU 34292528 139 EU 54222072 140 EU 56255160 141 EU 34292528 
34 HIDDEN_CHAIN 28 EU 12288000 142 EU 55892616 143 EU 28672000 144 NA 66605352 145 NA 41636560 
35 HIDDEN_CHAIN 29 EU 149164968 146 EU 149164968 147 EU 55892616 148 EU 54222072 149 EU 149164968 
