0 BRANCH 0 EU 34292528 1 EU 54222072 2 EU 11591680 3 NA 24371136 4 EU 4096000 
1 CHAIN 0 EU 34292528 5 EU 28672000 6 EU 176160768 7 EU 4096000 8 EU 149164968 9 EU 176160768 
2 CHAIN 1 EU 54222072 10 EU 12288000 11 EU 28672000 12 EU 28820368 13 NA 66605352 14 NA 819200 
3 CHAIN 2 EU 11591680 15 NA 66605352 16 EU 43927184 17 EU 149164968 18 EU 48375432 19 EU 34292528 
4 CHAIN 3 NA 24371136 20 EU 56255160 21 NA 41636560 22 EU 43927184 23 EU 56255160 24 EU 34292528 
5 CHAIN 4 EU 4096000 25 EU 54222072 26 EU 11591680 27 EU 48375432 28 EU 28820368 29 EU 56255160 
6 HIDDEN_BRANCH 0 EU 34292528 30 EU 34292528 31 EU 6296704 32 EU 28672000 33 EU 55892616 
7 HIDDEN_BRANCH 1 EU 54222072 34 EU 43927184 35 EU 28672000 36 NA 66605352 37 NA 1605632 
8 HIDDEN_BRANCH 2 EU 11591680 38 EU 56255160 39 EU 176160768 40 EU 54222072 41 EU 149164968 
9 HIDDEN_BRANCH 3 NA 24371136 42 EU 34292528 43 EU 43927184 44 EU 28672000 45 EU 55892616 
10 HIDDEN_BRANCH 4 EU 4096000 46 EU 54222072 47 EU 149164968 48 EU 28820368 49 EU 43927184 
11 HIDDEN_CHAIN 5 EU 28672000 50 EU 149164968 51 EU 176160768 52 NA 13480656 53 EU 149164968 
12 HIDDEN_CHAIN 6 EU 176160768 54 EU 16777216 55 EU 54222072 56 EU 149164968 57 EU 55892616 
13 HIDDEN_CHAIN 7 EU 4096000 58 EU 43927184 59 EU 149164968 60 NA 24371136 61 NA 13480656 
14 HIDDEN_CHAIN 8 EU 149164968 62 EU 149164968 63 EU 16777216 64 NA 9216000 65 EU 149164968 
15 HIDDEN_CHAIN 9 EU 176160768 66 EU 48375432 67 NA 9216000 68 EU 149164968 69 NA 41636560 
16 HIDDEN_CHAIN 10 EU 12288000 70 EU 43927184 71 EU 149164968 72 NA 41636560 73 NA 4194304 
17 HIDDEN_CHAIN 11 EU 28672000 74 EU 56255160 75 EU 48375432 76 EU 54222072 77 EU 56255160 
18 HIDDEN_CHAIN 12 EU 28820368 78 EU 34292528 79 NA 66605352 80 EU 149164968 81 EU 28820368 
19 HIDDEN_CHAIN 13 NA 66605352 82 NA 48067448 83 EU 149164968 84 EU 48375432 85 EU 54222072 
20 HIDDEN_CHAIN 14 NA 819200 86 EU 28672000 87 EU 16777216 88 NA 66605352 89 EU 56255160 
21 HIDDEN_CHAIN 15 NA 66605352 90 EU 19660800 91 EU 2457600 92 EU 11591680 93 NA 66605352 
22 HIDDEN_CHAIN 16 EU 43927184 94 EU 54222072 95 EU 56255160 96 EU 16777216 97 NA 48067448 
23 HIDDEN_CHAIN 17 EU 149164968 98 EU 28672000 99 EU 34292528 100 EU 16777216 101 EU 149164968 
24 HIDDEN_CHAIN 18 EU 48375432 102 EU 34292528 103 NA 41636560 104 EU 149164968 105 EU 176160768 
25 HIDDEN_CHAIN 19 EU 34292528 106 EU 54222072 107 EU 56255160 108 NA 41636560 109 EU 34292528 
26 HIDDEN_CHAIN 20 EU 56255160 110 EU 28672000 111 NA 24371136 112 EU 176160768 113 EU 56255160 
27 HIDDEN_CHAIN 21 NA 41636560 114 EU 48375432 115 EU 28820368 116 EU 56255160 117 EU 176160768 
28 HIDDEN_CHAIN 22 EU 43927184 118 NA 48067448 119 EU 56255160 120 NA 66605352 121 NA 13480656 
29 HIDDEN_CHAIN 23 EU 56255160 122 EU 149164968 123 EU 48375432 124 EU 16777216 125 EU 149164968 
30 HIDDEN_CHAIN 24 EU 34292528 126 NA 66605352 127 NA 8388608 128 EU 149164968 129 EU 19660800 
31 HIDDEN_CHAIN 25 EU 54222072 130 NA 48067448 131 EU 149164968 132 EU 16777216 133 NA 48067448 
32 HIDDEN_CHAIN 26 EU 11591680 134 EU 56255160 135 EU 176160768 136 EU 43927184 137 EU 149164968 
33 HIDDEN_CHAIN 27 EU 48375432 138 NA 41636560 139 EU 4096000 140 EU 28672000 141 NA 66605352 
34 HIDDEN_CHAIN 28 EU 28820368 142 EU 176160768 143 EU 28672000 144 NA 24371136 145 NA 66605352 
35 HIDDEN_CHAIN 29 EU 56255160 146 EU 149164968 147 EU 55892616 148 EU 54222072 149 EU 11591680 
