0 BRANCH 0 EU 55892616 1 NA 819200 2 EU 56255160 3 EU 19660800 4 NA 24371136 
1 CHAIN 0 EU 55892616 5 EU 149164968 6 NA 41636560 7 EU 34292528 8 EU 149164968 9 EU 48375432 
2 CHAIN 1 NA 819200 10 EU 4096000 11 EU 149164968 12 NA 24371136 13 EU 8192000 14 EU 56255160 
3 CHAIN 2 EU 56255160 15 NA 41636560 16 NA 13480656 17 EU 149164968 18 EU 55892616 19 NA 66605352 
4 CHAIN 3 EU 19660800 20 EU 56255160 21 NA 41636560 22 NA 8388608 23 EU 28672000 24 EU 34292528 
5 CHAIN 4 NA 24371136 25 NA 13480656 26 EU 2097152 27 NA 41636560 28 EU 176160768 29 EU 149164968 
6 HIDDEN_BRANCH 0 EU 55892616 30 NA 66605352 31 EU 3178584 32 EU 149164968 33 EU 48375432 
7 HIDDEN_BRANCH 1 NA 819200 34 EU 34292528 35 EU 11591680 36 EU 34292528 37 EU 54222072 
8 HIDDEN_BRANCH 2 EU 56255160 38 EU 28672000 39 EU 48375432 40 NA 48067448 41 EU 56255160 
9 HIDDEN_BRANCH 3 EU 19660800 42 EU 34292528 43 NA 8388608 44 EU 56255160 45 EU 34292528 
10 HIDDEN_BRANCH 4 NA 24371136 46 NA 819200 47 EU 28672000 48 EU 34292528 49 EU 176160768 
11 HIDDEN_CHAIN 5 EU 149164968 50 EU 56255160 51 EU 55892616 52 EU 54222072 53 EU 149164968 
12 HIDDEN_CHAIN 6 NA 41636560 54 NA 66605352 55 EU 4096000 56 EU 149164968 57 EU 34292528 
13 HIDDEN_CHAIN 7 EU 34292528 58 NA 13480656 59 EU 11591680 60 EU 176160768 61 NA 66605352 
14 HIDDEN_CHAIN 8 EU 149164968 62 EU 149164968 63 NA 24371136 64 EU 176160768 65 EU 149164968 
15 HIDDEN_CHAIN 9 EU 48375432 66 NA 66605352 67 NA 13480656 68 EU 149164968 69 EU 34292528 
16 HIDDEN_CHAIN 10 EU 4096000 70 EU 28820368 71 EU 149164968 72 NA 66605352 73 EU 28820368 
17 HIDDEN_CHAIN 11 EU 149164968 74 EU 11591680 75 EU 34292528 76 NA 4194304 77 EU 28672000 
18 HIDDEN_CHAIN 12 NA 24371136 78 EU 34292528 79 EU 48375432 80 EU 28672000 81 EU 176160768 
19 HIDDEN_CHAIN 13 EU 8192000 82 NA 24371136 83 EU 149164968 84 EU 48375432 85 EU 55892616 
20 HIDDEN_CHAIN 14 EU 56255160 86 EU 149164968 87 EU 19660800 88 NA 48067448 89 EU 149164968 
21 HIDDEN_CHAIN 15 NA 41636560 90 EU 176160768 91 EU 2129920 92 EU 149164968 93 EU 28820368 
22 HIDDEN_CHAIN 16 NA 13480656 94 EU 176160768 95 EU 149164968 96 NA 41636560 97 NA 4194304 
23 HIDDEN_CHAIN 17 EU 149164968 98 EU 149164968 99 NA 41636560 100 NA 66605352 101 EU 11591680 
24 HIDDEN_CHAIN 18 EU 55892616 102 NA 66605352 103 NA 1605632 104 EU 149164968 105 EU 16777216 
25 HIDDEN_CHAIN 19 NA 66605352 106 EU 43927184 107 EU 149164968 108 NA 66605352 109 EU 43927184 
26 HIDDEN_CHAIN 20 EU 56255160 110 EU 149164968 111 EU 55892616 112 EU 54222072 113 EU 149164968 
27 HIDDEN_CHAIN 21 NA 41636560 114 EU 48375432 115 EU 43927184 116 EU 149164968 117 EU 176160768 
28 HIDDEN_CHAIN 22 NA 8388608 118 EU 54222072 119 EU 56255160 120 EU 48375432 121 NA 41636560 
29 HIDDEN_CHAIN 23 EU 28672000 122 EU 56255160 123 NA 41636560 124 NA 48067448 125 EU 149164968 
30 HIDDEN_CHAIN 24 EU 34292528 126 NA 24371136 127 EU 8192000 128 EU 149164968 129 EU 48375432 
31 HIDDEN_CHAIN 25 NA 13480656 130 EU 54222072 131 EU 11591680 132 NA 66605352 133 NA 9216000 
32 HIDDEN_CHAIN 26 EU 2097152 134 EU 56255160 135 NA 41636560 136 NA 8388608 137 EU 11591680 
33 HIDDEN_CHAIN 27 NA 41636560 138 EU 48375432 139 EU 16777216 140 EU 149164968 141 EU 34292528 
34 HIDDEN_CHAIN 28 EU 176160768 142 EU 28820368 143 EU 2097152 144 EU 16777216 145 NA 48067448 
35 HIDDEN_CHAIN 29 EU 149164968 146 EU 28672000 147 EU 55892616 148 NA 48067448 149 EU 56255160 
