0 BRANCH 0 EU 176160768 1 EU 4096000 2 EU 56255160 3 EU 176160768 4 EU 54222072 
1 CHAIN 0 EU 176160768 5 EU 28672000 6 EU 48375432 7 EU 54222072 8 EU 149164968 9 EU 176160768 
2 CHAIN 1 EU 4096000 10 EU 28820368 11 EU 149164968 12 NA 66605352 13 EU 54222072 14 EU 149164968 
3 CHAIN 2 EU 56255160 15 NA 24371136 16 EU 176160768 17 EU 149164968 18 EU 34292528 19 EU 54222072 
4 CHAIN 3 EU 176160768 20 EU 11591680 21 NA 66605352 22 EU 12288000 23 EU 11591680 24 NA 24371136 
5 CHAIN 4 EU 54222072 25 EU 1024000 26 EU 28672000 27 NA 41636560 28 EU 1024000 29 EU 56255160 
6 HIDDEN_BRANCH 0 EU 176160768 30 EU 34292528 31 EU 43927184 32 EU 28672000 33 EU 34292528 
7 HIDDEN_BRANCH 1 EU 4096000 34 NA 66605352 35 EU 149164968 36 EU 28820368 37 EU 54222072 
8 HIDDEN_BRANCH 2 EU 56255160 38 EU 56255160 39 NA 66605352 40 NA 48067448 41 EU 149164968 
9 HIDDEN_BRANCH 3 EU 176160768 42 NA 66605352 43 EU 43927184 44 EU 149164968 45 EU 55892616 
10 HIDDEN_BRANCH 4 EU 54222072 46 NA 66605352 47 EU 56255160 48 NA 41636560 49 EU 48375432 
11 HIDDEN_CHAIN 5 EU 28672000 50 EU 56255160 51 EU 48375432 52 NA 1605632 53 EU 11591680 
12 HIDDEN_CHAIN 6 EU 48375432 54 EU 55892616 55 NA 8388608 56 EU 56255160 57 NA 66605352 
13 HIDDEN_CHAIN 7 EU 54222072 58 NA 13480656 59 EU 28672000 60 NA 66605352 61 EU 43927184 
14 HIDDEN_CHAIN 8 EU 149164968 62 EU 56255160 63 EU 176160768 64 NA 5079504 65 EU 56255160 
15 HIDDEN_CHAIN 9 EU 176160768 66 NA 66605352 67 EU 176160768 68 EU 28672000 69 EU 55892616 
16 HIDDEN_CHAIN 10 EU 28820368 70 EU 43927184 71 EU 149164968 72 NA 66605352 73 EU 4096000 
17 HIDDEN_CHAIN 11 EU 149164968 74 EU 28672000 75 NA 41636560 76 NA 48067448 77 EU 28672000 
18 HIDDEN_CHAIN 12 NA 66605352 78 NA 66605352 79 NA 13480656 80 EU 2097152 81 EU 19660800 
19 HIDDEN_CHAIN 13 EU 54222072 82 EU 16777216 83 EU 56255160 84 NA 66605352 85 NA 24371136 
20 HIDDEN_CHAIN 14 EU 149164968 86 EU 28672000 87 NA 66605352 88 NA 8044008 89 EU 56255160 
21 HIDDEN_CHAIN 15 NA 24371136 90 EU 34292528 91 NA 13480656 92 EU 56255160 93 EU 176160768 
22 HIDDEN_CHAIN 16 EU 176160768 94 NA 48067448 95 EU 56255160 96 NA 66605352 97 EU 176160768 
23 HIDDEN_CHAIN 17 EU 149164968 98 EU 149164968 99 NA 24371136 100 EU 12288000 101 EU 149164968 
24 HIDDEN_CHAIN 18 EU 34292528 102 EU 176160768 103 EU 43927184 104 EU 149164968 105 EU 48375432 
25 HIDDEN_CHAIN 19 EU 54222072 106 NA 8044008 107 EU 56255160 108 NA 41636560 109 EU 54222072 
26 HIDDEN_CHAIN 20 EU 11591680 110 EU 28672000 111 EU 48375432 112 NA 5079504 113 EU 56255160 
27 HIDDEN_CHAIN 21 NA 66605352 114 NA 66605352 115 NA 41636560 116 EU 28672000 117 NA 24371136 
28 HIDDEN_CHAIN 22 EU 12288000 118 EU 3178584 119 EU 149164968 120 EU 176160768 121 EU 4096000 
29 HIDDEN_CHAIN 23 EU 11591680 122 EU 28672000 123 EU 28820368 124 NA 24371136 125 EU 28672000 
30 HIDDEN_CHAIN 24 NA 24371136 126 NA 41636560 127 EU 54222072 128 EU 149164968 129 NA 41636560 
31 HIDDEN_CHAIN 25 EU 1024000 130 EU 12288000 131 EU 149164968 132 EU 34292528 133 NA 8388608 
32 HIDDEN_CHAIN 26 EU 28672000 134 EU 28672000 135 NA 24371136 136 EU 54222072 137 EU 149164968 
33 HIDDEN_CHAIN 27 NA 41636560 138 NA 66605352 139 EU 43927184 140 EU 149164968 141 EU 55892616 
34 HIDDEN_CHAIN 28 EU 1024000 142 NA 13480656 143 EU 149164968 144 EU 176160768 145 NA 48067448 
35 HIDDEN_CHAIN 29 EU 56255160 146 EU 149164968 147 EU 34292528 148 EU 43927184 149 EU 56255160 
