0 BRANCH 0 EU 34292528 1 EU 6296704 2 EU 149164968 3 EU 34292528 4 EU 176160768 
1 CHAIN 0 EU 34292528 5 EU 28672000 6 EU 55892616 7 EU 8192000 8 EU 149164968 9 NA 41636560 
2 CHAIN 1 EU 6296704 10 EU 55892616 11 EU 56255160 12 EU 48375432 13 EU 54222072 14 EU 149164968 
3 CHAIN 2 EU 149164968 15 NA 24371136 16 EU 55892616 17 EU 28672000 18 EU 55892616 19 NA 48067448 
4 CHAIN 3 EU 34292528 20 EU 28672000 21 EU 48375432 22 NA 48067448 23 EU 149164968 24 EU 176160768 
5 CHAIN 4 EU 176160768 25 EU 54222072 26 EU 149164968 27 EU 48375432 28 EU 54222072 29 EU 149164968 
6 HIDDEN_BRANCH 0 EU 34292528 30 EU 19660800 31 EU 54222072 32 EU 28672000 33 EU 28820368 
7 HIDDEN_BRANCH 1 EU 6296704 34 EU 176160768 35 EU 28672000 36 NA 66605352 37 EU 5898240 
8 HIDDEN_BRANCH 2 EU 149164968 38 EU 28672000 39 EU 176160768 40 EU 12288000 41 EU 56255160 
9 HIDDEN_BRANCH 3 EU 34292528 42 EU 34292528 43 NA 48067448 44 EU 149164968 45 EU 176160768 
10 HIDDEN_BRANCH 4 EU 176160768 46 EU 54222072 47 EU 56255160 48 EU 176160768 49 NA 66605352 
11 HIDDEN_CHAIN 5 EU 28672000 50 EU 149164968 51 NA 24371136 52 NA 8388608 53 EU 56255160 
12 HIDDEN_CHAIN 6 EU 55892616 54 NA 24371136 55 EU 54222072 56 EU 28672000 57 EU 34292528 
13 HIDDEN_CHAIN 7 EU 8192000 58 EU 1024000 59 EU 56255160 60 NA 24371136 61 EU 1638400 
14 HIDDEN_CHAIN 8 EU 149164968 62 EU 149164968 63 NA 66605352 64 NA 13480656 65 EU 149164968 
15 HIDDEN_CHAIN 9 NA 41636560 66 NA 66605352 67 EU 16777216 68 EU 28672000 69 EU 176160768 
16 HIDDEN_CHAIN 10 EU 55892616 70 EU 54222072 71 EU 56255160 72 NA 24371136 73 EU 54222072 
17 HIDDEN_CHAIN 11 EU 56255160 74 EU 56255160 75 EU 34292528 76 EU 48375432 77 EU 28672000 
18 HIDDEN_CHAIN 12 EU 48375432 78 NA 66605352 79 EU 54222072 80 EU 56255160 81 EU 34292528 
19 HIDDEN_CHAIN 13 EU 54222072 82 EU 43927184 83 EU 149164968 84 EU 55892616 85 EU 54222072 
20 HIDDEN_CHAIN 14 EU 149164968 86 EU 149164968 87 EU 48375432 88 NA 9216000 89 EU 56255160 
21 HIDDEN_CHAIN 15 NA 24371136 90 EU 176160768 91 EU 34292528 92 EU 56255160 93 NA 66605352 
22 HIDDEN_CHAIN 16 EU 55892616 94 EU 12288000 95 EU 28672000 96 NA 24371136 97 EU 12288000 
23 HIDDEN_CHAIN 17 EU 28672000 98 EU 149164968 99 NA 24371136 100 EU 43927184 101 EU 56255160 
24 HIDDEN_CHAIN 18 EU 55892616 102 EU 28820368 103 EU 176160768 104 EU 11591680 105 EU 176160768 
25 HIDDEN_CHAIN 19 NA 48067448 106 NA 1605632 107 EU 56255160 108 NA 41636560 109 NA 9216000 
26 HIDDEN_CHAIN 20 EU 28672000 110 EU 28672000 111 EU 176160768 112 EU 54222072 113 EU 149164968 
27 HIDDEN_CHAIN 21 EU 48375432 114 NA 66605352 115 EU 43927184 116 EU 149164968 117 EU 19660800 
28 HIDDEN_CHAIN 22 NA 48067448 118 NA 9216000 119 EU 149164968 120 NA 24371136 121 NA 8388608 
29 HIDDEN_CHAIN 23 EU 149164968 122 EU 149164968 123 EU 28820368 124 NA 48067448 125 EU 11591680 
30 HIDDEN_CHAIN 24 EU 176160768 126 EU 28820368 127 NA 8388608 128 EU 56255160 129 NA 66605352 
31 HIDDEN_CHAIN 25 EU 54222072 130 EU 54222072 131 EU 149164968 132 EU 55892616 133 EU 48375432 
32 HIDDEN_CHAIN 26 EU 149164968 134 EU 28672000 135 EU 48375432 136 NA 66605352 137 EU 28672000 
33 HIDDEN_CHAIN 27 EU 48375432 138 NA 41636560 139 NA 8044008 140 EU 56255160 141 EU 48375432 
34 HIDDEN_CHAIN 28 EU 54222072 142 NA 48067448 143 EU 28672000 144 NA 41636560 145 NA 8044008 
35 HIDDEN_CHAIN 29 EU 149164968 146 EU 56255160 147 EU 176160768 148 NA 13480656 149 EU 11591680 
