0 BRANCH 0 EU 55892616 1 NA 48067448 2 EU 56255160 3 NA 66605352 4 EU 19660800 
1 CHAIN 0 EU 55892616 5 EU 149164968 6 EU 34292528 7 EU 43927184 8 EU 28672000 9 NA 66605352 
2 CHAIN 1 NA 48067448 10 NA 8388608 11 EU 56255160 12 EU 48375432 13 EU 16777216 14 EU 149164968 
3 CHAIN 2 EU 56255160 15 NA 41636560 16 EU 43927184 17 EU 11591680 18 EU 176160768 19 NA 48067448 
4 CHAIN 3 NA 66605352 20 EU 56255160 21 NA 41636560 22 NA 8388608 23 EU 28672000 24 NA 66605352 
5 CHAIN 4 EU 19660800 25 EU 12288000 26 EU 11591680 27 EU 28820368 28 EU 43927184 29 EU 149164968 
6 HIDDEN_BRANCH 0 EU 55892616 30 EU 48375432 31 EU 55892616 32 EU 28672000 33 EU 48375432 
7 HIDDEN_BRANCH 1 NA 48067448 34 EU 4096000 35 EU 149164968 36 EU 48375432 37 EU 34292528 
8 HIDDEN_BRANCH 2 EU 56255160 38 EU 149164968 39 EU 16777216 40 EU 43927184 41 EU 149164968 
9 HIDDEN_BRANCH 3 NA 66605352 42 NA 41636560 43 EU 1638400 44 EU 56255160 45 NA 66605352 
10 HIDDEN_BRANCH 4 EU 19660800 46 EU 54222072 47 EU 149164968 48 EU 19660800 49 EU 28820368 
11 HIDDEN_CHAIN 5 EU 149164968 50 EU 56255160 51 EU 48375432 52 NA 24371136 53 EU 149164968 
12 HIDDEN_CHAIN 6 EU 34292528 54 EU 176160768 55 EU 43927184 56 EU 28672000 57 EU 176160768 
13 HIDDEN_CHAIN 7 EU 43927184 58 NA 13480656 59 EU 149164968 60 EU 176160768 61 EU 43927184 
14 HIDDEN_CHAIN 8 EU 28672000 62 NA 819200 63 NA 41636560 64 EU 43927184 65 EU 149164968 
15 HIDDEN_CHAIN 9 NA 66605352 66 NA 24371136 67 EU 54222072 68 EU 149164968 69 NA 41636560 
16 HIDDEN_CHAIN 10 NA 8388608 70 NA 24371136 71 EU 11591680 72 EU 176160768 73 NA 48067448 
17 HIDDEN_CHAIN 11 EU 56255160 74 EU 149164968 75 EU 55892616 76 NA 48067448 77 EU 28672000 
18 HIDDEN_CHAIN 12 EU 48375432 78 EU 176160768 79 EU 12288000 80 EU 56255160 81 EU 16777216 
19 HIDDEN_CHAIN 13 EU 16777216 82 EU 6296704 83 EU 149164968 84 EU 19660800 85 EU 2048000 
20 HIDDEN_CHAIN 14 EU 149164968 86 EU 11591680 87 NA 66605352 88 EU 8192000 89 EU 149164968 
21 HIDDEN_CHAIN 15 NA 41636560 90 EU 55892616 91 EU 54222072 92 EU 149164968 93 EU 16777216 
22 HIDDEN_CHAIN 16 EU 43927184 94 EU 4096000 95 EU 56255160 96 NA 24371136 97 NA 8044008 
23 HIDDEN_CHAIN 17 EU 11591680 98 EU 28672000 99 NA 24371136 100 EU 54222072 101 EU 149164968 
24 HIDDEN_CHAIN 18 EU 176160768 102 EU 48375432 103 EU 55892616 104 EU 56255160 105 NA 66605352 
25 HIDDEN_CHAIN 19 NA 48067448 106 EU 54222072 107 EU 56255160 108 EU 55892616 109 NA 8044008 
26 HIDDEN_CHAIN 20 EU 56255160 110 EU 149164968 111 EU 28820368 112 NA 41636560 113 EU 56255160 
27 HIDDEN_CHAIN 21 NA 41636560 114 EU 16777216 115 EU 176160768 116 EU 56255160 117 NA 66605352 
28 HIDDEN_CHAIN 22 NA 8388608 118 NA 8388608 119 EU 56255160 120 EU 55892616 121 NA 8388608 
29 HIDDEN_CHAIN 23 EU 28672000 122 EU 56255160 123 EU 176160768 124 EU 54222072 125 EU 11591680 
30 HIDDEN_CHAIN 24 NA 66605352 126 NA 24371136 127 EU 54222072 128 EU 149164968 129 NA 66605352 
31 HIDDEN_CHAIN 25 EU 12288000 130 EU 4096000 131 EU 56255160 132 NA 41636560 133 NA 48067448 
32 HIDDEN_CHAIN 26 EU 11591680 134 EU 149164968 135 NA 66605352 136 NA 48067448 137 EU 56255160 
33 HIDDEN_CHAIN 27 EU 28820368 138 NA 24371136 139 EU 54222072 140 EU 149164968 141 NA 41636560 
34 HIDDEN_CHAIN 28 EU 43927184 142 NA 8044008 143 EU 56255160 144 EU 19660800 145 EU 54222072 
35 HIDDEN_CHAIN 29 EU 149164968 146 EU 11591680 147 EU 48375432 148 NA 819200 149 EU 11591680 
