0 BRANCH 0 EU 28820368 1 EU 12288000 2 EU 149164968 3 EU 48375432 4 EU 8192000 
1 CHAIN 0 EU 28820368 5 EU 56255160 6 EU 34292528 7 EU 54222072 8 EU 28672000 9 NA 24371136 
2 CHAIN 1 EU 12288000 10 NA 48067448 11 EU 149164968 12 NA 41636560 13 NA 48067448 14 EU 149164968 
3 CHAIN 2 EU 149164968 15 EU 34292528 16 NA 48067448 17 EU 28672000 18 EU 176160768 19 NA 1605632 
4 CHAIN 3 EU 48375432 20 EU 28672000 21 EU 48375432 22 NA 8044008 23 EU 2097152 24 EU 176160768 
5 CHAIN 4 EU 8192000 25 EU 48375432 26 EU 28672000 27 NA 41636560 28 NA 8388608 29 EU 11591680 
6 HIDDEN_BRANCH 0 EU 28820368 30 EU 34292528 31 EU 54222072 32 EU 149164968 33 EU 176160768 
7 HIDDEN_BRANCH 1 EU 12288000 34 EU 54222072 35 EU 149164968 36 EU 48375432 37 EU 54222072 
8 HIDDEN_BRANCH 2 EU 149164968 38 EU 28672000 39 EU 176160768 40 EU 54222072 41 EU 149164968 
9 HIDDEN_BRANCH 3 EU 48375432 42 NA 41636560 43 EU 28820368 44 EU 11591680 45 EU 48375432 
10 HIDDEN_BRANCH 4 EU 8192000 46 EU 2129920 47 EU 56255160 48 EU 34292528 49 EU 48375432 
11 HIDDEN_CHAIN 5 EU 56255160 50 EU 28672000 51 NA 41636560 52 EU 54222072 53 EU 149164968 
12 HIDDEN_CHAIN 6 EU 34292528 54 EU 48375432 55 NA 66605352 56 EU 149164968 57 NA 41636560 
13 HIDDEN_CHAIN 7 EU 54222072 58 NA 48067448 59 EU 149164968 60 NA 66605352 61 NA 8388608 
14 HIDDEN_CHAIN 8 EU 28672000 62 EU 56255160 63 EU 34292528 64 NA 66605352 65 EU 28672000 
15 HIDDEN_CHAIN 9 NA 24371136 66 EU 176160768 67 NA 48067448 68 EU 149164968 69 NA 66605352 
16 HIDDEN_CHAIN 10 NA 48067448 70 EU 34292528 71 EU 149164968 72 NA 41636560 73 NA 48067448 
17 HIDDEN_CHAIN 11 EU 149164968 74 EU 56255160 75 EU 176160768 76 NA 66605352 77 EU 149164968 
18 HIDDEN_CHAIN 12 NA 41636560 78 EU 48375432 79 NA 48067448 80 EU 149164968 81 NA 66605352 
19 HIDDEN_CHAIN 13 NA 48067448 82 EU 4096000 83 EU 149164968 84 EU 19660800 85 EU 54222072 
20 HIDDEN_CHAIN 14 EU 149164968 86 EU 56255160 87 EU 16777216 88 EU 54222072 89 EU 28672000 
21 HIDDEN_CHAIN 15 EU 34292528 90 NA 66605352 91 EU 176160768 92 EU 28672000 93 NA 41636560 
22 HIDDEN_CHAIN 16 NA 48067448 94 EU 54222072 95 EU 56255160 96 NA 41636560 97 EU 54222072 
23 HIDDEN_CHAIN 17 EU 28672000 98 EU 11591680 99 EU 16777216 100 EU 5898240 101 EU 56255160 
24 HIDDEN_CHAIN 18 EU 176160768 102 EU 176160768 103 EU 8192000 104 EU 149164968 105 EU 34292528 
25 HIDDEN_CHAIN 19 NA 1605632 106 EU 43927184 107 EU 149164968 108 EU 48375432 109 EU 43927184 
26 HIDDEN_CHAIN 20 EU 28672000 110 EU 149164968 111 NA 66605352 112 EU 8192000 113 EU 56255160 
27 HIDDEN_CHAIN 21 EU 48375432 114 NA 24371136 115 EU 19660800 116 EU 11591680 117 EU 28820368 
28 HIDDEN_CHAIN 22 NA 8044008 118 NA 48067448 119 EU 56255160 120 EU 34292528 121 EU 54222072 
29 HIDDEN_CHAIN 23 EU 2097152 122 EU 149164968 123 NA 41636560 124 NA 8388608 125 EU 149164968 
30 HIDDEN_CHAIN 24 EU 176160768 126 EU 19660800 127 NA 9216000 128 EU 149164968 129 EU 34292528 
31 HIDDEN_CHAIN 25 EU 48375432 130 NA 66605352 131 EU 149164968 132 NA 24371136 133 EU 16777216 
32 HIDDEN_CHAIN 26 EU 28672000 134 EU 56255160 135 EU 55892616 136 EU 43927184 137 EU 11591680 
33 HIDDEN_CHAIN 27 NA 41636560 138 EU 48375432 139 NA 8044008 140 EU 149164968 141 NA 24371136 
34 HIDDEN_CHAIN 28 NA 8388608 142 NA 66605352 143 EU 149164968 144 EU 55892616 145 EU 43927184 
35 HIDDEN_CHAIN 29 EU 11591680 146 EU 56255160 147 NA 24371136 148 EU 54222072 149 EU 56255160 
