0 BRANCH 0 EU 16777216 1 EU 12288000 2 EU 28672000 3 EU 28820368 4 NA 24371136 
1 CHAIN 0 EU 16777216 5 EU 28672000 6 NA 66605352 7 EU 43927184 8 EU 149164968 9 EU 34292528 
2 CHAIN 1 EU 12288000 10 EU 54222072 11 EU 11591680 12 EU 34292528 13 NA 13480656 14 EU 56255160 
3 CHAIN 2 EU 28672000 15 EU 176160768 16 NA 48067448 17 EU 149164968 18 EU 16777216 19 EU 48375432 
4 CHAIN 3 EU 28820368 20 EU 149164968 21 EU 176160768 22 NA 1605632 23 EU 28672000 24 EU 55892616 
5 CHAIN 4 NA 24371136 25 NA 41636560 26 EU 28672000 27 NA 66605352 28 EU 54222072 29 EU 149164968 
6 HIDDEN_BRANCH 0 EU 16777216 30 NA 66605352 31 NA 41636560 32 EU 28672000 33 EU 176160768 
7 HIDDEN_BRANCH 1 EU 12288000 34 EU 54222072 35 EU 56255160 36 EU 28820368 37 EU 54222072 
8 HIDDEN_BRANCH 2 EU 28672000 38 EU 56255160 39 EU 28820368 40 EU 12288000 41 EU 56255160 
9 HIDDEN_BRANCH 3 EU 28820368 42 NA 66605352 43 EU 176160768 44 EU 56255160 45 EU 176160768 
10 HIDDEN_BRANCH 4 NA 24371136 46 NA 1605632 47 EU 11591680 48 EU 176160768 49 NA 48067448 
11 HIDDEN_CHAIN 5 EU 28672000 50 EU 28672000 51 EU 34292528 52 EU 54222072 53 EU 56255160 
12 HIDDEN_CHAIN 6 NA 66605352 54 EU 19660800 55 EU 2048000 56 EU 11591680 57 NA 66605352 
13 HIDDEN_CHAIN 7 EU 43927184 58 EU 55892616 59 EU 11591680 60 NA 41636560 61 EU 43927184 
14 HIDDEN_CHAIN 8 EU 149164968 62 EU 56255160 63 NA 24371136 64 EU 55892616 65 EU 56255160 
15 HIDDEN_CHAIN 9 EU 34292528 66 NA 24371136 67 NA 41636560 68 EU 149164968 69 EU 55892616 
16 HIDDEN_CHAIN 10 EU 54222072 70 EU 43927184 71 EU 56255160 72 NA 66605352 73 NA 13480656 
17 HIDDEN_CHAIN 11 EU 11591680 74 EU 56255160 75 NA 66605352 76 NA 4194304 77 EU 149164968 
18 HIDDEN_CHAIN 12 EU 34292528 78 EU 176160768 79 NA 41636560 80 EU 56255160 81 EU 176160768 
19 HIDDEN_CHAIN 13 NA 13480656 82 EU 54222072 83 EU 56255160 84 EU 34292528 85 EU 54222072 
20 HIDDEN_CHAIN 14 EU 56255160 86 EU 56255160 87 EU 19660800 88 EU 43927184 89 EU 28672000 
21 HIDDEN_CHAIN 15 EU 176160768 90 NA 66605352 91 EU 12288000 92 EU 149164968 93 EU 28820368 
22 HIDDEN_CHAIN 16 NA 48067448 94 EU 1638400 95 EU 149164968 96 NA 66605352 97 EU 55892616 
23 HIDDEN_CHAIN 17 EU 149164968 98 EU 149164968 99 EU 55892616 100 NA 8388608 101 EU 28672000 
24 HIDDEN_CHAIN 18 EU 16777216 102 NA 66605352 103 EU 54222072 104 EU 149164968 105 NA 66605352 
25 HIDDEN_CHAIN 19 EU 48375432 106 EU 54222072 107 EU 11591680 108 NA 66605352 109 EU 43927184 
26 HIDDEN_CHAIN 20 EU 149164968 110 EU 149164968 111 NA 41636560 112 EU 48375432 113 EU 28672000 
27 HIDDEN_CHAIN 21 EU 176160768 114 NA 41636560 115 EU 6296704 116 EU 149164968 117 NA 24371136 
28 HIDDEN_CHAIN 22 NA 1605632 118 NA 48067448 119 EU 149164968 120 EU 176160768 121 NA 5079504 
29 HIDDEN_CHAIN 23 EU 28672000 122 EU 149164968 123 NA 41636560 124 NA 48067448 125 EU 56255160 
30 HIDDEN_CHAIN 24 EU 55892616 126 EU 48375432 127 NA 66605352 128 EU 56255160 129 NA 24371136 
31 HIDDEN_CHAIN 25 NA 41636560 130 EU 176160768 131 EU 56255160 132 EU 19660800 133 EU 54222072 
32 HIDDEN_CHAIN 26 EU 28672000 134 EU 28672000 135 NA 66605352 136 EU 54222072 137 EU 149164968 
33 HIDDEN_CHAIN 27 NA 66605352 138 EU 176160768 139 EU 6296704 140 EU 56255160 141 NA 66605352 
34 HIDDEN_CHAIN 28 EU 54222072 142 EU 8192000 143 EU 56255160 144 NA 66605352 145 NA 13480656 
35 HIDDEN_CHAIN 29 EU 149164968 146 EU 56255160 147 NA 66605352 148 EU 43927184 149 EU 149164968 
