0 BRANCH 0 EU 176160768 1 EU 28820368 2 EU 11591680 3 EU 176160768 4 EU 54222072 
1 CHAIN 0 EU 176160768 5 EU 28672000 6 NA 66605352 7 NA 8044008 8 EU 149164968 9 EU 55892616 
2 CHAIN 1 EU 28820368 10 EU 54222072 11 EU 149164968 12 EU 55892616 13 EU 43927184 14 EU 56255160 
3 CHAIN 2 EU 11591680 15 EU 176160768 16 NA 66605352 17 EU 56255160 18 EU 176160768 19 NA 8388608 
4 CHAIN 3 EU 176160768 20 EU 149164968 21 NA 41636560 22 NA 48067448 23 EU 149164968 24 EU 55892616 
5 CHAIN 4 EU 54222072 25 NA 48067448 26 EU 28672000 27 EU 48375432 28 EU 8192000 29 EU 28672000 
6 HIDDEN_BRANCH 0 EU 176160768 30 EU 176160768 31 NA 9216000 32 EU 11591680 33 NA 66605352 
7 HIDDEN_BRANCH 1 EU 28820368 34 NA 5079504 35 EU 28672000 36 NA 41636560 37 EU 55892616 
8 HIDDEN_BRANCH 2 EU 11591680 38 EU 149164968 39 NA 41636560 40 EU 8192000 41 EU 149164968 
9 HIDDEN_BRANCH 3 EU 176160768 42 EU 48375432 43 NA 66605352 44 EU 149164968 45 NA 66605352 
10 HIDDEN_BRANCH 4 EU 54222072 46 NA 48067448 47 EU 28672000 48 EU 16777216 49 EU 12288000 
11 HIDDEN_CHAIN 5 EU 28672000 50 EU 56255160 51 EU 28820368 52 NA 24371136 53 EU 149164968 
12 HIDDEN_CHAIN 6 NA 66605352 54 EU 28820368 55 NA 48067448 56 EU 56255160 57 EU 34292528 
13 HIDDEN_CHAIN 7 NA 8044008 58 EU 54222072 59 EU 56255160 60 EU 34292528 61 EU 43927184 
14 HIDDEN_CHAIN 8 EU 149164968 62 EU 149164968 63 EU 28820368 64 EU 4096000 65 EU 149164968 
15 HIDDEN_CHAIN 9 EU 55892616 66 NA 66605352 67 EU 55892616 68 EU 149164968 69 EU 48375432 
16 HIDDEN_CHAIN 10 EU 54222072 70 NA 9216000 71 EU 149164968 72 EU 34292528 73 EU 43927184 
17 HIDDEN_CHAIN 11 EU 149164968 74 EU 28672000 75 EU 28820368 76 NA 48067448 77 EU 28672000 
18 HIDDEN_CHAIN 12 EU 55892616 78 EU 34292528 79 EU 54222072 80 EU 56255160 81 EU 19660800 
19 HIDDEN_CHAIN 13 EU 43927184 82 EU 48375432 83 EU 149164968 84 EU 176160768 85 EU 16777216 
20 HIDDEN_CHAIN 14 EU 56255160 86 EU 56255160 87 NA 41636560 88 EU 43927184 89 EU 56255160 
21 HIDDEN_CHAIN 15 EU 176160768 90 NA 41636560 91 EU 28820368 92 EU 149164968 93 EU 55892616 
22 HIDDEN_CHAIN 16 NA 66605352 94 EU 43927184 95 EU 56255160 96 EU 55892616 97 EU 54222072 
23 HIDDEN_CHAIN 17 EU 56255160 98 EU 149164968 99 EU 55892616 100 NA 8388608 101 EU 28672000 
24 HIDDEN_CHAIN 18 EU 176160768 102 EU 34292528 103 EU 54222072 104 EU 56255160 105 EU 19660800 
25 HIDDEN_CHAIN 19 NA 8388608 106 EU 12288000 107 EU 149164968 108 EU 176160768 109 NA 48067448 
26 HIDDEN_CHAIN 20 EU 149164968 110 EU 149164968 111 NA 24371136 112 NA 8388608 113 EU 56255160 
27 HIDDEN_CHAIN 21 NA 41636560 114 EU 55892616 115 EU 34292528 116 EU 56255160 117 EU 28820368 
28 HIDDEN_CHAIN 22 NA 48067448 118 NA 48067448 119 EU 56255160 120 NA 66605352 121 NA 8044008 
29 HIDDEN_CHAIN 23 EU 149164968 122 EU 28672000 123 EU 48375432 124 EU 4096000 125 EU 149164968 
30 HIDDEN_CHAIN 24 EU 55892616 126 EU 48375432 127 EU 12288000 128 EU 56255160 129 NA 66605352 
31 HIDDEN_CHAIN 25 NA 48067448 130 NA 48067448 131 EU 149164968 132 EU 19660800 133 EU 54222072 
32 HIDDEN_CHAIN 26 EU 28672000 134 EU 28672000 135 NA 24371136 136 EU 55892616 137 EU 56255160 
33 HIDDEN_CHAIN 27 EU 48375432 138 EU 55892616 139 NA 48067448 140 NA 819200 141 EU 19660800 
34 HIDDEN_CHAIN 28 EU 8192000 142 EU 55892616 143 EU 149164968 144 EU 34292528 145 EU 54222072 
35 HIDDEN_CHAIN 29 EU 28672000 146 EU 149164968 147 NA 24371136 148 EU 43927184 149 EU 56255160 
