0 BRANCH 0 NA 24371136 1 NA 48067448 2 EU 149164968 3 EU 34292528 4 NA 41636560 
1 CHAIN 0 NA 24371136 5 EU 149164968 6 EU 48375432 7 EU 6296704 8 EU 56255160 9 NA 24371136 
2 CHAIN 1 NA 48067448 10 EU 2457600 11 EU 149164968 12 EU 34292528 13 EU 54222072 14 EU 11591680 
3 CHAIN 2 EU 149164968 15 NA 66605352 16 NA 48067448 17 EU 56255160 18 EU 34292528 19 NA 48067448 
4 CHAIN 3 EU 34292528 20 EU 11591680 21 NA 66605352 22 NA 8388608 23 EU 56255160 24 EU 19660800 
5 CHAIN 4 NA 41636560 25 EU 12288000 26 EU 28672000 27 EU 176160768 28 EU 54222072 29 EU 149164968 
6 HIDDEN_BRANCH 0 NA 24371136 30 NA 66605352 31 NA 5079504 32 EU 28672000 33 NA 66605352 
7 HIDDEN_BRANCH 1 NA 48067448 34 EU 12288000 35 EU 149164968 36 NA 41636560 37 NA 48067448 
8 HIDDEN_BRANCH 2 EU 149164968 38 EU 11591680 39 EU 48375432 40 NA 48067448 41 EU 149164968 
9 HIDDEN_BRANCH 3 EU 34292528 42 EU 28820368 43 NA 48067448 44 EU 149164968 45 EU 16777216 
10 HIDDEN_BRANCH 4 NA 41636560 46 NA 13480656 47 EU 149164968 48 NA 41636560 49 EU 54222072 
11 HIDDEN_CHAIN 5 EU 149164968 50 EU 149164968 51 EU 16777216 52 EU 4096000 53 EU 149164968 
12 HIDDEN_CHAIN 6 EU 48375432 54 EU 55892616 55 EU 16777216 56 EU 56255160 57 EU 55892616 
13 HIDDEN_CHAIN 7 EU 6296704 58 EU 54222072 59 EU 149164968 60 EU 55892616 61 EU 54222072 
14 HIDDEN_CHAIN 8 EU 56255160 62 EU 28672000 63 EU 48375432 64 NA 66605352 65 EU 28672000 
15 HIDDEN_CHAIN 9 NA 24371136 66 EU 176160768 67 EU 16777216 68 EU 56255160 69 NA 66605352 
16 HIDDEN_CHAIN 10 EU 2457600 70 EU 48375432 71 EU 56255160 72 EU 176160768 73 NA 1605632 
17 HIDDEN_CHAIN 11 EU 149164968 74 EU 28672000 75 EU 34292528 76 NA 24371136 77 EU 149164968 
18 HIDDEN_CHAIN 12 EU 34292528 78 EU 48375432 79 EU 54222072 80 EU 149164968 81 EU 176160768 
19 HIDDEN_CHAIN 13 EU 54222072 82 EU 54222072 83 EU 149164968 84 NA 66605352 85 EU 43927184 
20 HIDDEN_CHAIN 14 EU 11591680 86 EU 56255160 87 EU 176160768 88 NA 41636560 89 EU 56255160 
21 HIDDEN_CHAIN 15 NA 66605352 90 NA 24371136 91 EU 54222072 92 EU 149164968 93 EU 176160768 
22 HIDDEN_CHAIN 16 NA 48067448 94 NA 3391304 95 EU 149164968 96 NA 66605352 97 EU 176160768 
23 HIDDEN_CHAIN 17 EU 56255160 98 EU 149164968 99 NA 66605352 100 EU 54222072 101 EU 149164968 
24 HIDDEN_CHAIN 18 EU 34292528 102 NA 24371136 103 EU 2048000 104 EU 149164968 105 EU 176160768 
25 HIDDEN_CHAIN 19 NA 48067448 106 NA 13480656 107 EU 11591680 108 EU 19660800 109 EU 54222072 
26 HIDDEN_CHAIN 20 EU 11591680 110 EU 56255160 111 EU 28820368 112 EU 34292528 113 EU 149164968 
27 HIDDEN_CHAIN 21 NA 66605352 114 NA 41636560 115 EU 54222072 116 EU 149164968 117 NA 41636560 
28 HIDDEN_CHAIN 22 NA 8388608 118 EU 54222072 119 EU 11591680 120 EU 48375432 121 NA 48067448 
29 HIDDEN_CHAIN 23 EU 56255160 122 EU 28672000 123 NA 66605352 124 NA 48067448 125 EU 11591680 
30 HIDDEN_CHAIN 24 EU 19660800 126 EU 34292528 127 NA 24371136 128 EU 149164968 129 NA 66605352 
31 HIDDEN_CHAIN 25 EU 12288000 130 EU 43927184 131 EU 56255160 132 EU 55892616 133 EU 54222072 
32 HIDDEN_CHAIN 26 EU 28672000 134 EU 56255160 135 EU 28820368 136 EU 54222072 137 EU 149164968 
33 HIDDEN_CHAIN 27 EU 176160768 138 EU 34292528 139 EU 54222072 140 EU 149164968 141 EU 55892616 
34 HIDDEN_CHAIN 28 EU 54222072 142 EU 43927184 143 EU 56255160 144 NA 66605352 145 EU 2048000 
35 HIDDEN_CHAIN 29 EU 149164968 146 EU 28672000 147 EU 16777216 148 EU 43927184 149 EU 149164968 
