0 BRANCH 0 NA 41636560 1 EU 2048000 2 EU 149164968 3 EU 16777216 4 NA 8044008 
1 CHAIN 0 NA 41636560 5 EU 56255160 6 EU 176160768 7 NA 9216000 8 EU 149164968 9 NA 66605352 
2 CHAIN 1 EU 2048000 10 EU 5898240 11 EU 149164968 12 EU 48375432 13 NA 48067448 14 EU 56255160 
3 CHAIN 2 EU 149164968 15 EU 48375432 16 NA 48067448 17 EU 56255160 18 NA 66605352 19 NA 48067448 
4 CHAIN 3 EU 16777216 20 EU 56255160 21 NA 66605352 22 EU 176160768 23 EU 28672000 24 NA 41636560 
5 CHAIN 4 NA 8044008 25 NA 48067448 26 EU 149164968 27 EU 176160768 28 NA 48067448 29 EU 149164968 
6 HIDDEN_BRANCH 0 NA 41636560 30 EU 28820368 31 EU 54222072 32 EU 11591680 33 EU 28820368 
7 HIDDEN_BRANCH 1 EU 2048000 34 EU 55892616 35 EU 56255160 36 EU 176160768 37 EU 19660800 
8 HIDDEN_BRANCH 2 EU 149164968 38 EU 149164968 39 EU 48375432 40 EU 54222072 41 EU 56255160 
9 HIDDEN_BRANCH 3 EU 16777216 42 EU 48375432 43 NA 48067448 44 EU 56255160 45 EU 28820368 
10 HIDDEN_BRANCH 4 NA 8044008 46 NA 8388608 47 EU 149164968 48 NA 41636560 49 NA 8044008 
11 HIDDEN_CHAIN 5 EU 56255160 50 EU 149164968 51 EU 48375432 52 EU 28820368 53 EU 28672000 
12 HIDDEN_CHAIN 6 EU 176160768 54 EU 48375432 55 NA 24371136 56 EU 11591680 57 EU 16777216 
13 HIDDEN_CHAIN 7 NA 9216000 58 NA 9216000 59 EU 149164968 60 EU 55892616 61 NA 4194304 
14 HIDDEN_CHAIN 8 EU 149164968 62 EU 149164968 63 EU 55892616 64 NA 48067448 65 EU 28672000 
15 HIDDEN_CHAIN 9 NA 66605352 66 NA 66605352 67 EU 19660800 68 EU 11591680 69 EU 16777216 
16 HIDDEN_CHAIN 10 EU 5898240 70 EU 176160768 71 EU 2097152 72 NA 41636560 73 NA 4194304 
17 HIDDEN_CHAIN 11 EU 149164968 74 EU 56255160 75 EU 176160768 76 NA 4194304 77 EU 149164968 
18 HIDDEN_CHAIN 12 EU 48375432 78 EU 16777216 79 EU 12288000 80 EU 149164968 81 EU 34292528 
19 HIDDEN_CHAIN 13 NA 48067448 82 EU 43927184 83 EU 56255160 84 NA 66605352 85 NA 41636560 
20 HIDDEN_CHAIN 14 EU 56255160 86 EU 56255160 87 NA 41636560 88 NA 48067448 89 EU 11591680 
21 HIDDEN_CHAIN 15 EU 48375432 90 NA 24371136 91 NA 66605352 92 EU 28672000 93 EU 34292528 
22 HIDDEN_CHAIN 16 NA 48067448 94 EU 8192000 95 EU 56255160 96 EU 176160768 97 NA 9216000 
23 HIDDEN_CHAIN 17 EU 56255160 98 EU 149164968 99 EU 28820368 100 EU 176160768 101 EU 11591680 
24 HIDDEN_CHAIN 18 NA 66605352 102 NA 24371136 103 EU 43927184 104 EU 149164968 105 EU 19660800 
25 HIDDEN_CHAIN 19 NA 48067448 106 EU 176160768 107 EU 2097152 108 EU 16777216 109 NA 48067448 
26 HIDDEN_CHAIN 20 EU 56255160 110 EU 56255160 111 NA 66605352 112 EU 176160768 113 EU 149164968 
27 HIDDEN_CHAIN 21 NA 66605352 114 EU 176160768 115 EU 1638400 116 EU 149164968 117 EU 34292528 
28 HIDDEN_CHAIN 22 EU 176160768 118 NA 66605352 119 EU 149164968 120 NA 66605352 121 NA 41636560 
29 HIDDEN_CHAIN 23 EU 28672000 122 EU 56255160 123 EU 176160768 124 EU 54222072 125 EU 11591680 
30 HIDDEN_CHAIN 24 NA 41636560 126 EU 176160768 127 EU 6296704 128 EU 149164968 129 EU 176160768 
31 HIDDEN_CHAIN 25 NA 48067448 130 EU 12288000 131 EU 149164968 132 NA 41636560 133 EU 54222072 
32 HIDDEN_CHAIN 26 EU 149164968 134 EU 149164968 135 EU 176160768 136 EU 54222072 137 EU 149164968 
33 HIDDEN_CHAIN 27 EU 176160768 138 NA 24371136 139 EU 54222072 140 EU 149164968 141 NA 41636560 
34 HIDDEN_CHAIN 28 NA 48067448 142 EU 6296704 143 EU 28672000 144 EU 34292528 145 EU 28820368 
35 HIDDEN_CHAIN 29 EU 149164968 146 EU 56255160 147 EU 55892616 148 EU 54222072 149 EU 11591680 
