0 BRANCH 0 EU 48375432 1 NA 24371136 2 EU 149164968 3 NA 24371136 4 EU 176160768 
1 CHAIN 0 EU 48375432 5 EU 149164968 6 EU 34292528 7 EU 6296704 8 EU 11591680 9 NA 41636560 
2 CHAIN 1 NA 24371136 10 EU 54222072 11 EU 56255160 12 EU 16777216 13 NA 9216000 14 EU 28672000 
3 CHAIN 2 EU 149164968 15 EU 48375432 16 EU 54222072 17 EU 56255160 18 NA 41636560 19 EU 54222072 
4 CHAIN 3 NA 24371136 20 EU 149164968 21 EU 176160768 22 EU 43927184 23 EU 56255160 24 EU 28820368 
5 CHAIN 4 EU 176160768 25 NA 66605352 26 EU 149164968 27 EU 34292528 28 EU 48375432 29 EU 28672000 
6 HIDDEN_BRANCH 0 EU 48375432 30 EU 48375432 31 EU 176160768 32 EU 149164968 33 EU 28820368 
7 HIDDEN_BRANCH 1 NA 24371136 34 EU 2048000 35 EU 56255160 36 EU 48375432 37 EU 43927184 
8 HIDDEN_BRANCH 2 EU 149164968 38 EU 56255160 39 EU 55892616 40 NA 9216000 41 EU 149164968 
9 HIDDEN_BRANCH 3 NA 24371136 42 NA 66605352 43 EU 4096000 44 EU 149164968 45 EU 48375432 
10 HIDDEN_BRANCH 4 EU 176160768 46 EU 54222072 47 EU 149164968 48 EU 34292528 49 NA 8388608 
11 HIDDEN_CHAIN 5 EU 149164968 50 EU 149164968 51 NA 41636560 52 NA 48067448 53 EU 56255160 
12 HIDDEN_CHAIN 6 EU 34292528 54 EU 48375432 55 EU 176160768 56 EU 56255160 57 NA 24371136 
13 HIDDEN_CHAIN 7 EU 6296704 58 EU 43927184 59 EU 149164968 60 NA 41636560 61 EU 34292528 
14 HIDDEN_CHAIN 8 EU 11591680 62 EU 149164968 63 EU 176160768 64 EU 3178584 65 EU 149164968 
15 HIDDEN_CHAIN 9 NA 41636560 66 NA 24371136 67 NA 5079504 68 EU 28672000 69 EU 19660800 
16 HIDDEN_CHAIN 10 EU 54222072 70 EU 34292528 71 EU 149164968 72 EU 28820368 73 EU 43927184 
17 HIDDEN_CHAIN 11 EU 56255160 74 EU 11591680 75 EU 34292528 76 EU 54222072 77 EU 149164968 
18 HIDDEN_CHAIN 12 EU 16777216 78 EU 34292528 79 EU 48375432 80 EU 149164968 81 EU 176160768 
19 HIDDEN_CHAIN 13 NA 9216000 82 NA 48067448 83 EU 11591680 84 EU 55892616 85 EU 2457600 
20 HIDDEN_CHAIN 14 EU 28672000 86 EU 28672000 87 EU 34292528 88 EU 6296704 89 EU 11591680 
21 HIDDEN_CHAIN 15 EU 48375432 90 NA 66605352 91 NA 48067448 92 EU 149164968 93 NA 66605352 
22 HIDDEN_CHAIN 16 EU 54222072 94 EU 43927184 95 EU 149164968 96 EU 34292528 97 EU 2129920 
23 HIDDEN_CHAIN 17 EU 56255160 98 EU 28672000 99 NA 66605352 100 NA 4194304 101 EU 56255160 
24 HIDDEN_CHAIN 18 NA 41636560 102 NA 24371136 103 EU 16777216 104 EU 56255160 105 NA 66605352 
25 HIDDEN_CHAIN 19 EU 54222072 106 NA 13480656 107 EU 149164968 108 NA 24371136 109 EU 19660800 
26 HIDDEN_CHAIN 20 EU 149164968 110 EU 149164968 111 NA 66605352 112 NA 48067448 113 EU 149164968 
27 HIDDEN_CHAIN 21 EU 176160768 114 EU 48375432 115 EU 54222072 116 EU 56255160 117 EU 48375432 
28 HIDDEN_CHAIN 22 EU 43927184 118 NA 48067448 119 EU 56255160 120 EU 176160768 121 NA 8044008 
29 HIDDEN_CHAIN 23 EU 56255160 122 EU 56255160 123 EU 28820368 124 EU 5898240 125 EU 28672000 
30 HIDDEN_CHAIN 24 EU 28820368 126 NA 66605352 127 NA 8388608 128 EU 149164968 129 EU 28820368 
31 HIDDEN_CHAIN 25 NA 66605352 130 EU 43927184 131 EU 149164968 132 NA 41636560 133 NA 66605352 
32 HIDDEN_CHAIN 26 EU 149164968 134 EU 28672000 135 EU 34292528 136 NA 8388608 137 EU 28672000 
33 HIDDEN_CHAIN 27 EU 34292528 138 NA 41636560 139 NA 48067448 140 EU 149164968 141 EU 55892616 
34 HIDDEN_CHAIN 28 EU 48375432 142 NA 48067448 143 NA 819200 144 EU 48375432 145 EU 28820368 
35 HIDDEN_CHAIN 29 EU 28672000 146 EU 28672000 147 EU 176160768 148 EU 43927184 149 EU 28672000 
