0 BRANCH 0 EU 55892616 1 NA 9216000 2 EU 149164968 3 NA 41636560 4 EU 34292528 
1 CHAIN 0 EU 55892616 5 EU 28672000 6 NA 66605352 7 NA 13480656 8 EU 56255160 9 NA 66605352 
2 CHAIN 1 NA 9216000 10 NA 48067448 11 EU 28672000 12 NA 66605352 13 EU 16777216 14 EU 149164968 
3 CHAIN 2 EU 149164968 15 EU 48375432 16 EU 43927184 17 EU 149164968 18 EU 176160768 19 EU 1638400 
4 CHAIN 3 NA 41636560 20 EU 149164968 21 EU 28820368 22 EU 8192000 23 EU 149164968 24 EU 34292528 
5 CHAIN 4 EU 34292528 25 NA 66605352 26 EU 56255160 27 NA 24371136 28 EU 19660800 29 EU 56255160 
6 HIDDEN_BRANCH 0 EU 55892616 30 NA 41636560 31 NA 8388608 32 EU 149164968 33 NA 24371136 
7 HIDDEN_BRANCH 1 NA 9216000 34 EU 8192000 35 EU 56255160 36 EU 48375432 37 EU 43927184 
8 HIDDEN_BRANCH 2 EU 149164968 38 EU 56255160 39 EU 176160768 40 NA 48067448 41 EU 149164968 
9 HIDDEN_BRANCH 3 NA 41636560 42 NA 66605352 43 EU 8192000 44 EU 56255160 45 NA 24371136 
10 HIDDEN_BRANCH 4 EU 34292528 46 NA 9216000 47 EU 56255160 48 NA 41636560 49 EU 43927184 
11 HIDDEN_CHAIN 5 EU 28672000 50 EU 56255160 51 NA 66605352 52 EU 4096000 53 EU 149164968 
12 HIDDEN_CHAIN 6 NA 66605352 54 EU 48375432 55 EU 54222072 56 EU 28672000 57 EU 55892616 
13 HIDDEN_CHAIN 7 NA 13480656 58 EU 48375432 59 EU 149164968 60 EU 48375432 61 NA 13480656 
14 HIDDEN_CHAIN 8 EU 56255160 62 EU 56255160 63 EU 34292528 64 NA 66605352 65 EU 149164968 
15 HIDDEN_CHAIN 9 NA 66605352 66 NA 66605352 67 EU 19660800 68 EU 11591680 69 NA 66605352 
16 HIDDEN_CHAIN 10 NA 48067448 70 EU 4096000 71 EU 149164968 72 EU 16777216 73 EU 4096000 
17 HIDDEN_CHAIN 11 EU 28672000 74 EU 56255160 75 EU 55892616 76 EU 34292528 77 EU 56255160 
18 HIDDEN_CHAIN 12 NA 66605352 78 EU 55892616 79 EU 54222072 80 EU 149164968 81 EU 16777216 
19 HIDDEN_CHAIN 13 EU 16777216 82 NA 9216000 83 EU 56255160 84 EU 34292528 85 EU 54222072 
20 HIDDEN_CHAIN 14 EU 149164968 86 EU 56255160 87 NA 66605352 88 NA 8388608 89 EU 56255160 
21 HIDDEN_CHAIN 15 EU 48375432 90 EU 28820368 91 NA 66605352 92 EU 56255160 93 NA 66605352 
22 HIDDEN_CHAIN 16 EU 43927184 94 EU 54222072 95 EU 149164968 96 EU 55892616 97 NA 48067448 
23 HIDDEN_CHAIN 17 EU 149164968 98 EU 149164968 99 NA 41636560 100 NA 9216000 101 EU 149164968 
24 HIDDEN_CHAIN 18 EU 176160768 102 NA 66605352 103 EU 43927184 104 EU 28672000 105 EU 48375432 
25 HIDDEN_CHAIN 19 EU 1638400 106 EU 54222072 107 EU 28672000 108 EU 48375432 109 EU 3178584 
26 HIDDEN_CHAIN 20 EU 149164968 110 EU 149164968 111 EU 19660800 112 NA 48067448 113 EU 28672000 
27 HIDDEN_CHAIN 21 EU 28820368 114 NA 24371136 115 NA 13480656 116 EU 149164968 117 EU 16777216 
28 HIDDEN_CHAIN 22 EU 8192000 118 EU 43927184 119 EU 149164968 120 EU 48375432 121 EU 43927184 
29 HIDDEN_CHAIN 23 EU 149164968 122 EU 28672000 123 NA 41636560 124 NA 48067448 125 EU 149164968 
30 HIDDEN_CHAIN 24 EU 34292528 126 EU 19660800 127 EU 54222072 128 EU 149164968 129 EU 55892616 
31 HIDDEN_CHAIN 25 NA 66605352 130 NA 48067448 131 EU 149164968 132 EU 176160768 133 EU 34292528 
32 HIDDEN_CHAIN 26 EU 56255160 134 EU 56255160 135 EU 48375432 136 EU 55892616 137 EU 28672000 
33 HIDDEN_CHAIN 27 NA 24371136 138 EU 19660800 139 NA 48067448 140 EU 149164968 141 EU 48375432 
34 HIDDEN_CHAIN 28 EU 19660800 142 EU 176160768 143 EU 149164968 144 EU 48375432 145 EU 8192000 
35 HIDDEN_CHAIN 29 EU 56255160 146 EU 149164968 147 EU 176160768 148 NA 24371136 149 EU 56255160 
