0 BRANCH 0 EU 34292528 1 EU 2048000 2 EU 149164968 3 NA 66605352 4 EU 54222072 
1 CHAIN 0 EU 34292528 5 EU 149164968 6 NA 66605352 7 EU 54222072 8 EU 56255160 9 NA 24371136 
2 CHAIN 1 EU 2048000 10 NA 5079504 11 EU 149164968 12 EU 176160768 13 EU 6296704 14 EU 56255160 
3 CHAIN 2 EU 149164968 15 EU 28820368 16 EU 43927184 17 EU 149164968 18 NA 66605352 19 EU 43927184 
4 CHAIN 3 NA 66605352 20 EU 149164968 21 EU 55892616 22 EU 43927184 23 EU 28672000 24 EU 48375432 
5 CHAIN 4 EU 54222072 25 EU 12288000 26 EU 149164968 27 EU 176160768 28 EU 12288000 29 EU 56255160 
6 HIDDEN_BRANCH 0 EU 34292528 30 NA 41636560 31 NA 66605352 32 EU 149164968 33 EU 55892616 
7 HIDDEN_BRANCH 1 EU 2048000 34 NA 8388608 35 EU 28672000 36 EU 19660800 37 EU 55892616 
8 HIDDEN_BRANCH 2 EU 149164968 38 EU 56255160 39 EU 55892616 40 EU 43927184 41 EU 149164968 
9 HIDDEN_BRANCH 3 NA 66605352 42 EU 176160768 43 EU 16777216 44 EU 149164968 45 EU 34292528 
10 HIDDEN_BRANCH 4 EU 54222072 46 EU 54222072 47 EU 149164968 48 EU 55892616 49 EU 43927184 
11 HIDDEN_CHAIN 5 EU 149164968 50 EU 149164968 51 EU 55892616 52 EU 3178584 53 EU 56255160 
12 HIDDEN_CHAIN 6 NA 66605352 54 NA 24371136 55 NA 66605352 56 EU 56255160 57 EU 176160768 
13 HIDDEN_CHAIN 7 EU 54222072 58 EU 48375432 59 EU 56255160 60 EU 176160768 61 EU 6296704 
14 HIDDEN_CHAIN 8 EU 56255160 62 EU 28672000 63 EU 176160768 64 EU 43927184 65 EU 149164968 
15 HIDDEN_CHAIN 9 NA 24371136 66 EU 48375432 67 NA 8388608 68 EU 149164968 69 EU 34292528 
16 HIDDEN_CHAIN 10 NA 5079504 70 NA 41636560 71 EU 28672000 72 NA 41636560 73 NA 8044008 
17 HIDDEN_CHAIN 11 EU 149164968 74 EU 28672000 75 EU 176160768 76 EU 54222072 77 EU 149164968 
18 HIDDEN_CHAIN 12 EU 176160768 78 NA 41636560 79 NA 48067448 80 EU 56255160 81 EU 28820368 
19 HIDDEN_CHAIN 13 EU 6296704 82 EU 43927184 83 EU 149164968 84 EU 34292528 85 NA 8044008 
20 HIDDEN_CHAIN 14 EU 56255160 86 EU 149164968 87 NA 41636560 88 NA 48067448 89 EU 149164968 
21 HIDDEN_CHAIN 15 EU 28820368 90 NA 24371136 91 NA 13480656 92 EU 149164968 93 NA 66605352 
22 HIDDEN_CHAIN 16 EU 43927184 94 EU 19660800 95 EU 28672000 96 EU 48375432 97 EU 43927184 
23 HIDDEN_CHAIN 17 EU 149164968 98 EU 28672000 99 EU 176160768 100 EU 54222072 101 EU 149164968 
24 HIDDEN_CHAIN 18 NA 66605352 102 EU 176160768 103 NA 8388608 104 EU 149164968 105 EU 19660800 
25 HIDDEN_CHAIN 19 EU 43927184 106 NA 48067448 107 EU 56255160 108 EU 176160768 109 EU 8192000 
26 HIDDEN_CHAIN 20 EU 149164968 110 EU 149164968 111 NA 24371136 112 NA 9216000 113 EU 149164968 
27 HIDDEN_CHAIN 21 EU 55892616 114 EU 55892616 115 EU 48375432 116 EU 11591680 117 EU 19660800 
28 HIDDEN_CHAIN 22 EU 43927184 118 EU 43927184 119 EU 28672000 120 NA 41636560 121 NA 48067448 
29 HIDDEN_CHAIN 23 EU 28672000 122 EU 11591680 123 NA 41636560 124 EU 12288000 125 EU 56255160 
30 HIDDEN_CHAIN 24 EU 48375432 126 EU 48375432 127 EU 43927184 128 EU 149164968 129 NA 24371136 
31 HIDDEN_CHAIN 25 EU 12288000 130 NA 48067448 131 EU 149164968 132 EU 16777216 133 EU 54222072 
32 HIDDEN_CHAIN 26 EU 149164968 134 EU 56255160 135 EU 28820368 136 NA 9216000 137 EU 2097152 
33 HIDDEN_CHAIN 27 EU 176160768 138 EU 176160768 139 NA 24371136 140 EU 56255160 141 EU 48375432 
34 HIDDEN_CHAIN 28 EU 12288000 142 EU 176160768 143 EU 149164968 144 NA 66605352 145 EU 43927184 
35 HIDDEN_CHAIN 29 EU 56255160 146 EU 149164968 147 NA 66605352 148 EU 54222072 149 EU 149164968 
