0 BRANCH 0 EU 34292528 1 NA 24371136 2 EU 149164968 3 NA 66605352 4 NA 13480656 
1 CHAIN 0 EU 34292528 5 EU 149164968 6 NA 41636560 7 NA 5079504 8 EU 28672000 9 NA 66605352 
2 CHAIN 1 NA 24371136 10 EU 54222072 11 EU 149164968 12 EU 176160768 13 NA 24371136 14 EU 56255160 
3 CHAIN 2 EU 149164968 15 EU 176160768 16 EU 54222072 17 EU 28672000 18 NA 66605352 19 EU 12288000 
4 CHAIN 3 NA 66605352 20 EU 149164968 21 NA 41636560 22 EU 3178584 23 EU 56255160 24 NA 66605352 
5 CHAIN 4 NA 13480656 25 NA 24371136 26 EU 56255160 27 EU 16777216 28 NA 8388608 29 EU 56255160 
6 HIDDEN_BRANCH 0 EU 34292528 30 EU 28820368 31 NA 4194304 32 EU 56255160 33 EU 19660800 
7 HIDDEN_BRANCH 1 NA 24371136 34 EU 2129920 35 EU 149164968 36 EU 48375432 37 EU 43927184 
8 HIDDEN_BRANCH 2 EU 149164968 38 EU 2097152 39 EU 176160768 40 EU 54222072 41 EU 149164968 
9 HIDDEN_BRANCH 3 NA 66605352 42 NA 24371136 43 EU 55892616 44 EU 28672000 45 NA 66605352 
10 HIDDEN_BRANCH 4 NA 13480656 46 EU 34292528 47 EU 56255160 48 EU 48375432 49 NA 48067448 
11 HIDDEN_CHAIN 5 EU 149164968 50 EU 56255160 51 NA 66605352 52 EU 54222072 53 EU 2097152 
12 HIDDEN_CHAIN 6 NA 41636560 54 EU 34292528 55 NA 13480656 56 EU 56255160 57 EU 48375432 
13 HIDDEN_CHAIN 7 NA 5079504 58 NA 24371136 59 EU 149164968 60 EU 19660800 61 NA 5079504 
14 HIDDEN_CHAIN 8 EU 28672000 62 EU 149164968 63 EU 55892616 64 EU 54222072 65 EU 28672000 
15 HIDDEN_CHAIN 9 NA 66605352 66 NA 66605352 67 EU 48375432 68 EU 56255160 69 NA 41636560 
16 HIDDEN_CHAIN 10 EU 54222072 70 EU 4096000 71 EU 56255160 72 NA 41636560 73 NA 48067448 
17 HIDDEN_CHAIN 11 EU 149164968 74 EU 149164968 75 NA 41636560 76 NA 13480656 77 EU 28672000 
18 HIDDEN_CHAIN 12 EU 176160768 78 NA 41636560 79 EU 54222072 80 EU 149164968 81 EU 48375432 
19 HIDDEN_CHAIN 13 NA 24371136 82 NA 48067448 83 EU 149164968 84 EU 176160768 85 EU 54222072 
20 HIDDEN_CHAIN 14 EU 56255160 86 EU 149164968 87 EU 19660800 88 NA 13480656 89 EU 56255160 
21 HIDDEN_CHAIN 15 EU 176160768 90 EU 48375432 91 EU 43927184 92 EU 56255160 93 EU 48375432 
22 HIDDEN_CHAIN 16 EU 54222072 94 EU 176160768 95 EU 56255160 96 EU 176160768 97 NA 24371136 
23 HIDDEN_CHAIN 17 EU 28672000 98 EU 149164968 99 EU 48375432 100 NA 9216000 101 EU 149164968 
24 HIDDEN_CHAIN 18 NA 66605352 102 EU 176160768 103 EU 8192000 104 EU 56255160 105 EU 34292528 
25 HIDDEN_CHAIN 19 EU 12288000 106 NA 8044008 107 EU 56255160 108 EU 34292528 109 EU 43927184 
26 HIDDEN_CHAIN 20 EU 149164968 110 EU 28672000 111 NA 66605352 112 NA 48067448 113 EU 28672000 
27 HIDDEN_CHAIN 21 NA 41636560 114 NA 24371136 115 NA 8044008 116 EU 149164968 117 NA 66605352 
28 HIDDEN_CHAIN 22 EU 3178584 118 EU 19660800 119 EU 56255160 120 EU 28820368 121 EU 4096000 
29 HIDDEN_CHAIN 23 EU 56255160 122 EU 56255160 123 EU 19660800 124 EU 43927184 125 EU 149164968 
30 HIDDEN_CHAIN 24 NA 66605352 126 EU 28820368 127 EU 54222072 128 EU 149164968 129 EU 176160768 
31 HIDDEN_CHAIN 25 NA 24371136 130 NA 13480656 131 EU 56255160 132 EU 176160768 133 EU 28820368 
32 HIDDEN_CHAIN 26 EU 56255160 134 EU 56255160 135 EU 16777216 136 EU 54222072 137 EU 149164968 
33 HIDDEN_CHAIN 27 EU 16777216 138 EU 28820368 139 EU 176160768 140 EU 56255160 141 EU 19660800 
34 HIDDEN_CHAIN 28 NA 8388608 142 NA 8044008 143 EU 56255160 144 EU 34292528 145 NA 13480656 
35 HIDDEN_CHAIN 29 EU 56255160 146 EU 149164968 147 EU 176160768 148 EU 54222072 149 EU 28672000 
